Field           = 6.000000E+03 V/cm
Carrier density = 1.389000E+20 cm^-3
dE              = 0.000320 eV

Energy (eV)  Prob. Density (eV^-1)  Prob. Density (cm^-3 eV^-1)
   0.000000               0.000000             0.0000000000E+00
   0.000320               0.312500             4.3406250000E+19
   0.000640               1.250000             1.7362500000E+20
   0.000960               1.250000             1.7362500000E+20
   0.001280               3.125000             4.3406250000E+20
   0.001600               5.000000             6.9450000000E+20
   0.001920               9.062500             1.2587812500E+21
   0.002240               8.437500             1.1719687500E+21
   0.002560               9.687500             1.3455937500E+21
   0.002880               9.375000             1.3021875000E+21
   0.003200              10.312500             1.4324062500E+21
   0.003520              15.625000             2.1703125000E+21
   0.003840              13.750000             1.9098750000E+21
   0.004160              10.937500             1.5192187500E+21
   0.004480               8.437500             1.1719687500E+21
   0.004800              15.937500             2.2137187500E+21
   0.005120              14.062500             1.9532812500E+21
   0.005440              18.750000             2.6043750000E+21
   0.005760              13.125000             1.8230625000E+21
   0.006080              18.437500             2.5609687500E+21
   0.006400              11.562500             1.6060312500E+21
   0.006720              14.375000             1.9966875000E+21
   0.007040              20.937500             2.9082187500E+21
   0.007360              12.812500             1.7796562500E+21
   0.007680              13.437500             1.8664687500E+21
   0.008000              18.437500             2.5609687500E+21
   0.008320              11.875000             1.6494375000E+21
   0.008640              17.812500             2.4741562500E+21
   0.008960              15.312500             2.1269062500E+21
   0.009280              16.562500             2.3005312500E+21
   0.009600              13.437500             1.8664687500E+21
   0.009920              19.062500             2.6477812500E+21
   0.010240              18.750000             2.6043750000E+21
   0.010560              17.812500             2.4741562500E+21
   0.010880              19.062500             2.6477812500E+21
   0.011200              13.125000             1.8230625000E+21
   0.011520              16.250000             2.2571250000E+21
   0.011840              13.125000             1.8230625000E+21
   0.012160              15.937500             2.2137187500E+21
   0.012480              14.375000             1.9966875000E+21
   0.012800              18.125000             2.5175625000E+21
   0.013120              16.875000             2.3439375000E+21
   0.013440              16.250000             2.2571250000E+21
   0.013760              14.375000             1.9966875000E+21
   0.014080              16.562500             2.3005312500E+21
   0.014400              16.875000             2.3439375000E+21
   0.014720              17.812500             2.4741562500E+21
   0.015040              18.125000             2.5175625000E+21
   0.015360              20.000000             2.7780000000E+21
   0.015680              12.500000             1.7362500000E+21
   0.016000              19.375000             2.6911875000E+21
   0.016320              21.562500             2.9950312500E+21
   0.016640              17.500000             2.4307500000E+21
   0.016960              12.500000             1.7362500000E+21
   0.017280              15.937500             2.2137187500E+21
   0.017600              18.750000             2.6043750000E+21
   0.017920              18.750000             2.6043750000E+21
   0.018240              18.750000             2.6043750000E+21
   0.018560              17.500000             2.4307500000E+21
   0.018880              17.500000             2.4307500000E+21
   0.019200              18.437500             2.5609687500E+21
   0.019520              14.687500             2.0400937500E+21
   0.019840              18.437500             2.5609687500E+21
   0.020160              18.437500             2.5609687500E+21
   0.020480              16.562500             2.3005312500E+21
   0.020800              19.375000             2.6911875000E+21
   0.021120              17.187500             2.3873437500E+21
   0.021440              23.437500             3.2554687500E+21
   0.021760              18.125000             2.5175625000E+21
   0.022080              14.687500             2.0400937500E+21
   0.022400              24.375000             3.3856875000E+21
   0.022720              16.875000             2.3439375000E+21
   0.023040              16.562500             2.3005312500E+21
   0.023360              17.812500             2.4741562500E+21
   0.023680              24.687500             3.4290937500E+21
   0.024000              18.125000             2.5175625000E+21
   0.024320              14.687500             2.0400937500E+21
   0.024640              14.375000             1.9966875000E+21
   0.024960              15.937500             2.2137187500E+21
   0.025280              15.625000             2.1703125000E+21
   0.025600              17.812500             2.4741562500E+21
   0.025920              17.187500             2.3873437500E+21
   0.026240              12.812500             1.7796562500E+21
   0.026560              14.687500             2.0400937500E+21
   0.026880              15.625000             2.1703125000E+21
   0.027200              17.187500             2.3873437500E+21
   0.027520              21.875000             3.0384375000E+21
   0.027840              16.562500             2.3005312500E+21
   0.028160              14.687500             2.0400937500E+21
   0.028480              16.562500             2.3005312500E+21
   0.028800              12.187500             1.6928437500E+21
   0.029120              15.000000             2.0835000000E+21
   0.029440              17.187500             2.3873437500E+21
   0.029760              15.937500             2.2137187500E+21
   0.030080              12.500000             1.7362500000E+21
   0.030400              15.312500             2.1269062500E+21
   0.030720              15.937500             2.2137187500E+21
   0.031040              12.187500             1.6928437500E+21
   0.031360              15.312500             2.1269062500E+21
   0.031680              13.125000             1.8230625000E+21
   0.032000              17.187500             2.3873437500E+21
   0.032320              16.562500             2.3005312500E+21
   0.032640              15.000000             2.0835000000E+21
   0.032960              10.312500             1.4324062500E+21
   0.033280              12.500000             1.7362500000E+21
   0.033600              13.125000             1.8230625000E+21
   0.033920              14.375000             1.9966875000E+21
   0.034240              15.000000             2.0835000000E+21
   0.034560              19.375000             2.6911875000E+21
   0.034880              16.875000             2.3439375000E+21
   0.035200              15.000000             2.0835000000E+21
   0.035520              15.000000             2.0835000000E+21
   0.035840              13.437500             1.8664687500E+21
   0.036160              10.000000             1.3890000000E+21
   0.036480              12.812500             1.7796562500E+21
   0.036800              14.375000             1.9966875000E+21
   0.037120              16.250000             2.2571250000E+21
   0.037440              14.687500             2.0400937500E+21
   0.037760              12.500000             1.7362500000E+21
   0.038080              12.812500             1.7796562500E+21
   0.038400              10.625000             1.4758125000E+21
   0.038720              10.937500             1.5192187500E+21
   0.039040              11.562500             1.6060312500E+21
   0.039360              11.875000             1.6494375000E+21
   0.039680              12.812500             1.7796562500E+21
   0.040000              15.937500             2.2137187500E+21
   0.040320              16.562500             2.3005312500E+21
   0.040640              15.625000             2.1703125000E+21
   0.040960              12.812500             1.7796562500E+21
   0.041280              15.937500             2.2137187500E+21
   0.041600              10.937500             1.5192187500E+21
   0.041920              15.000000             2.0835000000E+21
   0.042240              13.437500             1.8664687500E+21
   0.042560               9.687500             1.3455937500E+21
   0.042880              13.125000             1.8230625000E+21
   0.043200              11.562500             1.6060312500E+21
   0.043520              10.312500             1.4324062500E+21
   0.043840               7.187500             9.9834375000E+20
   0.044160              13.125000             1.8230625000E+21
   0.044480               7.812500             1.0851562500E+21
   0.044800              10.625000             1.4758125000E+21
   0.045120              11.875000             1.6494375000E+21
   0.045440               9.687500             1.3455937500E+21
   0.045760               9.375000             1.3021875000E+21
   0.046080               8.437500             1.1719687500E+21
   0.046400              11.250000             1.5626250000E+21
   0.046720              10.000000             1.3890000000E+21
   0.047040              13.125000             1.8230625000E+21
   0.047360              10.312500             1.4324062500E+21
   0.047680               8.750000             1.2153750000E+21
   0.048000              11.250000             1.5626250000E+21
   0.048320               7.812500             1.0851562500E+21
   0.048640               7.812500             1.0851562500E+21
   0.048960               8.750000             1.2153750000E+21
   0.049280               6.562500             9.1153125000E+20
   0.049600               9.062500             1.2587812500E+21
   0.049920               7.812500             1.0851562500E+21
   0.050240               7.187500             9.9834375000E+20
   0.050560               7.187500             9.9834375000E+20
   0.050880               6.875000             9.5493750000E+20
   0.051200               9.375000             1.3021875000E+21
   0.051520               9.687500             1.3455937500E+21
   0.051840               9.062500             1.2587812500E+21
   0.052160              12.500000             1.7362500000E+21
   0.052480               8.750000             1.2153750000E+21
   0.052800               8.750000             1.2153750000E+21
   0.053120              11.562500             1.6060312500E+21
   0.053440               7.500000             1.0417500000E+21
   0.053760              10.312500             1.4324062500E+21
   0.054080               7.500000             1.0417500000E+21
   0.054400               7.812500             1.0851562500E+21
   0.054720               8.437500             1.1719687500E+21
   0.055040               9.062500             1.2587812500E+21
   0.055360              12.500000             1.7362500000E+21
   0.055680               7.812500             1.0851562500E+21
   0.056000               9.375000             1.3021875000E+21
   0.056320               9.375000             1.3021875000E+21
   0.056640               7.500000             1.0417500000E+21
   0.056960               7.812500             1.0851562500E+21
   0.057280               9.687500             1.3455937500E+21
   0.057600               7.500000             1.0417500000E+21
   0.057920               8.125000             1.1285625000E+21
   0.058240               7.187500             9.9834375000E+20
   0.058560               7.812500             1.0851562500E+21
   0.058880               6.875000             9.5493750000E+20
   0.059200               9.375000             1.3021875000E+21
   0.059520               8.750000             1.2153750000E+21
   0.059840               7.500000             1.0417500000E+21
   0.060160               6.250000             8.6812500000E+20
   0.060480               7.500000             1.0417500000E+21
   0.060800               5.312500             7.3790625000E+20
   0.061120               7.500000             1.0417500000E+21
   0.061440               6.875000             9.5493750000E+20
   0.061760               5.937500             8.2471875000E+20
   0.062080               8.750000             1.2153750000E+21
   0.062400               5.625000             7.8131250000E+20
   0.062720              10.000000             1.3890000000E+21
   0.063040               4.375000             6.0768750000E+20
   0.063360               5.625000             7.8131250000E+20
   0.063680               6.562500             9.1153125000E+20
   0.064000               5.625000             7.8131250000E+20
   0.064320               7.500000             1.0417500000E+21
   0.064640               5.937500             8.2471875000E+20
   0.064960               5.937500             8.2471875000E+20
   0.065280               8.125000             1.1285625000E+21
   0.065600               4.062500             5.6428125000E+20
   0.065920               3.750000             5.2087500000E+20
   0.066240               3.437500             4.7746875000E+20
   0.066560               6.562500             9.1153125000E+20
   0.066880               5.625000             7.8131250000E+20
   0.067200               6.250000             8.6812500000E+20
   0.067520               7.500000             1.0417500000E+21
   0.067840               5.937500             8.2471875000E+20
   0.068160               6.875000             9.5493750000E+20
   0.068480               5.937500             8.2471875000E+20
   0.068800               4.687500             6.5109375000E+20
   0.069120               3.750000             5.2087500000E+20
   0.069440               5.312500             7.3790625000E+20
   0.069760               4.062500             5.6428125000E+20
   0.070080               1.562500             2.1703125000E+20
   0.070400               6.562500             9.1153125000E+20
   0.070720               6.562500             9.1153125000E+20
   0.071040               5.000000             6.9450000000E+20
   0.071360               6.875000             9.5493750000E+20
   0.071680               5.312500             7.3790625000E+20
   0.072000               4.687500             6.5109375000E+20
   0.072320               3.437500             4.7746875000E+20
   0.072640               5.937500             8.2471875000E+20
   0.072960               4.687500             6.5109375000E+20
   0.073280               4.375000             6.0768750000E+20
   0.073600               5.625000             7.8131250000E+20
   0.073920               3.750000             5.2087500000E+20
   0.074240               5.000000             6.9450000000E+20
   0.074560               6.562500             9.1153125000E+20
   0.074880               2.812500             3.9065625000E+20
   0.075200               6.562500             9.1153125000E+20
   0.075520               5.000000             6.9450000000E+20
   0.075840               6.562500             9.1153125000E+20
   0.076160               3.437500             4.7746875000E+20
   0.076480               3.437500             4.7746875000E+20
   0.076800               4.687500             6.5109375000E+20
   0.077120               4.687500             6.5109375000E+20
   0.077440               4.375000             6.0768750000E+20
   0.077760               2.187500             3.0384375000E+20
   0.078080               4.062500             5.6428125000E+20
   0.078400               2.812500             3.9065625000E+20
   0.078720               3.125000             4.3406250000E+20
   0.079040               3.437500             4.7746875000E+20
   0.079360               5.312500             7.3790625000E+20
   0.079680               4.687500             6.5109375000E+20
   0.080000               2.187500             3.0384375000E+20
   0.080320               4.687500             6.5109375000E+20
   0.080640               3.750000             5.2087500000E+20
   0.080960               5.312500             7.3790625000E+20
   0.081280               3.750000             5.2087500000E+20
   0.081600               2.812500             3.9065625000E+20
   0.081920               3.125000             4.3406250000E+20
   0.082240               3.437500             4.7746875000E+20
   0.082560               4.062500             5.6428125000E+20
   0.082880               2.500000             3.4725000000E+20
   0.083200               4.375000             6.0768750000E+20
   0.083520               4.375000             6.0768750000E+20
   0.083840               2.812500             3.9065625000E+20
   0.084160               3.125000             4.3406250000E+20
   0.084480               1.875000             2.6043750000E+20
   0.084800               3.125000             4.3406250000E+20
   0.085120               0.937500             1.3021875000E+20
   0.085440               3.125000             4.3406250000E+20
   0.085760               2.500000             3.4725000000E+20
   0.086080               3.125000             4.3406250000E+20
   0.086400               1.562500             2.1703125000E+20
   0.086720               2.187500             3.0384375000E+20
   0.087040               1.562500             2.1703125000E+20
   0.087360               2.187500             3.0384375000E+20
   0.087680               2.500000             3.4725000000E+20
   0.088000               1.562500             2.1703125000E+20
   0.088320               1.250000             1.7362500000E+20
   0.088640               2.187500             3.0384375000E+20
   0.088960               1.562500             2.1703125000E+20
   0.089280               1.875000             2.6043750000E+20
   0.089600               1.562500             2.1703125000E+20
   0.089920               2.187500             3.0384375000E+20
   0.090240               1.875000             2.6043750000E+20
   0.090560               0.312500             4.3406250000E+19
   0.090880               2.187500             3.0384375000E+20
   0.091200               1.250000             1.7362500000E+20
   0.091520               1.250000             1.7362500000E+20
   0.091840               3.750000             5.2087500000E+20
   0.092160               3.125000             4.3406250000E+20
   0.092480               0.937500             1.3021875000E+20
   0.092800               2.812500             3.9065625000E+20
   0.093120               1.250000             1.7362500000E+20
   0.093440               1.250000             1.7362500000E+20
   0.093760               1.875000             2.6043750000E+20
   0.094080               3.125000             4.3406250000E+20
   0.094400               1.562500             2.1703125000E+20
   0.094720               1.562500             2.1703125000E+20
   0.095040               1.875000             2.6043750000E+20
   0.095360               1.250000             1.7362500000E+20
   0.095680               1.250000             1.7362500000E+20
   0.096000               1.562500             2.1703125000E+20
   0.096320               2.187500             3.0384375000E+20
   0.096640               2.812500             3.9065625000E+20
   0.096960               1.562500             2.1703125000E+20
   0.097280               2.812500             3.9065625000E+20
   0.097600               1.250000             1.7362500000E+20
   0.097920               3.437500             4.7746875000E+20
   0.098240               3.125000             4.3406250000E+20
   0.098560               1.875000             2.6043750000E+20
   0.098880               0.937500             1.3021875000E+20
   0.099200               2.500000             3.4725000000E+20
   0.099520               2.812500             3.9065625000E+20
   0.099840               1.562500             2.1703125000E+20
   0.100160               1.250000             1.7362500000E+20
   0.100480               1.250000             1.7362500000E+20
   0.100800               1.875000             2.6043750000E+20
   0.101120               1.562500             2.1703125000E+20
   0.101440               2.187500             3.0384375000E+20
   0.101760               0.937500             1.3021875000E+20
   0.102080               1.875000             2.6043750000E+20
   0.102400               1.562500             2.1703125000E+20
   0.102720               1.250000             1.7362500000E+20
   0.103040               1.875000             2.6043750000E+20
   0.103360               0.625000             8.6812500000E+19
   0.103680               3.125000             4.3406250000E+20
   0.104000               1.250000             1.7362500000E+20
   0.104320               2.500000             3.4725000000E+20
   0.104640               0.937500             1.3021875000E+20
   0.104960               1.875000             2.6043750000E+20
   0.105280               1.250000             1.7362500000E+20
   0.105600               2.187500             3.0384375000E+20
   0.105920               1.562500             2.1703125000E+20
   0.106240               1.250000             1.7362500000E+20
   0.106560               3.437500             4.7746875000E+20
   0.106880               0.312500             4.3406250000E+19
   0.107200               2.500000             3.4725000000E+20
   0.107520               1.250000             1.7362500000E+20
   0.107840               1.875000             2.6043750000E+20
   0.108160               0.625000             8.6812500000E+19
   0.108480               0.937500             1.3021875000E+20
   0.108800               1.562500             2.1703125000E+20
   0.109120               2.187500             3.0384375000E+20
   0.109440               2.812500             3.9065625000E+20
   0.109760               2.500000             3.4725000000E+20
   0.110080               1.562500             2.1703125000E+20
   0.110400               0.937500             1.3021875000E+20
   0.110720               0.312500             4.3406250000E+19
   0.111040               0.625000             8.6812500000E+19
   0.111360               1.250000             1.7362500000E+20
   0.111680               0.937500             1.3021875000E+20
   0.112000               1.250000             1.7362500000E+20
   0.112320               0.937500             1.3021875000E+20
   0.112640               0.937500             1.3021875000E+20
   0.112960               0.937500             1.3021875000E+20
   0.113280               1.250000             1.7362500000E+20
   0.113600               1.250000             1.7362500000E+20
   0.113920               0.937500             1.3021875000E+20
   0.114240               0.625000             8.6812500000E+19
   0.114560               1.250000             1.7362500000E+20
   0.114880               1.562500             2.1703125000E+20
   0.115200               0.625000             8.6812500000E+19
   0.115520               1.250000             1.7362500000E+20
   0.115840               0.625000             8.6812500000E+19
   0.116160               1.562500             2.1703125000E+20
   0.116480               1.250000             1.7362500000E+20
   0.116800               0.625000             8.6812500000E+19
   0.117120               0.937500             1.3021875000E+20
   0.117440               1.250000             1.7362500000E+20
   0.117760               0.937500             1.3021875000E+20
   0.118080               0.625000             8.6812500000E+19
   0.118400               0.625000             8.6812500000E+19
   0.118720               0.625000             8.6812500000E+19
   0.119040               1.250000             1.7362500000E+20
   0.119360               1.875000             2.6043750000E+20
   0.119680               0.312500             4.3406250000E+19
   0.120000               0.312500             4.3406250000E+19
   0.120320               1.562500             2.1703125000E+20
   0.120640               1.250000             1.7362500000E+20
   0.120960               0.000000             0.0000000000E+00
   0.121280               0.625000             8.6812500000E+19
   0.121600               0.937500             1.3021875000E+20
   0.121920               0.937500             1.3021875000E+20
   0.122240               1.562500             2.1703125000E+20
   0.122560               1.562500             2.1703125000E+20
   0.122880               1.562500             2.1703125000E+20
   0.123200               0.625000             8.6812500000E+19
   0.123520               0.937500             1.3021875000E+20
   0.123840               0.312500             4.3406250000E+19
   0.124160               0.625000             8.6812500000E+19
   0.124480               0.625000             8.6812500000E+19
   0.124800               0.312500             4.3406250000E+19
   0.125120               0.625000             8.6812500000E+19
   0.125440               0.625000             8.6812500000E+19
   0.125760               0.625000             8.6812500000E+19
   0.126080               0.312500             4.3406250000E+19
   0.126400               0.625000             8.6812500000E+19
   0.126720               0.625000             8.6812500000E+19
   0.127040               0.937500             1.3021875000E+20
   0.127360               0.625000             8.6812500000E+19
   0.127680               0.625000             8.6812500000E+19
   0.128000               1.250000             1.7362500000E+20
   0.128320               0.312500             4.3406250000E+19
   0.128640               0.312500             4.3406250000E+19
   0.128960               0.625000             8.6812500000E+19
   0.129280               0.312500             4.3406250000E+19
   0.129600               0.937500             1.3021875000E+20
   0.129920               0.625000             8.6812500000E+19
   0.130240               0.937500             1.3021875000E+20
   0.130560               0.312500             4.3406250000E+19
   0.130880               0.312500             4.3406250000E+19
   0.131200               1.250000             1.7362500000E+20
   0.131520               1.250000             1.7362500000E+20
   0.131840               0.000000             0.0000000000E+00
   0.132160               0.625000             8.6812500000E+19
   0.132480               0.000000             0.0000000000E+00
   0.132800               0.000000             0.0000000000E+00
   0.133120               0.312500             4.3406250000E+19
   0.133440               0.312500             4.3406250000E+19
   0.133760               0.937500             1.3021875000E+20
   0.134080               0.625000             8.6812500000E+19
   0.134400               1.250000             1.7362500000E+20
   0.134720               0.625000             8.6812500000E+19
   0.135040               1.875000             2.6043750000E+20
   0.135360               1.562500             2.1703125000E+20
   0.135680               0.625000             8.6812500000E+19
   0.136000               0.625000             8.6812500000E+19
   0.136320               0.000000             0.0000000000E+00
   0.136640               0.312500             4.3406250000E+19
   0.136960               0.312500             4.3406250000E+19
   0.137280               0.625000             8.6812500000E+19
   0.137600               0.312500             4.3406250000E+19
   0.137920               0.312500             4.3406250000E+19
   0.138240               0.937500             1.3021875000E+20
   0.138560               0.000000             0.0000000000E+00
   0.138880               1.250000             1.7362500000E+20
   0.139200               0.625000             8.6812500000E+19
   0.139520               0.625000             8.6812500000E+19
   0.139840               1.250000             1.7362500000E+20
   0.140160               0.312500             4.3406250000E+19
   0.140480               1.562500             2.1703125000E+20
   0.140800               0.937500             1.3021875000E+20
   0.141120               0.625000             8.6812500000E+19
   0.141440               0.000000             0.0000000000E+00
   0.141760               0.000000             0.0000000000E+00
   0.142080               0.625000             8.6812500000E+19
   0.142400               0.625000             8.6812500000E+19
   0.142720               0.000000             0.0000000000E+00
   0.143040               0.000000             0.0000000000E+00
   0.143360               0.312500             4.3406250000E+19
   0.143680               0.000000             0.0000000000E+00
   0.144000               0.000000             0.0000000000E+00
   0.144320               0.937500             1.3021875000E+20
   0.144640               0.312500             4.3406250000E+19
   0.144960               0.000000             0.0000000000E+00
   0.145280               1.250000             1.7362500000E+20
   0.145600               0.312500             4.3406250000E+19
   0.145920               0.937500             1.3021875000E+20
   0.146240               0.937500             1.3021875000E+20
   0.146560               0.625000             8.6812500000E+19
   0.146880               0.312500             4.3406250000E+19
   0.147200               0.000000             0.0000000000E+00
   0.147520               0.000000             0.0000000000E+00
   0.147840               0.000000             0.0000000000E+00
   0.148160               0.937500             1.3021875000E+20
   0.148480               0.000000             0.0000000000E+00
   0.148800               0.625000             8.6812500000E+19
   0.149120               0.312500             4.3406250000E+19
   0.149440               0.625000             8.6812500000E+19
   0.149760               1.250000             1.7362500000E+20
   0.150080               0.312500             4.3406250000E+19
   0.150400               0.000000             0.0000000000E+00
   0.150720               0.000000             0.0000000000E+00
   0.151040               0.312500             4.3406250000E+19
   0.151360               0.000000             0.0000000000E+00
   0.151680               0.312500             4.3406250000E+19
   0.152000               0.000000             0.0000000000E+00
   0.152320               0.937500             1.3021875000E+20
   0.152640               0.312500             4.3406250000E+19
   0.152960               0.312500             4.3406250000E+19
   0.153280               0.312500             4.3406250000E+19
   0.153600               0.312500             4.3406250000E+19
   0.153920               0.625000             8.6812500000E+19
   0.154240               0.000000             0.0000000000E+00
   0.154560               0.312500             4.3406250000E+19
   0.154880               0.312500             4.3406250000E+19
   0.155200               0.000000             0.0000000000E+00
   0.155520               0.312500             4.3406250000E+19
   0.155840               0.000000             0.0000000000E+00
   0.156160               0.312500             4.3406250000E+19
   0.156480               0.000000             0.0000000000E+00
   0.156800               0.000000             0.0000000000E+00
   0.157120               0.000000             0.0000000000E+00
   0.157440               0.312500             4.3406250000E+19
   0.157760               0.000000             0.0000000000E+00
   0.158080               0.625000             8.6812500000E+19
   0.158400               0.625000             8.6812500000E+19
   0.158720               0.625000             8.6812500000E+19
   0.159040               1.250000             1.7362500000E+20
   0.159360               0.000000             0.0000000000E+00
   0.159680               0.000000             0.0000000000E+00
   0.160000               0.312500             4.3406250000E+19
   0.160320               0.000000             0.0000000000E+00
   0.160640               0.625000             8.6812500000E+19
   0.160960               0.312500             4.3406250000E+19
   0.161280               0.312500             4.3406250000E+19
   0.161600               0.000000             0.0000000000E+00
   0.161920               0.312500             4.3406250000E+19
   0.162240               0.000000             0.0000000000E+00
   0.162560               0.000000             0.0000000000E+00
   0.162880               0.000000             0.0000000000E+00
   0.163200               0.000000             0.0000000000E+00
   0.163520               0.312500             4.3406250000E+19
   0.163840               0.312500             4.3406250000E+19
   0.164160               0.625000             8.6812500000E+19
   0.164480               0.000000             0.0000000000E+00
   0.164800               0.312500             4.3406250000E+19
   0.165120               0.000000             0.0000000000E+00
   0.165440               0.000000             0.0000000000E+00
   0.165760               0.000000             0.0000000000E+00
   0.166080               0.000000             0.0000000000E+00
   0.166400               0.000000             0.0000000000E+00
   0.166720               0.000000             0.0000000000E+00
   0.167040               0.000000             0.0000000000E+00
   0.167360               0.000000             0.0000000000E+00
   0.167680               0.625000             8.6812500000E+19
   0.168000               0.000000             0.0000000000E+00
   0.168320               0.000000             0.0000000000E+00
   0.168640               0.000000             0.0000000000E+00
   0.168960               0.000000             0.0000000000E+00
   0.169280               0.000000             0.0000000000E+00
   0.169600               0.000000             0.0000000000E+00
   0.169920               0.312500             4.3406250000E+19
   0.170240               0.000000             0.0000000000E+00
   0.170560               0.000000             0.0000000000E+00
   0.170880               0.000000             0.0000000000E+00
   0.171200               0.000000             0.0000000000E+00
   0.171520               0.000000             0.0000000000E+00
   0.171840               0.000000             0.0000000000E+00
   0.172160               0.312500             4.3406250000E+19
   0.172480               0.312500             4.3406250000E+19
   0.172800               0.312500             4.3406250000E+19
   0.173120               0.000000             0.0000000000E+00
   0.173440               0.000000             0.0000000000E+00
   0.173760               0.312500             4.3406250000E+19
   0.174080               0.312500             4.3406250000E+19
   0.174400               0.000000             0.0000000000E+00
   0.174720               0.000000             0.0000000000E+00
   0.175040               0.000000             0.0000000000E+00
   0.175360               0.312500             4.3406250000E+19
   0.175680               0.000000             0.0000000000E+00
   0.176000               0.000000             0.0000000000E+00
   0.176320               0.000000             0.0000000000E+00
   0.176640               0.625000             8.6812500000E+19
   0.176960               0.000000             0.0000000000E+00
   0.177280               0.000000             0.0000000000E+00
   0.177600               0.000000             0.0000000000E+00
   0.177920               0.312500             4.3406250000E+19
   0.178240               0.312500             4.3406250000E+19
   0.178560               0.000000             0.0000000000E+00
   0.178880               0.000000             0.0000000000E+00
   0.179200               0.000000             0.0000000000E+00
   0.179520               0.312500             4.3406250000E+19
   0.179840               0.000000             0.0000000000E+00
   0.180160               0.000000             0.0000000000E+00
   0.180480               0.000000             0.0000000000E+00
   0.180800               0.000000             0.0000000000E+00
   0.181120               0.000000             0.0000000000E+00
   0.181440               0.000000             0.0000000000E+00
   0.181760               0.000000             0.0000000000E+00
   0.182080               0.312500             4.3406250000E+19
   0.182400               0.000000             0.0000000000E+00
   0.182720               0.000000             0.0000000000E+00
   0.183040               0.312500             4.3406250000E+19
   0.183360               0.000000             0.0000000000E+00
   0.183680               0.000000             0.0000000000E+00
   0.184000               0.000000             0.0000000000E+00
   0.184320               0.000000             0.0000000000E+00
   0.184640               0.000000             0.0000000000E+00
   0.184960               0.312500             4.3406250000E+19
   0.185280               0.000000             0.0000000000E+00
   0.185600               0.000000             0.0000000000E+00
   0.185920               0.000000             0.0000000000E+00
   0.186240               0.000000             0.0000000000E+00
   0.186560               0.000000             0.0000000000E+00
   0.186880               0.000000             0.0000000000E+00
   0.187200               0.000000             0.0000000000E+00
   0.187520               0.000000             0.0000000000E+00
   0.187840               0.000000             0.0000000000E+00
   0.188160               0.000000             0.0000000000E+00
   0.188480               0.000000             0.0000000000E+00
   0.188800               0.000000             0.0000000000E+00
   0.189120               0.000000             0.0000000000E+00
   0.189440               0.000000             0.0000000000E+00
   0.189760               0.000000             0.0000000000E+00
   0.190080               0.000000             0.0000000000E+00
   0.190400               0.000000             0.0000000000E+00
   0.190720               0.312500             4.3406250000E+19
   0.191040               0.000000             0.0000000000E+00
   0.191360               0.000000             0.0000000000E+00
   0.191680               0.000000             0.0000000000E+00
   0.192000               0.000000             0.0000000000E+00
   0.192320               0.000000             0.0000000000E+00
   0.192640               0.000000             0.0000000000E+00
   0.192960               0.000000             0.0000000000E+00
   0.193280               0.000000             0.0000000000E+00
   0.193600               0.312500             4.3406250000E+19
   0.193920               0.312500             4.3406250000E+19
   0.194240               0.000000             0.0000000000E+00
   0.194560               0.000000             0.0000000000E+00
   0.194880               0.000000             0.0000000000E+00
   0.195200               0.000000             0.0000000000E+00
   0.195520               0.312500             4.3406250000E+19
   0.195840               0.000000             0.0000000000E+00
   0.196160               0.312500             4.3406250000E+19
   0.196480               0.312500             4.3406250000E+19
   0.196800               0.312500             4.3406250000E+19
   0.197120               0.000000             0.0000000000E+00
   0.197440               0.000000             0.0000000000E+00
   0.197760               0.000000             0.0000000000E+00
   0.198080               0.000000             0.0000000000E+00
   0.198400               0.000000             0.0000000000E+00
   0.198720               0.000000             0.0000000000E+00
   0.199040               0.000000             0.0000000000E+00
   0.199360               0.000000             0.0000000000E+00
   0.199680               0.000000             0.0000000000E+00
   0.200000               0.000000             0.0000000000E+00
   0.200320               0.000000             0.0000000000E+00
   0.200640               0.312500             4.3406250000E+19
   0.200960               0.000000             0.0000000000E+00
   0.201280               0.000000             0.0000000000E+00
   0.201600               0.000000             0.0000000000E+00
   0.201920               0.000000             0.0000000000E+00
   0.202240               0.000000             0.0000000000E+00
   0.202560               0.000000             0.0000000000E+00
   0.202880               0.000000             0.0000000000E+00
   0.203200               0.000000             0.0000000000E+00
   0.203520               0.000000             0.0000000000E+00
   0.203840               0.000000             0.0000000000E+00
   0.204160               0.000000             0.0000000000E+00
   0.204480               0.000000             0.0000000000E+00
   0.204800               0.000000             0.0000000000E+00
   0.205120               0.000000             0.0000000000E+00
   0.205440               0.000000             0.0000000000E+00
   0.205760               0.000000             0.0000000000E+00
   0.206080               0.000000             0.0000000000E+00
   0.206400               0.000000             0.0000000000E+00
   0.206720               0.625000             8.6812500000E+19
   0.207040               0.000000             0.0000000000E+00
   0.207360               0.000000             0.0000000000E+00
   0.207680               0.000000             0.0000000000E+00
   0.208000               0.000000             0.0000000000E+00
   0.208320               0.000000             0.0000000000E+00
   0.208640               0.000000             0.0000000000E+00
   0.208960               0.000000             0.0000000000E+00
   0.209280               0.000000             0.0000000000E+00
   0.209600               0.625000             8.6812500000E+19
   0.209920               0.000000             0.0000000000E+00
   0.210240               0.000000             0.0000000000E+00
   0.210560               0.000000             0.0000000000E+00
   0.210880               0.000000             0.0000000000E+00
   0.211200               0.312500             4.3406250000E+19
   0.211520               0.000000             0.0000000000E+00
   0.211840               0.000000             0.0000000000E+00
   0.212160               0.000000             0.0000000000E+00
   0.212480               0.000000             0.0000000000E+00
   0.212800               0.000000             0.0000000000E+00
   0.213120               0.000000             0.0000000000E+00
   0.213440               0.312500             4.3406250000E+19
   0.213760               0.000000             0.0000000000E+00
   0.214080               0.000000             0.0000000000E+00
   0.214400               0.000000             0.0000000000E+00
   0.214720               0.000000             0.0000000000E+00
   0.215040               0.000000             0.0000000000E+00
   0.215360               0.000000             0.0000000000E+00
   0.215680               0.000000             0.0000000000E+00
   0.216000               0.000000             0.0000000000E+00
   0.216320               0.000000             0.0000000000E+00
   0.216640               0.000000             0.0000000000E+00
   0.216960               0.000000             0.0000000000E+00
   0.217280               0.000000             0.0000000000E+00
   0.217600               0.312500             4.3406250000E+19
   0.217920               0.000000             0.0000000000E+00
   0.218240               0.000000             0.0000000000E+00
   0.218560               0.000000             0.0000000000E+00
   0.218880               0.000000             0.0000000000E+00
   0.219200               0.000000             0.0000000000E+00
   0.219520               0.000000             0.0000000000E+00
   0.219840               0.000000             0.0000000000E+00
   0.220160               0.000000             0.0000000000E+00
   0.220480               0.000000             0.0000000000E+00
   0.220800               0.000000             0.0000000000E+00
   0.221120               0.000000             0.0000000000E+00
   0.221440               0.000000             0.0000000000E+00
   0.221760               0.000000             0.0000000000E+00
   0.222080               0.000000             0.0000000000E+00
   0.222400               0.000000             0.0000000000E+00
   0.222720               0.312500             4.3406250000E+19
   0.223040               0.000000             0.0000000000E+00
   0.223360               0.312500             4.3406250000E+19
   0.223680               0.000000             0.0000000000E+00
   0.224000               0.312500             4.3406250000E+19
   0.224320               0.000000             0.0000000000E+00
   0.224640               0.000000             0.0000000000E+00
   0.224960               0.000000             0.0000000000E+00
   0.225280               0.000000             0.0000000000E+00
   0.225600               0.000000             0.0000000000E+00
   0.225920               0.000000             0.0000000000E+00
   0.226240               0.000000             0.0000000000E+00
   0.226560               0.000000             0.0000000000E+00
   0.226880               0.000000             0.0000000000E+00
   0.227200               0.000000             0.0000000000E+00
   0.227520               0.000000             0.0000000000E+00
   0.227840               0.000000             0.0000000000E+00
   0.228160               0.000000             0.0000000000E+00
   0.228480               0.000000             0.0000000000E+00
   0.228800               0.000000             0.0000000000E+00
   0.229120               0.000000             0.0000000000E+00
   0.229440               0.000000             0.0000000000E+00
   0.229760               0.000000             0.0000000000E+00
   0.230080               0.000000             0.0000000000E+00
   0.230400               0.312500             4.3406250000E+19
   0.230720               0.000000             0.0000000000E+00
   0.231040               0.000000             0.0000000000E+00
   0.231360               0.000000             0.0000000000E+00
   0.231680               0.000000             0.0000000000E+00
   0.232000               0.000000             0.0000000000E+00
   0.232320               0.000000             0.0000000000E+00
   0.232640               0.000000             0.0000000000E+00
   0.232960               0.000000             0.0000000000E+00
   0.233280               0.000000             0.0000000000E+00
   0.233600               0.000000             0.0000000000E+00
   0.233920               0.000000             0.0000000000E+00
   0.234240               0.312500             4.3406250000E+19
   0.234560               0.000000             0.0000000000E+00
   0.234880               0.000000             0.0000000000E+00
   0.235200               0.000000             0.0000000000E+00
   0.235520               0.000000             0.0000000000E+00
   0.235840               0.000000             0.0000000000E+00
   0.236160               0.000000             0.0000000000E+00
   0.236480               0.000000             0.0000000000E+00
   0.236800               0.000000             0.0000000000E+00
   0.237120               0.000000             0.0000000000E+00
   0.237440               0.000000             0.0000000000E+00
   0.237760               0.000000             0.0000000000E+00
   0.238080               0.000000             0.0000000000E+00
   0.238400               0.000000             0.0000000000E+00
   0.238720               0.000000             0.0000000000E+00
   0.239040               0.312500             4.3406250000E+19
   0.239360               0.000000             0.0000000000E+00
   0.239680               0.000000             0.0000000000E+00
   0.240000               0.000000             0.0000000000E+00
   0.240320               0.000000             0.0000000000E+00
   0.240640               0.000000             0.0000000000E+00
   0.240960               0.000000             0.0000000000E+00
   0.241280               0.000000             0.0000000000E+00
   0.241600               0.000000             0.0000000000E+00
   0.241920               0.000000             0.0000000000E+00
   0.242240               0.000000             0.0000000000E+00
   0.242560               0.000000             0.0000000000E+00
   0.242880               0.000000             0.0000000000E+00
   0.243200               0.000000             0.0000000000E+00
   0.243520               0.312500             4.3406250000E+19
   0.243840               0.000000             0.0000000000E+00
   0.244160               0.000000             0.0000000000E+00
   0.244480               0.000000             0.0000000000E+00
   0.244800               0.000000             0.0000000000E+00
   0.245120               0.000000             0.0000000000E+00
   0.245440               0.000000             0.0000000000E+00
   0.245760               0.000000             0.0000000000E+00
   0.246080               0.000000             0.0000000000E+00
   0.246400               0.000000             0.0000000000E+00
   0.246720               0.000000             0.0000000000E+00
   0.247040               0.000000             0.0000000000E+00
   0.247360               0.000000             0.0000000000E+00
   0.247680               0.000000             0.0000000000E+00
   0.248000               0.000000             0.0000000000E+00
   0.248320               0.000000             0.0000000000E+00
   0.248640               0.000000             0.0000000000E+00
   0.248960               0.000000             0.0000000000E+00
   0.249280               0.000000             0.0000000000E+00
   0.249600               0.000000             0.0000000000E+00
   0.249920               0.000000             0.0000000000E+00
   0.250240               0.000000             0.0000000000E+00
   0.250560               0.000000             0.0000000000E+00
   0.250880               0.000000             0.0000000000E+00
   0.251200               0.000000             0.0000000000E+00
   0.251520               0.000000             0.0000000000E+00
   0.251840               0.000000             0.0000000000E+00
   0.252160               0.000000             0.0000000000E+00
   0.252480               0.000000             0.0000000000E+00
   0.252800               0.000000             0.0000000000E+00
   0.253120               0.000000             0.0000000000E+00
   0.253440               0.000000             0.0000000000E+00
   0.253760               0.000000             0.0000000000E+00
   0.254080               0.000000             0.0000000000E+00
   0.254400               0.000000             0.0000000000E+00
   0.254720               0.000000             0.0000000000E+00
   0.255040               0.000000             0.0000000000E+00
   0.255360               0.000000             0.0000000000E+00
   0.255680               0.000000             0.0000000000E+00
   0.256000               0.000000             0.0000000000E+00
   0.256320               0.000000             0.0000000000E+00
   0.256640               0.000000             0.0000000000E+00
   0.256960               0.000000             0.0000000000E+00
   0.257280               0.000000             0.0000000000E+00
   0.257600               0.312500             4.3406250000E+19
   0.257920               0.000000             0.0000000000E+00
   0.258240               0.000000             0.0000000000E+00
   0.258560               0.000000             0.0000000000E+00
   0.258880               0.000000             0.0000000000E+00
   0.259200               0.312500             4.3406250000E+19
   0.259520               0.000000             0.0000000000E+00
   0.259840               0.000000             0.0000000000E+00
   0.260160               0.000000             0.0000000000E+00
   0.260480               0.000000             0.0000000000E+00
   0.260800               0.000000             0.0000000000E+00
   0.261120               0.000000             0.0000000000E+00
   0.261440               0.000000             0.0000000000E+00
   0.261760               0.000000             0.0000000000E+00
   0.262080               0.000000             0.0000000000E+00
   0.262400               0.000000             0.0000000000E+00
   0.262720               0.000000             0.0000000000E+00
   0.263040               0.000000             0.0000000000E+00
   0.263360               0.000000             0.0000000000E+00
   0.263680               0.000000             0.0000000000E+00
   0.264000               0.000000             0.0000000000E+00
   0.264320               0.000000             0.0000000000E+00
   0.264640               0.000000             0.0000000000E+00
   0.264960               0.000000             0.0000000000E+00
   0.265280               0.000000             0.0000000000E+00
   0.265600               0.000000             0.0000000000E+00
   0.265920               0.000000             0.0000000000E+00
   0.266240               0.000000             0.0000000000E+00
   0.266560               0.000000             0.0000000000E+00
   0.266880               0.000000             0.0000000000E+00
   0.267200               0.000000             0.0000000000E+00
   0.267520               0.000000             0.0000000000E+00
   0.267840               0.000000             0.0000000000E+00
   0.268160               0.000000             0.0000000000E+00
   0.268480               0.000000             0.0000000000E+00
   0.268800               0.000000             0.0000000000E+00
   0.269120               0.000000             0.0000000000E+00
   0.269440               0.000000             0.0000000000E+00
   0.269760               0.000000             0.0000000000E+00
   0.270080               0.000000             0.0000000000E+00
   0.270400               0.000000             0.0000000000E+00
   0.270720               0.000000             0.0000000000E+00
   0.271040               0.000000             0.0000000000E+00
   0.271360               0.000000             0.0000000000E+00
   0.271680               0.000000             0.0000000000E+00
   0.272000               0.000000             0.0000000000E+00
   0.272320               0.000000             0.0000000000E+00
   0.272640               0.000000             0.0000000000E+00
   0.272960               0.000000             0.0000000000E+00
   0.273280               0.000000             0.0000000000E+00
   0.273600               0.000000             0.0000000000E+00
   0.273920               0.000000             0.0000000000E+00
   0.274240               0.000000             0.0000000000E+00
   0.274560               0.000000             0.0000000000E+00
   0.274880               0.000000             0.0000000000E+00
   0.275200               0.000000             0.0000000000E+00
   0.275520               0.000000             0.0000000000E+00
   0.275840               0.000000             0.0000000000E+00
   0.276160               0.000000             0.0000000000E+00
   0.276480               0.000000             0.0000000000E+00
   0.276800               0.000000             0.0000000000E+00
   0.277120               0.000000             0.0000000000E+00
   0.277440               0.000000             0.0000000000E+00
   0.277760               0.000000             0.0000000000E+00
   0.278080               0.000000             0.0000000000E+00
   0.278400               0.000000             0.0000000000E+00
   0.278720               0.000000             0.0000000000E+00
   0.279040               0.000000             0.0000000000E+00
   0.279360               0.000000             0.0000000000E+00
   0.279680               0.000000             0.0000000000E+00
   0.280000               0.000000             0.0000000000E+00
   0.280320               0.000000             0.0000000000E+00
   0.280640               0.000000             0.0000000000E+00
   0.280960               0.000000             0.0000000000E+00
   0.281280               0.000000             0.0000000000E+00
   0.281600               0.000000             0.0000000000E+00
   0.281920               0.000000             0.0000000000E+00
   0.282240               0.000000             0.0000000000E+00
   0.282560               0.000000             0.0000000000E+00
   0.282880               0.000000             0.0000000000E+00
   0.283200               0.000000             0.0000000000E+00
   0.283520               0.000000             0.0000000000E+00
   0.283840               0.000000             0.0000000000E+00
   0.284160               0.000000             0.0000000000E+00
   0.284480               0.000000             0.0000000000E+00
   0.284800               0.000000             0.0000000000E+00
   0.285120               0.000000             0.0000000000E+00
   0.285440               0.000000             0.0000000000E+00
   0.285760               0.000000             0.0000000000E+00
   0.286080               0.000000             0.0000000000E+00
   0.286400               0.000000             0.0000000000E+00
   0.286720               0.000000             0.0000000000E+00
   0.287040               0.000000             0.0000000000E+00
   0.287360               0.000000             0.0000000000E+00
   0.287680               0.000000             0.0000000000E+00
   0.288000               0.000000             0.0000000000E+00
   0.288320               0.000000             0.0000000000E+00
   0.288640               0.000000             0.0000000000E+00
   0.288960               0.000000             0.0000000000E+00
   0.289280               0.000000             0.0000000000E+00
   0.289600               0.000000             0.0000000000E+00
   0.289920               0.000000             0.0000000000E+00
   0.290240               0.000000             0.0000000000E+00
   0.290560               0.000000             0.0000000000E+00
   0.290880               0.000000             0.0000000000E+00
   0.291200               0.000000             0.0000000000E+00
   0.291520               0.000000             0.0000000000E+00
   0.291840               0.000000             0.0000000000E+00
   0.292160               0.000000             0.0000000000E+00
   0.292480               0.000000             0.0000000000E+00
   0.292800               0.000000             0.0000000000E+00
   0.293120               0.000000             0.0000000000E+00
   0.293440               0.000000             0.0000000000E+00
   0.293760               0.000000             0.0000000000E+00
   0.294080               0.000000             0.0000000000E+00
   0.294400               0.000000             0.0000000000E+00
   0.294720               0.000000             0.0000000000E+00
   0.295040               0.000000             0.0000000000E+00
   0.295360               0.000000             0.0000000000E+00
   0.295680               0.000000             0.0000000000E+00
   0.296000               0.000000             0.0000000000E+00
   0.296320               0.000000             0.0000000000E+00
   0.296640               0.000000             0.0000000000E+00
   0.296960               0.000000             0.0000000000E+00
   0.297280               0.000000             0.0000000000E+00
   0.297600               0.000000             0.0000000000E+00
   0.297920               0.000000             0.0000000000E+00
   0.298240               0.000000             0.0000000000E+00
   0.298560               0.000000             0.0000000000E+00
   0.298880               0.000000             0.0000000000E+00
   0.299200               0.000000             0.0000000000E+00
   0.299520               0.000000             0.0000000000E+00
   0.299840               0.000000             0.0000000000E+00
   0.300160               0.000000             0.0000000000E+00
   0.300480               0.000000             0.0000000000E+00
   0.300800               0.000000             0.0000000000E+00
   0.301120               0.000000             0.0000000000E+00
   0.301440               0.000000             0.0000000000E+00
   0.301760               0.000000             0.0000000000E+00
   0.302080               0.000000             0.0000000000E+00
   0.302400               0.000000             0.0000000000E+00
   0.302720               0.000000             0.0000000000E+00
   0.303040               0.000000             0.0000000000E+00
   0.303360               0.000000             0.0000000000E+00
   0.303680               0.000000             0.0000000000E+00
   0.304000               0.000000             0.0000000000E+00
   0.304320               0.000000             0.0000000000E+00
   0.304640               0.000000             0.0000000000E+00
   0.304960               0.000000             0.0000000000E+00
   0.305280               0.000000             0.0000000000E+00
   0.305600               0.000000             0.0000000000E+00
   0.305920               0.000000             0.0000000000E+00
   0.306240               0.000000             0.0000000000E+00
   0.306560               0.000000             0.0000000000E+00
   0.306880               0.000000             0.0000000000E+00
   0.307200               0.000000             0.0000000000E+00
   0.307520               0.000000             0.0000000000E+00
   0.307840               0.000000             0.0000000000E+00
   0.308160               0.000000             0.0000000000E+00
   0.308480               0.000000             0.0000000000E+00
   0.308800               0.000000             0.0000000000E+00
   0.309120               0.000000             0.0000000000E+00
   0.309440               0.000000             0.0000000000E+00
   0.309760               0.000000             0.0000000000E+00
   0.310080               0.000000             0.0000000000E+00
   0.310400               0.000000             0.0000000000E+00
   0.310720               0.000000             0.0000000000E+00
   0.311040               0.000000             0.0000000000E+00
   0.311360               0.000000             0.0000000000E+00
   0.311680               0.000000             0.0000000000E+00
   0.312000               0.000000             0.0000000000E+00
   0.312320               0.000000             0.0000000000E+00
   0.312640               0.312500             4.3406250000E+19
   0.312960               0.000000             0.0000000000E+00
   0.313280               0.000000             0.0000000000E+00
   0.313600               0.312500             4.3406250000E+19
   0.313920               0.000000             0.0000000000E+00
   0.314240               0.000000             0.0000000000E+00
   0.314560               0.000000             0.0000000000E+00
   0.314880               0.000000             0.0000000000E+00
   0.315200               0.000000             0.0000000000E+00
   0.315520               0.000000             0.0000000000E+00
   0.315840               0.000000             0.0000000000E+00
   0.316160               0.000000             0.0000000000E+00
   0.316480               0.000000             0.0000000000E+00
   0.316800               0.000000             0.0000000000E+00
   0.317120               0.000000             0.0000000000E+00
   0.317440               0.000000             0.0000000000E+00
   0.317760               0.000000             0.0000000000E+00
   0.318080               0.000000             0.0000000000E+00
   0.318400               0.000000             0.0000000000E+00
   0.318720               0.000000             0.0000000000E+00
   0.319040               0.000000             0.0000000000E+00
   0.319360               0.000000             0.0000000000E+00
   0.319680               0.000000             0.0000000000E+00
   0.320000               0.000000             0.0000000000E+00