Field           = 1.000000E+05 V/cm
Carrier density = 6.497000E+18 cm^-3
dE              = 0.000400 eV
1001
Energy (eV)  Prob. Density (eV^-1)  Prob. Density (cm^-3 eV^-1)
   0.000000               0.000000             0.0000000000E+00
   0.000400               0.000000             0.0000000000E+00
   0.000800               0.750000             4.8727500000E+18
   0.001200               2.250000             1.4618250000E+19
   0.001600               2.000000             1.2994000000E+19
   0.002000               1.750000             1.1369750000E+19
   0.002400               4.250000             2.7612250000E+19
   0.002800               7.250000             4.7103250000E+19
   0.003200               3.500000             2.2739500000E+19
   0.003600               6.750000             4.3854750000E+19
   0.004000               7.000000             4.5479000000E+19
   0.004400              10.500000             6.8218500000E+19
   0.004800              11.500000             7.4715500000E+19
   0.005200              11.500000             7.4715500000E+19
   0.005600              12.250000             7.9588250000E+19
   0.006000              12.000000             7.7964000000E+19
   0.006400              10.000000             6.4970000000E+19
   0.006800              11.250000             7.3091250000E+19
   0.007200              13.500000             8.7709500000E+19
   0.007600               8.500000             5.5224500000E+19
   0.008000              10.250000             6.6594250000E+19
   0.008400              10.500000             6.8218500000E+19
   0.008800              15.000000             9.7455000000E+19
   0.009200               8.750000             5.6848750000E+19
   0.009600               9.500000             6.1721500000E+19
   0.010000               9.250000             6.0097250000E+19
   0.010400              14.000000             9.0958000000E+19
   0.010800               9.250000             6.0097250000E+19
   0.011200               9.250000             6.0097250000E+19
   0.011600              12.500000             8.1212500000E+19
   0.012000              13.750000             8.9333750000E+19
   0.012400              11.750000             7.6339750000E+19
   0.012800              10.750000             6.9842750000E+19
   0.013200               9.000000             5.8473000000E+19
   0.013600              11.250000             7.3091250000E+19
   0.014000              11.000000             7.1467000000E+19
   0.014400              12.250000             7.9588250000E+19
   0.014800              12.750000             8.2836750000E+19
   0.015200               9.750000             6.3345750000E+19
   0.015600              16.000000             1.0395200000E+20
   0.016000              12.000000             7.7964000000E+19
   0.016400              15.250000             9.9079250000E+19
   0.016800              12.000000             7.7964000000E+19
   0.017200              14.000000             9.0958000000E+19
   0.017600              11.750000             7.6339750000E+19
   0.018000              10.750000             6.9842750000E+19
   0.018400              13.750000             8.9333750000E+19
   0.018800              15.500000             1.0070350000E+20
   0.019200              14.500000             9.4206500000E+19
   0.019600              13.500000             8.7709500000E+19
   0.020000              13.750000             8.9333750000E+19
   0.020400              12.750000             8.2836750000E+19
   0.020800              12.250000             7.9588250000E+19
   0.021200              13.250000             8.6085250000E+19
   0.021600              13.750000             8.9333750000E+19
   0.022000              15.000000             9.7455000000E+19
   0.022400              12.500000             8.1212500000E+19
   0.022800              13.000000             8.4461000000E+19
   0.023200              14.250000             9.2582250000E+19
   0.023600              15.000000             9.7455000000E+19
   0.024000              13.250000             8.6085250000E+19
   0.024400              11.000000             7.1467000000E+19
   0.024800              16.000000             1.0395200000E+20
   0.025200              11.500000             7.4715500000E+19
   0.025600              12.750000             8.2836750000E+19
   0.026000              13.750000             8.9333750000E+19
   0.026400              12.750000             8.2836750000E+19
   0.026800              12.000000             7.7964000000E+19
   0.027200              16.000000             1.0395200000E+20
   0.027600              17.500000             1.1369750000E+20
   0.028000              12.500000             8.1212500000E+19
   0.028400              11.250000             7.3091250000E+19
   0.028800               8.500000             5.5224500000E+19
   0.029200              11.250000             7.3091250000E+19
   0.029600              11.500000             7.4715500000E+19
   0.030000              10.250000             6.6594250000E+19
   0.030400              13.250000             8.6085250000E+19
   0.030800              11.000000             7.1467000000E+19
   0.031200              12.750000             8.2836750000E+19
   0.031600              13.250000             8.6085250000E+19
   0.032000              11.500000             7.4715500000E+19
   0.032400              12.750000             8.2836750000E+19
   0.032800              14.000000             9.0958000000E+19
   0.033200              16.250000             1.0557625000E+20
   0.033600               9.750000             6.3345750000E+19
   0.034000              12.500000             8.1212500000E+19
   0.034400              13.750000             8.9333750000E+19
   0.034800              12.500000             8.1212500000E+19
   0.035200              11.500000             7.4715500000E+19
   0.035600              16.000000             1.0395200000E+20
   0.036000              11.750000             7.6339750000E+19
   0.036400              10.250000             6.6594250000E+19
   0.036800              12.750000             8.2836750000E+19
   0.037200              10.750000             6.9842750000E+19
   0.037600              11.250000             7.3091250000E+19
   0.038000              10.000000             6.4970000000E+19
   0.038400              11.250000             7.3091250000E+19
   0.038800              12.500000             8.1212500000E+19
   0.039200              13.750000             8.9333750000E+19
   0.039600              11.750000             7.6339750000E+19
   0.040000               9.750000             6.3345750000E+19
   0.040400              12.500000             8.1212500000E+19
   0.040800              12.500000             8.1212500000E+19
   0.041200              10.250000             6.6594250000E+19
   0.041600              15.500000             1.0070350000E+20
   0.042000              12.750000             8.2836750000E+19
   0.042400              12.000000             7.7964000000E+19
   0.042800              10.750000             6.9842750000E+19
   0.043200               8.750000             5.6848750000E+19
   0.043600              14.750000             9.5830750000E+19
   0.044000              13.500000             8.7709500000E+19
   0.044400              11.250000             7.3091250000E+19
   0.044800              11.250000             7.3091250000E+19
   0.045200              13.000000             8.4461000000E+19
   0.045600              12.500000             8.1212500000E+19
   0.046000              11.500000             7.4715500000E+19
   0.046400              10.250000             6.6594250000E+19
   0.046800               7.500000             4.8727500000E+19
   0.047200              11.500000             7.4715500000E+19
   0.047600              13.500000             8.7709500000E+19
   0.048000               9.500000             6.1721500000E+19
   0.048400               9.500000             6.1721500000E+19
   0.048800              10.500000             6.8218500000E+19
   0.049200               6.750000             4.3854750000E+19
   0.049600              11.500000             7.4715500000E+19
   0.050000               9.500000             6.1721500000E+19
   0.050400               7.500000             4.8727500000E+19
   0.050800               7.500000             4.8727500000E+19
   0.051200              10.750000             6.9842750000E+19
   0.051600              10.000000             6.4970000000E+19
   0.052000               7.500000             4.8727500000E+19
   0.052400               9.750000             6.3345750000E+19
   0.052800               9.500000             6.1721500000E+19
   0.053200              11.750000             7.6339750000E+19
   0.053600              11.000000             7.1467000000E+19
   0.054000              10.000000             6.4970000000E+19
   0.054400              11.250000             7.3091250000E+19
   0.054800               8.500000             5.5224500000E+19
   0.055200               8.250000             5.3600250000E+19
   0.055600              11.250000             7.3091250000E+19
   0.056000               9.000000             5.8473000000E+19
   0.056400               7.750000             5.0351750000E+19
   0.056800               9.500000             6.1721500000E+19
   0.057200               8.750000             5.6848750000E+19
   0.057600              10.500000             6.8218500000E+19
   0.058000              10.000000             6.4970000000E+19
   0.058400               9.000000             5.8473000000E+19
   0.058800               8.500000             5.5224500000E+19
   0.059200               6.250000             4.0606250000E+19
   0.059600              10.500000             6.8218500000E+19
   0.060000               7.250000             4.7103250000E+19
   0.060400              10.500000             6.8218500000E+19
   0.060800               9.750000             6.3345750000E+19
   0.061200               9.250000             6.0097250000E+19
   0.061600               6.250000             4.0606250000E+19
   0.062000               7.000000             4.5479000000E+19
   0.062400              10.250000             6.6594250000E+19
   0.062800               9.000000             5.8473000000E+19
   0.063200              10.000000             6.4970000000E+19
   0.063600               8.750000             5.6848750000E+19
   0.064000               6.500000             4.2230500000E+19
   0.064400               6.250000             4.0606250000E+19
   0.064800               8.750000             5.6848750000E+19
   0.065200              10.500000             6.8218500000E+19
   0.065600               9.250000             6.0097250000E+19
   0.066000               7.250000             4.7103250000E+19
   0.066400               8.000000             5.1976000000E+19
   0.066800               7.250000             4.7103250000E+19
   0.067200               8.500000             5.5224500000E+19
   0.067600               9.750000             6.3345750000E+19
   0.068000               7.750000             5.0351750000E+19
   0.068400               8.750000             5.6848750000E+19
   0.068800               8.000000             5.1976000000E+19
   0.069200               7.250000             4.7103250000E+19
   0.069600               9.000000             5.8473000000E+19
   0.070000               9.250000             6.0097250000E+19
   0.070400               7.500000             4.8727500000E+19
   0.070800               5.000000             3.2485000000E+19
   0.071200               6.500000             4.2230500000E+19
   0.071600               5.000000             3.2485000000E+19
   0.072000               5.500000             3.5733500000E+19
   0.072400               7.000000             4.5479000000E+19
   0.072800               7.250000             4.7103250000E+19
   0.073200               6.750000             4.3854750000E+19
   0.073600               7.250000             4.7103250000E+19
   0.074000               8.500000             5.5224500000E+19
   0.074400               9.500000             6.1721500000E+19
   0.074800               6.500000             4.2230500000E+19
   0.075200               6.750000             4.3854750000E+19
   0.075600               7.250000             4.7103250000E+19
   0.076000               7.250000             4.7103250000E+19
   0.076400               7.500000             4.8727500000E+19
   0.076800               7.750000             5.0351750000E+19
   0.077200               4.750000             3.0860750000E+19
   0.077600               6.250000             4.0606250000E+19
   0.078000               7.500000             4.8727500000E+19
   0.078400               5.500000             3.5733500000E+19
   0.078800               9.500000             6.1721500000E+19
   0.079200               5.250000             3.4109250000E+19
   0.079600               6.250000             4.0606250000E+19
   0.080000               8.000000             5.1976000000E+19
   0.080400               5.000000             3.2485000000E+19
   0.080800               5.500000             3.5733500000E+19
   0.081200               7.250000             4.7103250000E+19
   0.081600               9.500000             6.1721500000E+19
   0.082000               6.750000             4.3854750000E+19
   0.082400               8.750000             5.6848750000E+19
   0.082800               6.250000             4.0606250000E+19
   0.083200               6.750000             4.3854750000E+19
   0.083600               4.750000             3.0860750000E+19
   0.084000               4.000000             2.5988000000E+19
   0.084400               5.750000             3.7357750000E+19
   0.084800               7.750000             5.0351750000E+19
   0.085200               5.250000             3.4109250000E+19
   0.085600               4.750000             3.0860750000E+19
   0.086000               6.500000             4.2230500000E+19
   0.086400               8.250000             5.3600250000E+19
   0.086800               5.000000             3.2485000000E+19
   0.087200               4.750000             3.0860750000E+19
   0.087600               2.250000             1.4618250000E+19
   0.088000               5.250000             3.4109250000E+19
   0.088400               3.500000             2.2739500000E+19
   0.088800               4.000000             2.5988000000E+19
   0.089200               4.250000             2.7612250000E+19
   0.089600               5.250000             3.4109250000E+19
   0.090000               6.000000             3.8982000000E+19
   0.090400               5.000000             3.2485000000E+19
   0.090800               4.250000             2.7612250000E+19
   0.091200               5.750000             3.7357750000E+19
   0.091600               1.750000             1.1369750000E+19
   0.092000               5.250000             3.4109250000E+19
   0.092400               3.250000             2.1115250000E+19
   0.092800               6.250000             4.0606250000E+19
   0.093200               3.500000             2.2739500000E+19
   0.093600               3.500000             2.2739500000E+19
   0.094000               3.500000             2.2739500000E+19
   0.094400               5.250000             3.4109250000E+19
   0.094800               2.500000             1.6242500000E+19
   0.095200               5.000000             3.2485000000E+19
   0.095600               4.250000             2.7612250000E+19
   0.096000               3.250000             2.1115250000E+19
   0.096400               6.000000             3.8982000000E+19
   0.096800               3.250000             2.1115250000E+19
   0.097200               2.250000             1.4618250000E+19
   0.097600               4.500000             2.9236500000E+19
   0.098000               2.500000             1.6242500000E+19
   0.098400               4.250000             2.7612250000E+19
   0.098800               2.000000             1.2994000000E+19
   0.099200               3.750000             2.4363750000E+19
   0.099600               4.750000             3.0860750000E+19
   0.100000               2.750000             1.7866750000E+19
   0.100400               2.000000             1.2994000000E+19
   0.100800               4.750000             3.0860750000E+19
   0.101200               3.000000             1.9491000000E+19
   0.101600               2.250000             1.4618250000E+19
   0.102000               4.750000             3.0860750000E+19
   0.102400               3.500000             2.2739500000E+19
   0.102800               1.750000             1.1369750000E+19
   0.103200               1.750000             1.1369750000E+19
   0.103600               3.250000             2.1115250000E+19
   0.104000               4.250000             2.7612250000E+19
   0.104400               3.250000             2.1115250000E+19
   0.104800               1.750000             1.1369750000E+19
   0.105200               2.000000             1.2994000000E+19
   0.105600               2.500000             1.6242500000E+19
   0.106000               3.000000             1.9491000000E+19
   0.106400               4.000000             2.5988000000E+19
   0.106800               3.000000             1.9491000000E+19
   0.107200               2.500000             1.6242500000E+19
   0.107600               2.500000             1.6242500000E+19
   0.108000               2.750000             1.7866750000E+19
   0.108400               3.250000             2.1115250000E+19
   0.108800               1.500000             9.7455000000E+18
   0.109200               2.750000             1.7866750000E+19
   0.109600               1.000000             6.4970000000E+18
   0.110000               0.750000             4.8727500000E+18
   0.110400               2.000000             1.2994000000E+19
   0.110800               2.750000             1.7866750000E+19
   0.111200               1.750000             1.1369750000E+19
   0.111600               2.750000             1.7866750000E+19
   0.112000               2.250000             1.4618250000E+19
   0.112400               2.250000             1.4618250000E+19
   0.112800               2.750000             1.7866750000E+19
   0.113200               1.750000             1.1369750000E+19
   0.113600               1.500000             9.7455000000E+18
   0.114000               2.000000             1.2994000000E+19
   0.114400               3.000000             1.9491000000E+19
   0.114800               0.500000             3.2485000000E+18
   0.115200               2.000000             1.2994000000E+19
   0.115600               2.000000             1.2994000000E+19
   0.116000               2.250000             1.4618250000E+19
   0.116400               1.750000             1.1369750000E+19
   0.116800               0.750000             4.8727500000E+18
   0.117200               2.500000             1.6242500000E+19
   0.117600               1.500000             9.7455000000E+18
   0.118000               2.750000             1.7866750000E+19
   0.118400               2.500000             1.6242500000E+19
   0.118800               1.250000             8.1212500000E+18
   0.119200               1.500000             9.7455000000E+18
   0.119600               1.250000             8.1212500000E+18
   0.120000               1.250000             8.1212500000E+18
   0.120400               1.500000             9.7455000000E+18
   0.120800               2.500000             1.6242500000E+19
   0.121200               1.750000             1.1369750000E+19
   0.121600               2.250000             1.4618250000E+19
   0.122000               1.250000             8.1212500000E+18
   0.122400               1.250000             8.1212500000E+18
   0.122800               1.750000             1.1369750000E+19
   0.123200               0.250000             1.6242500000E+18
   0.123600               0.750000             4.8727500000E+18
   0.124000               1.750000             1.1369750000E+19
   0.124400               0.500000             3.2485000000E+18
   0.124800               1.750000             1.1369750000E+19
   0.125200               1.750000             1.1369750000E+19
   0.125600               1.250000             8.1212500000E+18
   0.126000               0.750000             4.8727500000E+18
   0.126400               2.000000             1.2994000000E+19
   0.126800               0.750000             4.8727500000E+18
   0.127200               1.750000             1.1369750000E+19
   0.127600               0.250000             1.6242500000E+18
   0.128000               0.500000             3.2485000000E+18
   0.128400               1.250000             8.1212500000E+18
   0.128800               0.750000             4.8727500000E+18
   0.129200               1.000000             6.4970000000E+18
   0.129600               0.500000             3.2485000000E+18
   0.130000               0.750000             4.8727500000E+18
   0.130400               1.500000             9.7455000000E+18
   0.130800               0.250000             1.6242500000E+18
   0.131200               0.250000             1.6242500000E+18
   0.131600               0.250000             1.6242500000E+18
   0.132000               0.750000             4.8727500000E+18
   0.132400               1.000000             6.4970000000E+18
   0.132800               0.250000             1.6242500000E+18
   0.133200               0.250000             1.6242500000E+18
   0.133600               0.750000             4.8727500000E+18
   0.134000               0.750000             4.8727500000E+18
   0.134400               0.500000             3.2485000000E+18
   0.134800               0.750000             4.8727500000E+18
   0.135200               0.500000             3.2485000000E+18
   0.135600               0.750000             4.8727500000E+18
   0.136000               0.750000             4.8727500000E+18
   0.136400               1.500000             9.7455000000E+18
   0.136800               0.750000             4.8727500000E+18
   0.137200               0.750000             4.8727500000E+18
   0.137600               0.500000             3.2485000000E+18
   0.138000               0.250000             1.6242500000E+18
   0.138400               0.500000             3.2485000000E+18
   0.138800               0.250000             1.6242500000E+18
   0.139200               1.500000             9.7455000000E+18
   0.139600               0.250000             1.6242500000E+18
   0.140000               1.750000             1.1369750000E+19
   0.140400               0.750000             4.8727500000E+18
   0.140800               0.500000             3.2485000000E+18
   0.141200               0.500000             3.2485000000E+18
   0.141600               0.250000             1.6242500000E+18
   0.142000               0.250000             1.6242500000E+18
   0.142400               0.250000             1.6242500000E+18
   0.142800               1.000000             6.4970000000E+18
   0.143200               0.250000             1.6242500000E+18
   0.143600               0.750000             4.8727500000E+18
   0.144000               0.500000             3.2485000000E+18
   0.144400               0.250000             1.6242500000E+18
   0.144800               0.750000             4.8727500000E+18
   0.145200               0.500000             3.2485000000E+18
   0.145600               1.250000             8.1212500000E+18
   0.146000               0.500000             3.2485000000E+18
   0.146400               0.750000             4.8727500000E+18
   0.146800               0.500000             3.2485000000E+18
   0.147200               0.000000             0.0000000000E+00
   0.147600               0.250000             1.6242500000E+18
   0.148000               0.500000             3.2485000000E+18
   0.148400               0.750000             4.8727500000E+18
   0.148800               0.750000             4.8727500000E+18
   0.149200               1.000000             6.4970000000E+18
   0.149600               1.000000             6.4970000000E+18
   0.150000               0.500000             3.2485000000E+18
   0.150400               0.500000             3.2485000000E+18
   0.150800               0.250000             1.6242500000E+18
   0.151200               0.250000             1.6242500000E+18
   0.151600               0.500000             3.2485000000E+18
   0.152000               1.000000             6.4970000000E+18
   0.152400               0.250000             1.6242500000E+18
   0.152800               0.250000             1.6242500000E+18
   0.153200               0.250000             1.6242500000E+18
   0.153600               0.500000             3.2485000000E+18
   0.154000               1.250000             8.1212500000E+18
   0.154400               1.500000             9.7455000000E+18
   0.154800               0.500000             3.2485000000E+18
   0.155200               0.250000             1.6242500000E+18
   0.155600               0.750000             4.8727500000E+18
   0.156000               1.000000             6.4970000000E+18
   0.156400               0.500000             3.2485000000E+18
   0.156800               0.500000             3.2485000000E+18
   0.157200               0.500000             3.2485000000E+18
   0.157600               0.250000             1.6242500000E+18
   0.158000               0.750000             4.8727500000E+18
   0.158400               0.000000             0.0000000000E+00
   0.158800               0.000000             0.0000000000E+00
   0.159200               1.000000             6.4970000000E+18
   0.159600               0.500000             3.2485000000E+18
   0.160000               0.750000             4.8727500000E+18
   0.160400               0.250000             1.6242500000E+18
   0.160800               0.250000             1.6242500000E+18
   0.161200               0.500000             3.2485000000E+18
   0.161600               0.750000             4.8727500000E+18
   0.162000               0.250000             1.6242500000E+18
   0.162400               0.250000             1.6242500000E+18
   0.162800               0.250000             1.6242500000E+18
   0.163200               0.250000             1.6242500000E+18
   0.163600               0.250000             1.6242500000E+18
   0.164000               0.750000             4.8727500000E+18
   0.164400               0.250000             1.6242500000E+18
   0.164800               0.250000             1.6242500000E+18
   0.165200               0.750000             4.8727500000E+18
   0.165600               0.250000             1.6242500000E+18
   0.166000               0.000000             0.0000000000E+00
   0.166400               0.000000             0.0000000000E+00
   0.166800               0.000000             0.0000000000E+00
   0.167200               0.250000             1.6242500000E+18
   0.167600               0.000000             0.0000000000E+00
   0.168000               0.250000             1.6242500000E+18
   0.168400               0.000000             0.0000000000E+00
   0.168800               0.750000             4.8727500000E+18
   0.169200               0.500000             3.2485000000E+18
   0.169600               0.500000             3.2485000000E+18
   0.170000               0.000000             0.0000000000E+00
   0.170400               0.000000             0.0000000000E+00
   0.170800               0.250000             1.6242500000E+18
   0.171200               0.000000             0.0000000000E+00
   0.171600               0.000000             0.0000000000E+00
   0.172000               0.000000             0.0000000000E+00
   0.172400               0.000000             0.0000000000E+00
   0.172800               0.250000             1.6242500000E+18
   0.173200               0.500000             3.2485000000E+18
   0.173600               0.250000             1.6242500000E+18
   0.174000               0.750000             4.8727500000E+18
   0.174400               0.250000             1.6242500000E+18
   0.174800               0.000000             0.0000000000E+00
   0.175200               0.250000             1.6242500000E+18
   0.175600               0.500000             3.2485000000E+18
   0.176000               0.250000             1.6242500000E+18
   0.176400               0.500000             3.2485000000E+18
   0.176800               0.250000             1.6242500000E+18
   0.177200               0.000000             0.0000000000E+00
   0.177600               0.000000             0.0000000000E+00
   0.178000               0.250000             1.6242500000E+18
   0.178400               0.250000             1.6242500000E+18
   0.178800               0.250000             1.6242500000E+18
   0.179200               0.250000             1.6242500000E+18
   0.179600               0.250000             1.6242500000E+18
   0.180000               0.250000             1.6242500000E+18
   0.180400               0.000000             0.0000000000E+00
   0.180800               0.000000             0.0000000000E+00
   0.181200               0.000000             0.0000000000E+00
   0.181600               0.000000             0.0000000000E+00
   0.182000               0.250000             1.6242500000E+18
   0.182400               0.000000             0.0000000000E+00
   0.182800               0.500000             3.2485000000E+18
   0.183200               0.250000             1.6242500000E+18
   0.183600               0.000000             0.0000000000E+00
   0.184000               1.000000             6.4970000000E+18
   0.184400               0.250000             1.6242500000E+18
   0.184800               0.000000             0.0000000000E+00
   0.185200               0.500000             3.2485000000E+18
   0.185600               0.000000             0.0000000000E+00
   0.186000               0.000000             0.0000000000E+00
   0.186400               0.250000             1.6242500000E+18
   0.186800               0.250000             1.6242500000E+18
   0.187200               0.000000             0.0000000000E+00
   0.187600               0.000000             0.0000000000E+00
   0.188000               0.250000             1.6242500000E+18
   0.188400               0.250000             1.6242500000E+18
   0.188800               0.500000             3.2485000000E+18
   0.189200               0.000000             0.0000000000E+00
   0.189600               0.250000             1.6242500000E+18
   0.190000               0.000000             0.0000000000E+00
   0.190400               0.000000             0.0000000000E+00
   0.190800               0.000000             0.0000000000E+00
   0.191200               0.250000             1.6242500000E+18
   0.191600               0.250000             1.6242500000E+18
   0.192000               0.250000             1.6242500000E+18
   0.192400               0.000000             0.0000000000E+00
   0.192800               0.000000             0.0000000000E+00
   0.193200               0.000000             0.0000000000E+00
   0.193600               0.000000             0.0000000000E+00
   0.194000               0.000000             0.0000000000E+00
   0.194400               0.000000             0.0000000000E+00
   0.194800               0.000000             0.0000000000E+00
   0.195200               0.000000             0.0000000000E+00
   0.195600               0.250000             1.6242500000E+18
   0.196000               0.250000             1.6242500000E+18
   0.196400               0.250000             1.6242500000E+18
   0.196800               0.000000             0.0000000000E+00
   0.197200               0.000000             0.0000000000E+00
   0.197600               0.000000             0.0000000000E+00
   0.198000               0.000000             0.0000000000E+00
   0.198400               0.250000             1.6242500000E+18
   0.198800               0.250000             1.6242500000E+18
   0.199200               0.000000             0.0000000000E+00
   0.199600               0.250000             1.6242500000E+18
   0.200000               0.250000             1.6242500000E+18
   0.200400               0.000000             0.0000000000E+00
   0.200800               0.000000             0.0000000000E+00
   0.201200               0.750000             4.8727500000E+18
   0.201600               0.000000             0.0000000000E+00
   0.202000               0.000000             0.0000000000E+00
   0.202400               0.000000             0.0000000000E+00
   0.202800               0.000000             0.0000000000E+00
   0.203200               0.000000             0.0000000000E+00
   0.203600               0.250000             1.6242500000E+18
   0.204000               0.000000             0.0000000000E+00
   0.204400               0.000000             0.0000000000E+00
   0.204800               0.000000             0.0000000000E+00
   0.205200               0.000000             0.0000000000E+00
   0.205600               0.000000             0.0000000000E+00
   0.206000               0.250000             1.6242500000E+18
   0.206400               0.000000             0.0000000000E+00
   0.206800               0.250000             1.6242500000E+18
   0.207200               0.000000             0.0000000000E+00
   0.207600               0.250000             1.6242500000E+18
   0.208000               0.000000             0.0000000000E+00
   0.208400               0.000000             0.0000000000E+00
   0.208800               0.250000             1.6242500000E+18
   0.209200               0.250000             1.6242500000E+18
   0.209600               0.000000             0.0000000000E+00
   0.210000               0.250000             1.6242500000E+18
   0.210400               0.000000             0.0000000000E+00
   0.210800               0.000000             0.0000000000E+00
   0.211200               0.000000             0.0000000000E+00
   0.211600               0.250000             1.6242500000E+18
   0.212000               0.250000             1.6242500000E+18
   0.212400               0.000000             0.0000000000E+00
   0.212800               0.000000             0.0000000000E+00
   0.213200               0.000000             0.0000000000E+00
   0.213600               0.000000             0.0000000000E+00
   0.214000               0.000000             0.0000000000E+00
   0.214400               0.000000             0.0000000000E+00
   0.214800               0.250000             1.6242500000E+18
   0.215200               0.000000             0.0000000000E+00
   0.215600               0.500000             3.2485000000E+18
   0.216000               0.000000             0.0000000000E+00
   0.216400               0.250000             1.6242500000E+18
   0.216800               0.000000             0.0000000000E+00
   0.217200               0.000000             0.0000000000E+00
   0.217600               0.000000             0.0000000000E+00
   0.218000               0.250000             1.6242500000E+18
   0.218400               0.000000             0.0000000000E+00
   0.218800               0.250000             1.6242500000E+18
   0.219200               0.000000             0.0000000000E+00
   0.219600               0.000000             0.0000000000E+00
   0.220000               0.250000             1.6242500000E+18
   0.220400               0.000000             0.0000000000E+00
   0.220800               0.000000             0.0000000000E+00
   0.221200               0.000000             0.0000000000E+00
   0.221600               0.000000             0.0000000000E+00
   0.222000               0.000000             0.0000000000E+00
   0.222400               0.000000             0.0000000000E+00
   0.222800               0.000000             0.0000000000E+00
   0.223200               0.000000             0.0000000000E+00
   0.223600               0.000000             0.0000000000E+00
   0.224000               0.000000             0.0000000000E+00
   0.224400               0.000000             0.0000000000E+00
   0.224800               0.000000             0.0000000000E+00
   0.225200               0.000000             0.0000000000E+00
   0.225600               0.000000             0.0000000000E+00
   0.226000               0.000000             0.0000000000E+00
   0.226400               0.000000             0.0000000000E+00
   0.226800               0.250000             1.6242500000E+18
   0.227200               0.000000             0.0000000000E+00
   0.227600               0.000000             0.0000000000E+00
   0.228000               0.000000             0.0000000000E+00
   0.228400               0.000000             0.0000000000E+00
   0.228800               0.000000             0.0000000000E+00
   0.229200               0.000000             0.0000000000E+00
   0.229600               0.000000             0.0000000000E+00
   0.230000               0.000000             0.0000000000E+00
   0.230400               0.000000             0.0000000000E+00
   0.230800               0.000000             0.0000000000E+00
   0.231200               0.000000             0.0000000000E+00
   0.231600               0.250000             1.6242500000E+18
   0.232000               0.000000             0.0000000000E+00
   0.232400               0.000000             0.0000000000E+00
   0.232800               0.000000             0.0000000000E+00
   0.233200               0.000000             0.0000000000E+00
   0.233600               0.000000             0.0000000000E+00
   0.234000               0.000000             0.0000000000E+00
   0.234400               0.000000             0.0000000000E+00
   0.234800               0.000000             0.0000000000E+00
   0.235200               0.000000             0.0000000000E+00
   0.235600               0.000000             0.0000000000E+00
   0.236000               0.000000             0.0000000000E+00
   0.236400               0.000000             0.0000000000E+00
   0.236800               0.000000             0.0000000000E+00
   0.237200               0.000000             0.0000000000E+00
   0.237600               0.000000             0.0000000000E+00
   0.238000               0.000000             0.0000000000E+00
   0.238400               0.000000             0.0000000000E+00
   0.238800               0.000000             0.0000000000E+00
   0.239200               0.000000             0.0000000000E+00
   0.239600               0.250000             1.6242500000E+18
   0.240000               0.000000             0.0000000000E+00
   0.240400               0.000000             0.0000000000E+00
   0.240800               0.000000             0.0000000000E+00
   0.241200               0.250000             1.6242500000E+18
   0.241600               0.000000             0.0000000000E+00
   0.242000               0.250000             1.6242500000E+18
   0.242400               0.000000             0.0000000000E+00
   0.242800               0.000000             0.0000000000E+00
   0.243200               0.000000             0.0000000000E+00
   0.243600               0.000000             0.0000000000E+00
   0.244000               0.000000             0.0000000000E+00
   0.244400               0.000000             0.0000000000E+00
   0.244800               0.000000             0.0000000000E+00
   0.245200               0.000000             0.0000000000E+00
   0.245600               0.000000             0.0000000000E+00
   0.246000               0.000000             0.0000000000E+00
   0.246400               0.000000             0.0000000000E+00
   0.246800               0.000000             0.0000000000E+00
   0.247200               0.000000             0.0000000000E+00
   0.247600               0.000000             0.0000000000E+00
   0.248000               0.000000             0.0000000000E+00
   0.248400               0.000000             0.0000000000E+00
   0.248800               0.000000             0.0000000000E+00
   0.249200               0.000000             0.0000000000E+00
   0.249600               0.000000             0.0000000000E+00
   0.250000               0.000000             0.0000000000E+00
   0.250400               0.000000             0.0000000000E+00
   0.250800               0.000000             0.0000000000E+00
   0.251200               0.000000             0.0000000000E+00
   0.251600               0.000000             0.0000000000E+00
   0.252000               0.000000             0.0000000000E+00
   0.252400               0.250000             1.6242500000E+18
   0.252800               0.000000             0.0000000000E+00
   0.253200               0.000000             0.0000000000E+00
   0.253600               0.000000             0.0000000000E+00
   0.254000               0.000000             0.0000000000E+00
   0.254400               0.000000             0.0000000000E+00
   0.254800               0.000000             0.0000000000E+00
   0.255200               0.000000             0.0000000000E+00
   0.255600               0.000000             0.0000000000E+00
   0.256000               0.000000             0.0000000000E+00
   0.256400               0.000000             0.0000000000E+00
   0.256800               0.000000             0.0000000000E+00
   0.257200               0.000000             0.0000000000E+00
   0.257600               0.000000             0.0000000000E+00
   0.258000               0.000000             0.0000000000E+00
   0.258400               0.000000             0.0000000000E+00
   0.258800               0.000000             0.0000000000E+00
   0.259200               0.000000             0.0000000000E+00
   0.259600               0.000000             0.0000000000E+00
   0.260000               0.250000             1.6242500000E+18
   0.260400               0.000000             0.0000000000E+00
   0.260800               0.250000             1.6242500000E+18
   0.261200               0.000000             0.0000000000E+00
   0.261600               0.000000             0.0000000000E+00
   0.262000               0.000000             0.0000000000E+00
   0.262400               0.000000             0.0000000000E+00
   0.262800               0.000000             0.0000000000E+00
   0.263200               0.000000             0.0000000000E+00
   0.263600               0.000000             0.0000000000E+00
   0.264000               0.000000             0.0000000000E+00
   0.264400               0.000000             0.0000000000E+00
   0.264800               0.000000             0.0000000000E+00
   0.265200               0.000000             0.0000000000E+00
   0.265600               0.000000             0.0000000000E+00
   0.266000               0.000000             0.0000000000E+00
   0.266400               0.000000             0.0000000000E+00
   0.266800               0.000000             0.0000000000E+00
   0.267200               0.000000             0.0000000000E+00
   0.267600               0.000000             0.0000000000E+00
   0.268000               0.000000             0.0000000000E+00
   0.268400               0.000000             0.0000000000E+00
   0.268800               0.000000             0.0000000000E+00
   0.269200               0.000000             0.0000000000E+00
   0.269600               0.000000             0.0000000000E+00
   0.270000               0.000000             0.0000000000E+00
   0.270400               0.000000             0.0000000000E+00
   0.270800               0.000000             0.0000000000E+00
   0.271200               0.000000             0.0000000000E+00
   0.271600               0.000000             0.0000000000E+00
   0.272000               0.000000             0.0000000000E+00
   0.272400               0.000000             0.0000000000E+00
   0.272800               0.000000             0.0000000000E+00
   0.273200               0.000000             0.0000000000E+00
   0.273600               0.000000             0.0000000000E+00
   0.274000               0.000000             0.0000000000E+00
   0.274400               0.000000             0.0000000000E+00
   0.274800               0.000000             0.0000000000E+00
   0.275200               0.000000             0.0000000000E+00
   0.275600               0.000000             0.0000000000E+00
   0.276000               0.000000             0.0000000000E+00
   0.276400               0.000000             0.0000000000E+00
   0.276800               0.000000             0.0000000000E+00
   0.277200               0.000000             0.0000000000E+00
   0.277600               0.000000             0.0000000000E+00
   0.278000               0.000000             0.0000000000E+00
   0.278400               0.000000             0.0000000000E+00
   0.278800               0.000000             0.0000000000E+00
   0.279200               0.000000             0.0000000000E+00
   0.279600               0.000000             0.0000000000E+00
   0.280000               0.000000             0.0000000000E+00
   0.280400               0.000000             0.0000000000E+00
   0.280800               0.000000             0.0000000000E+00
   0.281200               0.000000             0.0000000000E+00
   0.281600               0.000000             0.0000000000E+00
   0.282000               0.000000             0.0000000000E+00
   0.282400               0.000000             0.0000000000E+00
   0.282800               0.250000             1.6242500000E+18
   0.283200               0.000000             0.0000000000E+00
   0.283600               0.000000             0.0000000000E+00
   0.284000               0.000000             0.0000000000E+00
   0.284400               0.000000             0.0000000000E+00
   0.284800               0.000000             0.0000000000E+00
   0.285200               0.000000             0.0000000000E+00
   0.285600               0.000000             0.0000000000E+00
   0.286000               0.000000             0.0000000000E+00
   0.286400               0.000000             0.0000000000E+00
   0.286800               0.000000             0.0000000000E+00
   0.287200               0.000000             0.0000000000E+00
   0.287600               0.000000             0.0000000000E+00
   0.288000               0.000000             0.0000000000E+00
   0.288400               0.000000             0.0000000000E+00
   0.288800               0.000000             0.0000000000E+00
   0.289200               0.000000             0.0000000000E+00
   0.289600               0.000000             0.0000000000E+00
   0.290000               0.000000             0.0000000000E+00
   0.290400               0.000000             0.0000000000E+00
   0.290800               0.000000             0.0000000000E+00
   0.291200               0.000000             0.0000000000E+00
   0.291600               0.000000             0.0000000000E+00
   0.292000               0.000000             0.0000000000E+00
   0.292400               0.000000             0.0000000000E+00
   0.292800               0.000000             0.0000000000E+00
   0.293200               0.000000             0.0000000000E+00
   0.293600               0.000000             0.0000000000E+00
   0.294000               0.000000             0.0000000000E+00
   0.294400               0.000000             0.0000000000E+00
   0.294800               0.000000             0.0000000000E+00
   0.295200               0.000000             0.0000000000E+00
   0.295600               0.000000             0.0000000000E+00
   0.296000               0.000000             0.0000000000E+00
   0.296400               0.000000             0.0000000000E+00
   0.296800               0.000000             0.0000000000E+00
   0.297200               0.000000             0.0000000000E+00
   0.297600               0.000000             0.0000000000E+00
   0.298000               0.000000             0.0000000000E+00
   0.298400               0.000000             0.0000000000E+00
   0.298800               0.000000             0.0000000000E+00
   0.299200               0.000000             0.0000000000E+00
   0.299600               0.000000             0.0000000000E+00
   0.300000               0.000000             0.0000000000E+00
   0.300400               0.000000             0.0000000000E+00
   0.300800               0.000000             0.0000000000E+00
   0.301200               0.000000             0.0000000000E+00
   0.301600               0.000000             0.0000000000E+00
   0.302000               0.000000             0.0000000000E+00
   0.302400               0.000000             0.0000000000E+00
   0.302800               0.000000             0.0000000000E+00
   0.303200               0.000000             0.0000000000E+00
   0.303600               0.000000             0.0000000000E+00
   0.304000               0.000000             0.0000000000E+00
   0.304400               0.000000             0.0000000000E+00
   0.304800               0.000000             0.0000000000E+00
   0.305200               0.000000             0.0000000000E+00
   0.305600               0.000000             0.0000000000E+00
   0.306000               0.000000             0.0000000000E+00
   0.306400               0.250000             1.6242500000E+18
   0.306800               0.000000             0.0000000000E+00
   0.307200               0.000000             0.0000000000E+00
   0.307600               0.000000             0.0000000000E+00
   0.308000               0.000000             0.0000000000E+00
   0.308400               0.000000             0.0000000000E+00
   0.308800               0.250000             1.6242500000E+18
   0.309200               0.000000             0.0000000000E+00
   0.309600               0.000000             0.0000000000E+00
   0.310000               0.000000             0.0000000000E+00
   0.310400               0.000000             0.0000000000E+00
   0.310800               0.000000             0.0000000000E+00
   0.311200               0.000000             0.0000000000E+00
   0.311600               0.000000             0.0000000000E+00
   0.312000               0.000000             0.0000000000E+00
   0.312400               0.000000             0.0000000000E+00
   0.312800               0.000000             0.0000000000E+00
   0.313200               0.000000             0.0000000000E+00
   0.313600               0.000000             0.0000000000E+00
   0.314000               0.000000             0.0000000000E+00
   0.314400               0.000000             0.0000000000E+00
   0.314800               0.000000             0.0000000000E+00
   0.315200               0.000000             0.0000000000E+00
   0.315600               0.000000             0.0000000000E+00
   0.316000               0.000000             0.0000000000E+00
   0.316400               0.000000             0.0000000000E+00
   0.316800               0.000000             0.0000000000E+00
   0.317200               0.000000             0.0000000000E+00
   0.317600               0.000000             0.0000000000E+00
   0.318000               0.000000             0.0000000000E+00
   0.318400               0.250000             1.6242500000E+18
   0.318800               0.000000             0.0000000000E+00
   0.319200               0.000000             0.0000000000E+00
   0.319600               0.000000             0.0000000000E+00
   0.320000               0.000000             0.0000000000E+00
   0.320400               0.000000             0.0000000000E+00
   0.320800               0.000000             0.0000000000E+00
   0.321200               0.000000             0.0000000000E+00
   0.321600               0.000000             0.0000000000E+00
   0.322000               0.000000             0.0000000000E+00
   0.322400               0.000000             0.0000000000E+00
   0.322800               0.000000             0.0000000000E+00
   0.323200               0.000000             0.0000000000E+00
   0.323600               0.000000             0.0000000000E+00
   0.324000               0.000000             0.0000000000E+00
   0.324400               0.000000             0.0000000000E+00
   0.324800               0.000000             0.0000000000E+00
   0.325200               0.000000             0.0000000000E+00
   0.325600               0.000000             0.0000000000E+00
   0.326000               0.000000             0.0000000000E+00
   0.326400               0.000000             0.0000000000E+00
   0.326800               0.000000             0.0000000000E+00
   0.327200               0.000000             0.0000000000E+00
   0.327600               0.000000             0.0000000000E+00
   0.328000               0.000000             0.0000000000E+00
   0.328400               0.250000             1.6242500000E+18
   0.328800               0.000000             0.0000000000E+00
   0.329200               0.000000             0.0000000000E+00
   0.329600               0.000000             0.0000000000E+00
   0.330000               0.000000             0.0000000000E+00
   0.330400               0.000000             0.0000000000E+00
   0.330800               0.000000             0.0000000000E+00
   0.331200               0.000000             0.0000000000E+00
   0.331600               0.000000             0.0000000000E+00
   0.332000               0.000000             0.0000000000E+00
   0.332400               0.000000             0.0000000000E+00
   0.332800               0.000000             0.0000000000E+00
   0.333200               0.000000             0.0000000000E+00
   0.333600               0.000000             0.0000000000E+00
   0.334000               0.000000             0.0000000000E+00
   0.334400               0.000000             0.0000000000E+00
   0.334800               0.000000             0.0000000000E+00
   0.335200               0.000000             0.0000000000E+00
   0.335600               0.000000             0.0000000000E+00
   0.336000               0.000000             0.0000000000E+00
   0.336400               0.000000             0.0000000000E+00
   0.336800               0.000000             0.0000000000E+00
   0.337200               0.000000             0.0000000000E+00
   0.337600               0.000000             0.0000000000E+00
   0.338000               0.000000             0.0000000000E+00
   0.338400               0.000000             0.0000000000E+00
   0.338800               0.000000             0.0000000000E+00
   0.339200               0.000000             0.0000000000E+00
   0.339600               0.000000             0.0000000000E+00
   0.340000               0.000000             0.0000000000E+00
   0.340400               0.000000             0.0000000000E+00
   0.340800               0.000000             0.0000000000E+00
   0.341200               0.000000             0.0000000000E+00
   0.341600               0.000000             0.0000000000E+00
   0.342000               0.000000             0.0000000000E+00
   0.342400               0.000000             0.0000000000E+00
   0.342800               0.000000             0.0000000000E+00
   0.343200               0.000000             0.0000000000E+00
   0.343600               0.000000             0.0000000000E+00
   0.344000               0.000000             0.0000000000E+00
   0.344400               0.000000             0.0000000000E+00
   0.344800               0.000000             0.0000000000E+00
   0.345200               0.000000             0.0000000000E+00
   0.345600               0.000000             0.0000000000E+00
   0.346000               0.000000             0.0000000000E+00
   0.346400               0.000000             0.0000000000E+00
   0.346800               0.000000             0.0000000000E+00
   0.347200               0.000000             0.0000000000E+00
   0.347600               0.000000             0.0000000000E+00
   0.348000               0.000000             0.0000000000E+00
   0.348400               0.000000             0.0000000000E+00
   0.348800               0.000000             0.0000000000E+00
   0.349200               0.000000             0.0000000000E+00
   0.349600               0.000000             0.0000000000E+00
   0.350000               0.000000             0.0000000000E+00
   0.350400               0.000000             0.0000000000E+00
   0.350800               0.000000             0.0000000000E+00
   0.351200               0.000000             0.0000000000E+00
   0.351600               0.000000             0.0000000000E+00
   0.352000               0.000000             0.0000000000E+00
   0.352400               0.000000             0.0000000000E+00
   0.352800               0.000000             0.0000000000E+00
   0.353200               0.000000             0.0000000000E+00
   0.353600               0.000000             0.0000000000E+00
   0.354000               0.000000             0.0000000000E+00
   0.354400               0.000000             0.0000000000E+00
   0.354800               0.000000             0.0000000000E+00
   0.355200               0.000000             0.0000000000E+00
   0.355600               0.000000             0.0000000000E+00
   0.356000               0.000000             0.0000000000E+00
   0.356400               0.000000             0.0000000000E+00
   0.356800               0.000000             0.0000000000E+00
   0.357200               0.000000             0.0000000000E+00
   0.357600               0.000000             0.0000000000E+00
   0.358000               0.000000             0.0000000000E+00
   0.358400               0.000000             0.0000000000E+00
   0.358800               0.000000             0.0000000000E+00
   0.359200               0.000000             0.0000000000E+00
   0.359600               0.000000             0.0000000000E+00
   0.360000               0.000000             0.0000000000E+00
   0.360400               0.000000             0.0000000000E+00
   0.360800               0.000000             0.0000000000E+00
   0.361200               0.000000             0.0000000000E+00
   0.361600               0.000000             0.0000000000E+00
   0.362000               0.000000             0.0000000000E+00
   0.362400               0.000000             0.0000000000E+00
   0.362800               0.000000             0.0000000000E+00
   0.363200               0.000000             0.0000000000E+00
   0.363600               0.000000             0.0000000000E+00
   0.364000               0.000000             0.0000000000E+00
   0.364400               0.000000             0.0000000000E+00
   0.364800               0.000000             0.0000000000E+00
   0.365200               0.000000             0.0000000000E+00
   0.365600               0.000000             0.0000000000E+00
   0.366000               0.000000             0.0000000000E+00
   0.366400               0.000000             0.0000000000E+00
   0.366800               0.000000             0.0000000000E+00
   0.367200               0.000000             0.0000000000E+00
   0.367600               0.000000             0.0000000000E+00
   0.368000               0.000000             0.0000000000E+00
   0.368400               0.000000             0.0000000000E+00
   0.368800               0.000000             0.0000000000E+00
   0.369200               0.000000             0.0000000000E+00
   0.369600               0.000000             0.0000000000E+00
   0.370000               0.000000             0.0000000000E+00
   0.370400               0.000000             0.0000000000E+00
   0.370800               0.000000             0.0000000000E+00
   0.371200               0.000000             0.0000000000E+00
   0.371600               0.000000             0.0000000000E+00
   0.372000               0.000000             0.0000000000E+00
   0.372400               0.000000             0.0000000000E+00
   0.372800               0.000000             0.0000000000E+00
   0.373200               0.000000             0.0000000000E+00
   0.373600               0.000000             0.0000000000E+00
   0.374000               0.000000             0.0000000000E+00
   0.374400               0.000000             0.0000000000E+00
   0.374800               0.250000             1.6242500000E+18
   0.375200               0.000000             0.0000000000E+00
   0.375600               0.000000             0.0000000000E+00
   0.376000               0.000000             0.0000000000E+00
   0.376400               0.000000             0.0000000000E+00
   0.376800               0.000000             0.0000000000E+00
   0.377200               0.000000             0.0000000000E+00
   0.377600               0.000000             0.0000000000E+00
   0.378000               0.000000             0.0000000000E+00
   0.378400               0.000000             0.0000000000E+00
   0.378800               0.000000             0.0000000000E+00
   0.379200               0.000000             0.0000000000E+00
   0.379600               0.000000             0.0000000000E+00
   0.380000               0.000000             0.0000000000E+00
   0.380400               0.000000             0.0000000000E+00
   0.380800               0.000000             0.0000000000E+00
   0.381200               0.000000             0.0000000000E+00
   0.381600               0.000000             0.0000000000E+00
   0.382000               0.000000             0.0000000000E+00
   0.382400               0.000000             0.0000000000E+00
   0.382800               0.000000             0.0000000000E+00
   0.383200               0.000000             0.0000000000E+00
   0.383600               0.000000             0.0000000000E+00
   0.384000               0.000000             0.0000000000E+00
   0.384400               0.000000             0.0000000000E+00
   0.384800               0.000000             0.0000000000E+00
   0.385200               0.000000             0.0000000000E+00
   0.385600               0.000000             0.0000000000E+00
   0.386000               0.000000             0.0000000000E+00
   0.386400               0.000000             0.0000000000E+00
   0.386800               0.000000             0.0000000000E+00
   0.387200               0.000000             0.0000000000E+00
   0.387600               0.000000             0.0000000000E+00
   0.388000               0.000000             0.0000000000E+00
   0.388400               0.000000             0.0000000000E+00
   0.388800               0.000000             0.0000000000E+00
   0.389200               0.000000             0.0000000000E+00
   0.389600               0.000000             0.0000000000E+00
   0.390000               0.000000             0.0000000000E+00
   0.390400               0.000000             0.0000000000E+00
   0.390800               0.000000             0.0000000000E+00
   0.391200               0.000000             0.0000000000E+00
   0.391600               0.000000             0.0000000000E+00
   0.392000               0.000000             0.0000000000E+00
   0.392400               0.000000             0.0000000000E+00
   0.392800               0.000000             0.0000000000E+00
   0.393200               0.000000             0.0000000000E+00
   0.393600               0.000000             0.0000000000E+00
   0.394000               0.000000             0.0000000000E+00
   0.394400               0.000000             0.0000000000E+00
   0.394800               0.000000             0.0000000000E+00
   0.395200               0.000000             0.0000000000E+00
   0.395600               0.000000             0.0000000000E+00
   0.396000               0.000000             0.0000000000E+00
   0.396400               0.000000             0.0000000000E+00
   0.396800               0.000000             0.0000000000E+00
   0.397200               0.000000             0.0000000000E+00
   0.397600               0.000000             0.0000000000E+00
   0.398000               0.000000             0.0000000000E+00
   0.398400               0.000000             0.0000000000E+00
   0.398800               0.000000             0.0000000000E+00
   0.399200               0.000000             0.0000000000E+00
   0.399600               0.000000             0.0000000000E+00
   0.400000               0.000000             0.0000000000E+00