# Cell volume (a.u.)^3. Format: '(a51, ES24.15E3)'   7.069336592516651E+004                                                                                                                                                                                                                                 
# Total number of initial states, Initial states (bandI, bandF) Format : '(3i10)'
        65      1025      1089
# Temperature (K):   300.0
# Initial state, dEPlot (eV), Transition rate Format : '(i10, f10.5, ES24.15E3)'
      1025   0.00000   1.25835354600177E+008
      1026   0.03762   1.35266445615615E+010
      1027   0.03762   4.02191766005239E+010
      1028   0.04537   3.54535002646692E+010
      1029   0.04537   5.27062041013498E+010
      1030   0.05509   3.84697625616670E+010
      1031   0.13777   2.74940235429745E+004
      1032   0.14533   2.66099329979550E+002
      1033   0.14533   6.64303593934856E+010
      1034   0.14909   1.05494914704003E+008
      1035   0.14910   1.05863814551541E+010
      1036   0.14910   2.22375655365928E+009
      1037   0.56491   2.96243961313889E+010
      1038   0.56491   5.85233390515747E+007
      1039   0.56863   3.65880850321014E+009
      1040   0.57819   2.38779504472413E+009
      1041   0.57819   3.85277556543891E+009
      1042   0.58049   2.22538675168663E+008
      1043   0.63831   1.16121706376248E+009
      1044   0.65080   2.22881694017434E+007
      1045   0.65080   2.37531186172809E+007
      1046   0.65150   2.08900052322108E+006
      1047   0.65150   7.74901249762520E+008
      1048   0.65580   3.74814612829910E+008
      1049   0.65810   1.25684368384535E+010
      1050   0.67733   9.32220829659578E+009
      1051   0.67733   6.61516850925532E+008
      1052   0.68407   1.09007132695565E+009
      1053   0.68407   5.49271316085411E+008
      1054   0.68487   1.32431745910206E+010
      1055   0.94119   9.21323748199560E+009
      1056   0.94810   4.99465763427476E+007
      1057   0.94810   4.56102054759328E+006
      1058   0.96216   1.49979096708199E+006
      1059   0.96830   2.62937891680725E+008
      1060   0.97313   2.04408776612984E+008
      1061   0.97313   9.46674529549786E+008
      1062   0.97659   3.06197532899715E+008
      1063   0.97659   1.06974547483668E+008
      1064   0.98076   1.85906853131741E+006
      1065   0.98076   2.27634238739414E+006
      1066   0.98316   4.07039265069176E+008
      1067   0.98316   1.00179364271264E+008
      1068   0.98324   9.26262262624599E+007
      1069   0.98379   1.88722647988710E+008
      1070   0.98413   2.00200732927762E+008
      1071   0.98413   1.15876039252348E+008
      1072   0.98625   2.70628136081504E+008
      1073   0.98721   3.36884764512122E+007
      1074   0.99172   4.58575182229226E+007
      1075   0.99354   4.13346270056587E+009
      1076   0.99354   6.23072040325731E+009
      1077   1.00417   2.77549401180262E+010
      1078   1.00758   4.49873957772117E+008
      1079   1.00758   4.68522926331071E+007
      1080   1.00888   5.66061864579865E+009
      1081   1.00981   8.18828748301477E+008
      1082   1.00981   1.69944732292886E+009
      1083   1.02008   4.12305474917852E+008
      1084   1.03986   4.15043593915004E+009
      1085   1.03986   1.08884683587605E+009
      1086   1.04759   8.08445701826706E+008
      1087   1.05546   1.12687008341257E+006
      1088   1.05546   3.59456522232019E+006
      1089   1.35900   1.21757200432107E+004
