# ib, Total elec. energy diff. from ref. (eV)
   1025      1.0276
   1026      1.0276
   1027      1.0276
   1028      1.0588
   1029      1.0588
   1030      1.0588
   1031      1.2175
   1032      1.2175
   1033      1.2175
   1034      1.2598
   1035      1.2598
   1036      1.2598
   1037      1.2598
   1038      1.2598
   1039      1.2598
   1040      1.2671
   1041      1.2671
   1042      1.2671
   1043      1.3121
   1044      1.3121
   1045      1.3121
   1046      1.3275
   1047      1.3275
   1048      1.3275
   1049      1.3275
   1050      1.3275
   1051      1.3275
   1052      1.4507
   1053      1.4507
   1054      1.4507
   1055      1.5878
   1056      1.5878
   1057      1.5878
   1058      1.6025
   1059      1.6025
   1060      1.6025
   1061      1.6025
   1062      1.6025
   1063      1.6025
   1064      1.6699
   1065      1.6699
   1066      1.6699
   1067      1.7414
   1068      1.7922
   1069      1.7922
   1070      1.7922
   1071      1.8069
   1072      1.8069
   1073      1.8069
   1074      1.8069
   1075      1.8069
   1076      1.8069
   1077      1.8367
   1078      1.8367
   1079      1.8367
   1080      1.9100
   1081      1.9152
   1082      1.9152
   1083      1.9152
   1084      1.9321
   1085      1.9321
   1086      1.9321
   1087      1.9493
   1088      1.9493
