# Energies tabulated for capture? Alternative is scattering.)
   T
# Total number of transitions, Initial States (bandI, bandF), Final State (band) Format : '(5i10)'
        64      1025      1088      1024
# Total-energy difference (Hartree). Format: '(ES24.15E3)'
# With relaxation (for delta function)
 -3.429465810059185E-002
# Electronic only without relaxation (for zeroth-order matrix element)
 -3.184106018569821E-002
# Final Band, Initial Band, Delta Function (Hartree), Zeroth-order (Hartree), First-order (Hartree), Plotting (eV) Format : '(2i10,4ES24.15E3)'
   1025 -3.281088688353787E-002 -3.035728896864423E-002  2.401302498024011E-002
   1026 -3.399571104186797E-002 -3.154211312697433E-002  2.519784913857021E-002
   1027 -3.825979541522065E-002 -3.580619750032701E-002  2.946193351192289E-002
   1028 -4.080173781049615E-002 -3.834813989560251E-002  3.200387590719839E-002
   1029 -4.080173781049615E-002 -3.834813989560251E-002  3.200387590719839E-002
   1030 -4.080173781049615E-002 -3.834813989560251E-002  3.200387590719839E-002
   1031 -4.080173781049615E-002 -3.834813989560251E-002  3.200387590719839E-002
   1032 -4.393305724602614E-002 -4.147945933113251E-002  3.513519534272838E-002
   1033 -4.393308208892954E-002 -4.147948417403591E-002  3.513522018563178E-002
   1034 -4.393326023612026E-002 -4.147966232122663E-002  3.513539833282250E-002
   1035 -4.393326023612026E-002 -4.147966232122663E-002  3.513539833282250E-002
   1036 -4.450097956642726E-002 -4.204738165153363E-002  3.570311766312950E-002
   1037 -4.499342380577576E-002 -4.253982589088212E-002  3.619556190247800E-002
   1038 -5.506673806834378E-002 -5.261314015345014E-002  4.626887616504602E-002
   1039 -5.578165801638474E-002 -5.332806010149110E-002  4.698379611308698E-002
   1040 -5.578165801638474E-002 -5.332806010149110E-002  4.698379611308698E-002
   1041 -5.578165801638474E-002 -5.332806010149110E-002  4.698379611308698E-002
   1042 -5.578165801638474E-002 -5.332806010149110E-002  4.698379611308698E-002
   1043 -5.704432887722144E-002 -5.459073096232780E-002  4.824646697392368E-002
   1044 -5.704432887722144E-002 -5.459073096232780E-002  4.824646697392368E-002
   1045 -5.704432887722144E-002 -5.459073096232780E-002  4.824646697392368E-002
   1046 -5.704432887722144E-002 -5.459073096232780E-002  4.824646697392368E-002
   1047 -5.805605736613723E-002 -5.560245945124359E-002  4.925819546283947E-002
   1048 -5.805605736613723E-002 -5.560245945124359E-002  4.925819546283947E-002
   1049 -5.805605736613723E-002 -5.560245945124359E-002  4.925819546283947E-002
   1050 -5.805605736613723E-002 -5.560245945124359E-002  4.925819546283947E-002
   1051 -5.929484201909235E-002 -5.684124410419872E-002  5.049698011579459E-002
   1052 -5.929484201909235E-002 -5.684124410419872E-002  5.049698011579459E-002
   1053 -5.929484833645787E-002 -5.684125042156424E-002  5.049698643316011E-002
   1054 -5.929484833645787E-002 -5.684125042156424E-002  5.049698643316011E-002
   1055 -6.007410375649974E-002 -5.762050584160611E-002  5.127624185320198E-002
   1056 -6.007412420998237E-002 -5.762052629508874E-002  5.127626230668461E-002
   1057 -6.007429069680764E-002 -5.762069278191401E-002  5.127642879350988E-002
   1058 -6.007429069680764E-002 -5.762069278191401E-002  5.127642879350988E-002
   1059 -6.087779974290614E-002 -5.842420182801250E-002  5.207993783960838E-002
   1060 -6.087779974290614E-002 -5.842420182801250E-002  5.207993783960838E-002
   1061 -6.087779974553154E-002 -5.842420183063790E-002  5.207993784223378E-002
   1062 -6.087779974553154E-002 -5.842420183063790E-002  5.207993784223378E-002
   1063 -6.254081134045297E-002 -6.008721342555934E-002  5.374294943715521E-002
   1064 -6.592716008465194E-002 -6.347356216975830E-002  5.712929818135418E-002
   1065 -6.592716008465194E-002 -6.347356216975830E-002  5.712929818135418E-002
   1066 -6.592716008465194E-002 -6.347356216975830E-002  5.712929818135418E-002
   1067 -6.592716008465194E-002 -6.347356216975830E-002  5.712929818135418E-002
   1068 -6.654868368160316E-002 -6.409508576670953E-002  5.775082177830540E-002
   1069 -6.654868368160316E-002 -6.409508576670953E-002  5.775082177830540E-002
   1070 -6.654868368160316E-002 -6.409508576670953E-002  5.775082177830540E-002
   1071 -6.654868368391847E-002 -6.409508576902484E-002  5.775082178062071E-002
   1072 -6.654869519404144E-002 -6.409509727914781E-002  5.775083329074368E-002
   1073 -6.654869519404144E-002 -6.409509727914781E-002  5.775083329074368E-002
   1074 -6.654869519404144E-002 -6.409509727914781E-002  5.775083329074368E-002
   1075 -6.654869519660717E-002 -6.409509728171353E-002  5.775083329330941E-002
   1076 -6.715634029519185E-002 -6.470274238029822E-002  5.835847839189409E-002
   1077 -6.715634029519185E-002 -6.470274238029822E-002  5.835847839189409E-002
   1078 -6.715634029519185E-002 -6.470274238029822E-002  5.835847839189409E-002
   1079 -6.715634029519185E-002 -6.470274238029822E-002  5.835847839189409E-002
   1080 -7.072209445599187E-002 -6.826849654109823E-002  6.192423255269411E-002
   1081 -7.072210532337048E-002 -6.826850740847684E-002  6.192424342007272E-002
   1082 -7.072210639738963E-002 -6.826850848249599E-002  6.192424449409187E-002
   1083 -7.072210639738963E-002 -6.826850848249599E-002  6.192424449409187E-002
   1084 -7.322591581458593E-002 -7.077231789969229E-002  6.442805391128817E-002
   1085 -7.322591581458593E-002 -7.077231789969229E-002  6.442805391128817E-002
   1086 -7.322591581458593E-002 -7.077231789969229E-002  6.442805391128817E-002
   1087 -7.322591581458593E-002 -7.077231789969229E-002  6.442805391128817E-002
   1088 -7.341019355427586E-002 -7.095659563938223E-002  6.461233165097810E-002
