# Energies tabulated for capture? Alternative is scattering.)
   T
# Total number of transitions, Initial States (bandI, bandF), Final State (band) Format : '(5i10)'
        64      1025      1088      1024
# Total-energy difference (Hartree). Format: '(ES24.15E3)'
# With relaxation (for delta function)
 -3.429465810059185E-002
# Electronic only without relaxation (for zeroth-order matrix element)
 -3.184106018569821E-002
# Final Band, Initial Band, Delta Function (Hartree), Zeroth-order (Hartree), First-order (Hartree), Plotting (eV) Format : '(2i10,4ES24.15E3)'
   1025 -4.021816961129454E-002 -3.776457169640091E-002  3.142030770799678E-002
   1026 -4.021816961129454E-002 -3.776457169640091E-002  3.142030770799678E-002
   1027 -4.021818730152946E-002 -3.776458938663582E-002  3.142032539823170E-002
   1028 -4.136248245356386E-002 -3.890888453867022E-002  3.256462055026610E-002
   1029 -4.136248245356386E-002 -3.890888453867022E-002  3.256462055026610E-002
   1030 -4.136248245356386E-002 -3.890888453867022E-002  3.256462055026610E-002
   1031 -4.719587022700525E-002 -4.474227231211161E-002  3.839800832370749E-002
   1032 -4.719587022700525E-002 -4.474227231211161E-002  3.839800832370749E-002
   1033 -4.719587022700525E-002 -4.474227231211161E-002  3.839800832370749E-002
   1034 -4.875012985649496E-002 -4.629653194160133E-002  3.995226795319720E-002
   1035 -4.875012985649496E-002 -4.629653194160133E-002  3.995226795319720E-002
   1036 -4.875012985649496E-002 -4.629653194160133E-002  3.995226795319720E-002
   1037 -4.875014185295456E-002 -4.629654393806093E-002  3.995227994965680E-002
   1038 -4.875014185295456E-002 -4.629654393806093E-002  3.995227994965680E-002
   1039 -4.875014185295456E-002 -4.629654393806093E-002  3.995227994965680E-002
   1040 -4.901695094688496E-002 -4.656335303199133E-002  4.021908904358720E-002
   1041 -4.901695094688496E-002 -4.656335303199133E-002  4.021908904358720E-002
   1042 -4.901695094688496E-002 -4.656335303199133E-002  4.021908904358720E-002
   1043 -5.067251895660815E-002 -4.821892104171452E-002  4.187465705331039E-002
   1044 -5.067251895660815E-002 -4.821892104171452E-002  4.187465705331039E-002
   1045 -5.067253674568314E-002 -4.821893883078951E-002  4.187467484238538E-002
   1046 -5.123760880961975E-002 -4.878401089472612E-002  4.243974690632199E-002
   1047 -5.123760880961975E-002 -4.878401089472612E-002  4.243974690632199E-002
   1048 -5.123760881191966E-002 -4.878401089702603E-002  4.243974690862190E-002
   1049 -5.123761983182215E-002 -4.878402191692852E-002  4.243975792852439E-002
   1050 -5.123761983182215E-002 -4.878402191692852E-002  4.243975792852439E-002
   1051 -5.123761983182215E-002 -4.878402191692852E-002  4.243975792852439E-002
   1052 -5.576436951678493E-002 -5.331077160189129E-002  4.696650761348717E-002
   1053 -5.576436951871866E-002 -5.331077160382502E-002  4.696650761542090E-002
   1054 -5.576436951871866E-002 -5.331077160382502E-002  4.696650761542090E-002
   1055 -6.080240711942864E-002 -5.834880920453500E-002  5.200454521613088E-002
   1056 -6.080240711942864E-002 -5.834880920453500E-002  5.200454521613088E-002
   1057 -6.080242530603464E-002 -5.834882739114100E-002  5.200456340273688E-002
   1058 -6.134446834512747E-002 -5.889087043023383E-002  5.254660644182971E-002
   1059 -6.134446834512747E-002 -5.889087043023383E-002  5.254660644182971E-002
   1060 -6.134446834512747E-002 -5.889087043023383E-002  5.254660644182971E-002
   1061 -6.134446834512747E-002 -5.889087043023383E-002  5.254660644182971E-002
   1062 -6.134446834512747E-002 -5.889087043023383E-002  5.254660644182971E-002
   1063 -6.134446834512747E-002 -5.889087043023383E-002  5.254660644182971E-002
   1064 -6.382017223978437E-002 -6.136657432489073E-002  5.502231033648661E-002
   1065 -6.382017223978437E-002 -6.136657432489073E-002  5.502231033648661E-002
   1066 -6.382017223978437E-002 -6.136657432489073E-002  5.502231033648661E-002
   1067 -6.644939461900895E-002 -6.399579670411532E-002  5.765153271571119E-002
   1068 -6.831635547840437E-002 -6.586275756351073E-002  5.951849357510661E-002
   1069 -6.831635547840437E-002 -6.586275756351073E-002  5.951849357510661E-002
   1070 -6.831635547840437E-002 -6.586275756351073E-002  5.951849357510661E-002
   1071 -6.885566266601867E-002 -6.640206475112503E-002  6.005780076272091E-002
   1072 -6.885566266601867E-002 -6.640206475112503E-002  6.005780076272091E-002
   1073 -6.885566266601867E-002 -6.640206475112503E-002  6.005780076272091E-002
   1074 -6.885566266851828E-002 -6.640206475362465E-002  6.005780076522052E-002
   1075 -6.885566266851828E-002 -6.640206475362465E-002  6.005780076522052E-002
   1076 -6.885566266851828E-002 -6.640206475362465E-002  6.005780076522052E-002
   1077 -6.994956761980586E-002 -6.749596970491223E-002  6.115170571650810E-002
   1078 -6.994956761980586E-002 -6.749596970491223E-002  6.115170571650810E-002
   1079 -6.994956761980586E-002 -6.749596970491223E-002  6.115170571650810E-002
   1080 -7.264630094334906E-002 -7.019270302845543E-002  6.384843904005130E-002
   1081 -7.283513033517874E-002 -7.038153242028511E-002  6.403726843188098E-002
   1082 -7.283513033517874E-002 -7.038153242028511E-002  6.403726843188098E-002
   1083 -7.283513033517874E-002 -7.038153242028511E-002  6.403726843188098E-002
   1084 -7.345671688370348E-002 -7.100311896880984E-002  6.465885498040572E-002
   1085 -7.345671688652017E-002 -7.100311897162653E-002  6.465885498322241E-002
   1086 -7.345671688652017E-002 -7.100311897162653E-002  6.465885498322241E-002
   1087 -7.409034387946656E-002 -7.163674596457292E-002  6.529248197616880E-002
   1088 -7.409034387946656E-002 -7.163674596457292E-002  6.529248197616880E-002
