# Energies tabulated for capture? Alternative is scattering.)
   T
# Total number of transitions, Initial States (bandI, bandF), Final State (band) Format : '(5i10)'
        64      1025      1088      1024
# Total-energy difference (Hartree). Format: '(ES24.15E3)'
# With relaxation (for delta function)
 -3.429465810059185E-002
# Electronic only without relaxation (for zeroth-order matrix element)
 -3.184106018569821E-002
# Final Band, Initial Band, Delta Function (Hartree), Zeroth-order (Hartree), First-order (Hartree), Plotting (eV) Format : '(2i10,4ES24.15E3)'
   1025 -4.021816960990146E-002 -3.776457169500783E-002  3.142030770660370E-002
   1026 -4.021816960990146E-002 -3.776457169500783E-002  3.142030770660370E-002
   1027 -4.021818730200086E-002 -3.776458938710722E-002  3.142032539870310E-002
   1028 -4.136248245300106E-002 -3.890888453810742E-002  3.256462054970330E-002
   1029 -4.136248245300106E-002 -3.890888453810742E-002  3.256462054970330E-002
   1030 -4.136248245300106E-002 -3.890888453810742E-002  3.256462054970330E-002
   1031 -4.719587022500984E-002 -4.474227231011621E-002  3.839800832171208E-002
   1032 -4.719587022500984E-002 -4.474227231011621E-002  3.839800832171208E-002
   1033 -4.719587022500984E-002 -4.474227231011621E-002  3.839800832171208E-002
   1034 -4.875012985628555E-002 -4.629653194139191E-002  3.995226795298779E-002
   1035 -4.875012985628555E-002 -4.629653194139191E-002  3.995226795298779E-002
   1036 -4.875012985628555E-002 -4.629653194139191E-002  3.995226795298779E-002
   1037 -4.875014185203017E-002 -4.629654393713653E-002  3.995227994873241E-002
   1038 -4.875014185203017E-002 -4.629654393713653E-002  3.995227994873241E-002
   1039 -4.875014185406884E-002 -4.629654393917521E-002  3.995227995077108E-002
   1040 -4.901695094681066E-002 -4.656335303191703E-002  4.021908904351290E-002
   1041 -4.901695094681066E-002 -4.656335303191703E-002  4.021908904351290E-002
   1042 -4.901695094681066E-002 -4.656335303191703E-002  4.021908904351290E-002
   1043 -5.067251895675484E-002 -4.821892104186121E-002  4.187465705345708E-002
   1044 -5.067251895675484E-002 -4.821892104186121E-002  4.187465705345708E-002
   1045 -5.067253674463484E-002 -4.821893882974121E-002  4.187467484133708E-002
   1046 -5.123760880901004E-002 -4.878401089411641E-002  4.243974690571228E-002
   1047 -5.123760880901004E-002 -4.878401089411641E-002  4.243974690571228E-002
   1048 -5.123760881262404E-002 -4.878401089773041E-002  4.243974690932628E-002
   1049 -5.123761983097747E-002 -4.878402191608383E-002  4.243975792767971E-002
   1050 -5.123761983097747E-002 -4.878402191608383E-002  4.243975792767971E-002
   1051 -5.123761983300185E-002 -4.878402191810821E-002  4.243975792970409E-002
   1052 -5.576436951749397E-002 -5.331077160260034E-002  4.696650761419621E-002
   1053 -5.576436951749397E-002 -5.331077160260034E-002  4.696650761419621E-002
   1054 -5.576436951749397E-002 -5.331077160260034E-002  4.696650761419621E-002
   1055 -6.080240712190577E-002 -5.834880920701213E-002  5.200454521860801E-002
   1056 -6.080240712190577E-002 -5.834880920701213E-002  5.200454521860801E-002
   1057 -6.080242530644636E-002 -5.834882739155273E-002  5.200456340314860E-002
   1058 -6.134446834580354E-002 -5.889087043090990E-002  5.254660644250578E-002
   1059 -6.134446834580354E-002 -5.889087043090990E-002  5.254660644250578E-002
   1060 -6.134446834580354E-002 -5.889087043090990E-002  5.254660644250578E-002
   1061 -6.134446834580354E-002 -5.889087043090990E-002  5.254660644250578E-002
   1062 -6.134446834580354E-002 -5.889087043090990E-002  5.254660644250578E-002
   1063 -6.134446834580354E-002 -5.889087043090990E-002  5.254660644250578E-002
   1064 -6.382017223931724E-002 -6.136657432442361E-002  5.502231033601948E-002
   1065 -6.382017223931724E-002 -6.136657432442361E-002  5.502231033601948E-002
   1066 -6.382017223931724E-002 -6.136657432442361E-002  5.502231033601948E-002
   1067 -6.644939461844823E-002 -6.399579670355460E-002  5.765153271515047E-002
   1068 -6.831635547930243E-002 -6.586275756440879E-002  5.951849357600467E-002
   1069 -6.831635547930243E-002 -6.586275756440879E-002  5.951849357600467E-002
   1070 -6.831635547930243E-002 -6.586275756440879E-002  5.951849357600467E-002
   1071 -6.885566266717258E-002 -6.640206475227894E-002  6.005780076387482E-002
   1072 -6.885566266717258E-002 -6.640206475227894E-002  6.005780076387482E-002
   1073 -6.885566266717258E-002 -6.640206475227894E-002  6.005780076387482E-002
   1074 -6.885566266717258E-002 -6.640206475227894E-002  6.005780076387482E-002
   1075 -6.885566266717258E-002 -6.640206475227894E-002  6.005780076387482E-002
   1076 -6.885566266717258E-002 -6.640206475227894E-002  6.005780076387482E-002
   1077 -6.994956762018834E-002 -6.749596970529470E-002  6.115170571689058E-002
   1078 -6.994956762018834E-002 -6.749596970529470E-002  6.115170571689058E-002
   1079 -6.994956762018834E-002 -6.749596970529470E-002  6.115170571689058E-002
   1080 -7.264630094290175E-002 -7.019270302800812E-002  6.384843903960399E-002
   1081 -7.283513033467798E-002 -7.038153241978434E-002  6.403726843138022E-002
   1082 -7.283513033467798E-002 -7.038153241978434E-002  6.403726843138022E-002
   1083 -7.283513033794425E-002 -7.038153242305062E-002  6.403726843464649E-002
   1084 -7.345671688607458E-002 -7.100311897118095E-002  6.465885498277682E-002
   1085 -7.345671688607458E-002 -7.100311897118095E-002  6.465885498277682E-002
   1086 -7.345671688607458E-002 -7.100311897118095E-002  6.465885498277682E-002
   1087 -7.409034388058733E-002 -7.163674596569369E-002  6.529248197728957E-002
   1088 -7.409034388058733E-002 -7.163674596569369E-002  6.529248197728957E-002
