# Energies tabulated for capture? Alternative is scattering.)
   T
# Total number of transitions, Initial States (bandI, bandF), Final State (band) Format : '(5i10)'
        64      1025      1088      1024
# Total-energy difference (Hartree). Format: '(ES24.15E3)'
# With relaxation (for delta function)
 -3.429465810059185E-002
# Electronic only without relaxation (for zeroth-order matrix element)
 -3.184106018569821E-002
# Final Band, Initial Band, Delta Function (Hartree), Zeroth-order (Hartree), First-order (Hartree), Plotting (eV) Format : '(2i10,4ES24.15E3)'
   1025 -3.917915540936714E-002 -3.672555749447351E-002  3.038129350606938E-002
   1026 -3.917915540936714E-002 -3.672555749447351E-002  3.038129350606938E-002
   1027 -4.002853301259035E-002 -3.757493509769672E-002  3.123067110929259E-002
   1028 -4.016582206128536E-002 -3.771222414639172E-002  3.136796015798760E-002
   1029 -4.016583414661584E-002 -3.771223623172221E-002  3.136797224331808E-002
   1030 -4.420560680502736E-002 -4.175200889013372E-002  3.540774490172960E-002
   1031 -4.420560680502736E-002 -4.175200889013372E-002  3.540774490172960E-002
   1032 -4.485216739482845E-002 -4.239856947993481E-002  3.605430549153069E-002
   1033 -4.485216739482845E-002 -4.239856947993481E-002  3.605430549153069E-002
   1034 -4.601879354193875E-002 -4.356519562704511E-002  3.722093163864099E-002
   1035 -4.793032991545806E-002 -4.547673200056443E-002  3.913246801216030E-002
   1036 -4.793032991545806E-002 -4.547673200056443E-002  3.913246801216030E-002
   1037 -5.061964463894075E-002 -4.816604672404712E-002  4.182178273564299E-002
   1038 -5.061965681060165E-002 -4.816605889570802E-002  4.182179490730389E-002
   1039 -5.111087215582066E-002 -4.865727424092703E-002  4.231301025252290E-002
   1040 -5.111087215582066E-002 -4.865727424092703E-002  4.231301025252290E-002
   1041 -5.543905254913484E-002 -5.298545463424120E-002  4.664119064583708E-002
   1042 -5.543905255227538E-002 -5.298545463738175E-002  4.664119064897762E-002
   1043 -5.543905255227538E-002 -5.298545463738175E-002  4.664119064897762E-002
   1044 -5.543905255227538E-002 -5.298545463738175E-002  4.664119064897762E-002
   1045 -5.619402726982747E-002 -5.374042935493384E-002  4.739616536652971E-002
   1046 -5.619403719820176E-002 -5.374043928330813E-002  4.739617529490400E-002
   1047 -5.630487633433967E-002 -5.385127841944604E-002  4.750701443104191E-002
   1048 -5.630487633433967E-002 -5.385127841944604E-002  4.750701443104191E-002
   1049 -5.681139834514276E-002 -5.435780043024913E-002  4.801353644184500E-002
   1050 -5.681139834514276E-002 -5.435780043024913E-002  4.801353644184500E-002
   1051 -5.701195394973257E-002 -5.455835603483894E-002  4.821409204643481E-002
   1052 -5.701195394973257E-002 -5.455835603483894E-002  4.821409204643481E-002
   1053 -5.701195394973257E-002 -5.455835603483894E-002  4.821409204643481E-002
   1054 -5.701195394973257E-002 -5.455835603483894E-002  4.821409204643481E-002
   1055 -5.809893429024815E-002 -5.564533637535451E-002  4.930107238695039E-002
   1056 -6.035909927022798E-002 -5.790550135533434E-002  5.156123736693022E-002
   1057 -6.035909927022798E-002 -5.790550135533434E-002  5.156123736693022E-002
   1058 -6.065115412921113E-002 -5.819755621431749E-002  5.185329222591337E-002
   1059 -6.065115412921113E-002 -5.819755621431749E-002  5.185329222591337E-002
   1060 -6.065116698583767E-002 -5.819756907094403E-002  5.185330508253991E-002
   1061 -6.065116698583767E-002 -5.819756907094403E-002  5.185330508253991E-002
   1062 -6.221689401035985E-002 -5.976329609546621E-002  5.341903210706209E-002
   1063 -6.221689401035985E-002 -5.976329609546621E-002  5.341903210706209E-002
   1064 -6.424388299418654E-002 -6.179028507929291E-002  5.544602109088878E-002
   1065 -6.424388939002496E-002 -6.179029147513132E-002  5.544602748672720E-002
   1066 -6.612981010983726E-002 -6.367621219494363E-002  5.733194820653950E-002
   1067 -6.612981010983726E-002 -6.367621219494363E-002  5.733194820653950E-002
   1068 -6.689869998437037E-002 -6.444510206947673E-002  5.810083808107261E-002
   1069 -6.689869998437037E-002 -6.444510206947673E-002  5.810083808107261E-002
   1070 -6.689871098335537E-002 -6.444511306846173E-002  5.810084908005761E-002
   1071 -6.689871098546113E-002 -6.444511307056749E-002  5.810084908216337E-002
   1072 -6.839097612194056E-002 -6.593737820704693E-002  5.959311421864280E-002
   1073 -6.839097612194056E-002 -6.593737820704693E-002  5.959311421864280E-002
   1074 -6.839097612194056E-002 -6.593737820704693E-002  5.959311421864280E-002
   1075 -6.839097612194056E-002 -6.593737820704693E-002  5.959311421864280E-002
   1076 -6.845446840236058E-002 -6.600087048746694E-002  5.965660649906282E-002
   1077 -6.845446840236058E-002 -6.600087048746694E-002  5.965660649906282E-002
   1078 -6.875320744698016E-002 -6.629960953208652E-002  5.995534554368240E-002
   1079 -6.902742830585423E-002 -6.657383039096060E-002  6.022956640255647E-002
   1080 -6.902742830585423E-002 -6.657383039096060E-002  6.022956640255647E-002
   1081 -6.977476213443634E-002 -6.732116421954271E-002  6.097690023113858E-002
   1082 -6.977476213443634E-002 -6.732116421954271E-002  6.097690023113858E-002
   1083 -6.977476213443634E-002 -6.732116421954271E-002  6.097690023113858E-002
   1084 -6.977476213443634E-002 -6.732116421954271E-002  6.097690023113858E-002
   1085 -7.147762153371434E-002 -6.902402361882071E-002  6.267975963041658E-002
   1086 -7.147762791310164E-002 -6.902402999820800E-002  6.267976600980388E-002
   1087 -7.203126000970678E-002 -6.957766209481314E-002  6.323339810640902E-002
   1088 -7.203126000970678E-002 -6.957766209481314E-002  6.323339810640902E-002
