# Energies tabulated for capture? Alternative is scattering.)
   T
# Total number of transitions, Initial States (bandI, bandF), Final State (band) Format : '(5i10)'
        64      1025      1088      1024
# Total-energy difference (Hartree). Format: '(ES24.15E3)'
# With relaxation (for delta function)
 -3.429465810059185E-002
# Electronic only without relaxation (for zeroth-order matrix element)
 -3.184106018569821E-002
# Final Band, Initial Band, Delta Function (Hartree), Zeroth-order (Hartree), First-order (Hartree), Plotting (eV) Format : '(2i10,4ES24.15E3)'
   1025 -4.021816961062524E-002 -3.776457169573161E-002  3.142030770732748E-002
   1026 -4.021816961062524E-002 -3.776457169573161E-002  3.142030770732748E-002
   1027 -4.021818730216276E-002 -3.776458938726912E-002  3.142032539886500E-002
   1028 -4.136248245469215E-002 -3.890888453979852E-002  3.256462055139439E-002
   1029 -4.136248245469215E-002 -3.890888453979852E-002  3.256462055139439E-002
   1030 -4.136248245469215E-002 -3.890888453979852E-002  3.256462055139439E-002
   1031 -4.719587022559746E-002 -4.474227231070382E-002  3.839800832229970E-002
   1032 -4.719587022559746E-002 -4.474227231070382E-002  3.839800832229970E-002
   1033 -4.719587022559746E-002 -4.474227231070382E-002  3.839800832229970E-002
   1034 -4.875012985554825E-002 -4.629653194065461E-002  3.995226795225049E-002
   1035 -4.875012985554825E-002 -4.629653194065461E-002  3.995226795225049E-002
   1036 -4.875012985554825E-002 -4.629653194065461E-002  3.995226795225049E-002
   1037 -4.875014185276705E-002 -4.629654393787341E-002  3.995227994946929E-002
   1038 -4.875014185276705E-002 -4.629654393787341E-002  3.995227994946929E-002
   1039 -4.875014185276705E-002 -4.629654393787341E-002  3.995227994946929E-002
   1040 -4.901695094689296E-002 -4.656335303199932E-002  4.021908904359520E-002
   1041 -4.901695094689296E-002 -4.656335303199932E-002  4.021908904359520E-002
   1042 -4.901695094689296E-002 -4.656335303199932E-002  4.021908904359520E-002
   1043 -5.067251895672026E-002 -4.821892104182662E-002  4.187465705342250E-002
   1044 -5.067251895672026E-002 -4.821892104182662E-002  4.187465705342250E-002
   1045 -5.067253674435535E-002 -4.821893882946171E-002  4.187467484105759E-002
   1046 -5.123760881025735E-002 -4.878401089536372E-002  4.243974690695959E-002
   1047 -5.123760881025735E-002 -4.878401089536372E-002  4.243974690695959E-002
   1048 -5.123760881025735E-002 -4.878401089536372E-002  4.243974690695959E-002
   1049 -5.123761983113964E-002 -4.878402191624601E-002  4.243975792784188E-002
   1050 -5.123761983113964E-002 -4.878402191624601E-002  4.243975792784188E-002
   1051 -5.123761983113964E-002 -4.878402191624601E-002  4.243975792784188E-002
   1052 -5.576436951672997E-002 -5.331077160183634E-002  4.696650761343221E-002
   1053 -5.576436951672997E-002 -5.331077160183634E-002  4.696650761343221E-002
   1054 -5.576436951672997E-002 -5.331077160183634E-002  4.696650761343221E-002
   1055 -6.080240711945634E-002 -5.834880920456270E-002  5.200454521615858E-002
   1056 -6.080240711945634E-002 -5.834880920456270E-002  5.200454521615858E-002
   1057 -6.080242530705143E-002 -5.834882739215780E-002  5.200456340375367E-002
   1058 -6.134446834514368E-002 -5.889087043025004E-002  5.254660644184592E-002
   1059 -6.134446834514368E-002 -5.889087043025004E-002  5.254660644184592E-002
   1060 -6.134446834514368E-002 -5.889087043025004E-002  5.254660644184592E-002
   1061 -6.134446834514368E-002 -5.889087043025004E-002  5.254660644184592E-002
   1062 -6.134446834514368E-002 -5.889087043025004E-002  5.254660644184592E-002
   1063 -6.134446834514368E-002 -5.889087043025004E-002  5.254660644184592E-002
   1064 -6.382017224030817E-002 -6.136657432541454E-002  5.502231033701041E-002
   1065 -6.382017224030817E-002 -6.136657432541454E-002  5.502231033701041E-002
   1066 -6.382017224030817E-002 -6.136657432541454E-002  5.502231033701041E-002
   1067 -6.644939462051347E-002 -6.399579670561983E-002  5.765153271721571E-002
   1068 -6.831635547786236E-002 -6.586275756296872E-002  5.951849357456460E-002
   1069 -6.831635547786236E-002 -6.586275756296872E-002  5.951849357456460E-002
   1070 -6.831635547786236E-002 -6.586275756296872E-002  5.951849357456460E-002
   1071 -6.885566266823656E-002 -6.640206475334293E-002  6.005780076493880E-002
   1072 -6.885566266823656E-002 -6.640206475334293E-002  6.005780076493880E-002
   1073 -6.885566266823656E-002 -6.640206475334293E-002  6.005780076493880E-002
   1074 -6.885566266823656E-002 -6.640206475334293E-002  6.005780076493880E-002
   1075 -6.885566266823656E-002 -6.640206475334293E-002  6.005780076493880E-002
   1076 -6.885566266823656E-002 -6.640206475334293E-002  6.005780076493880E-002
   1077 -6.994956762110977E-002 -6.749596970621613E-002  6.115170571781200E-002
   1078 -6.994956762110977E-002 -6.749596970621613E-002  6.115170571781200E-002
   1079 -6.994956762110977E-002 -6.749596970621613E-002  6.115170571781200E-002
   1080 -7.264630094453695E-002 -7.019270302964331E-002  6.384843904123919E-002
   1081 -7.283513033612865E-002 -7.038153242123502E-002  6.403726843283089E-002
   1082 -7.283513033612865E-002 -7.038153242123502E-002  6.403726843283089E-002
   1083 -7.283513033612865E-002 -7.038153242123502E-002  6.403726843283089E-002
   1084 -7.345671688373234E-002 -7.100311896883871E-002  6.465885498043458E-002
   1085 -7.345671688641126E-002 -7.100311897151762E-002  6.465885498311350E-002
   1086 -7.345671688641126E-002 -7.100311897151762E-002  6.465885498311350E-002
   1087 -7.409034387945557E-002 -7.163674596456193E-002  6.529248197615781E-002
   1088 -7.409034388182273E-002 -7.163674596692909E-002  6.529248197852497E-002
