# Energies tabulated for capture? Alternative is scattering.)
   T
# Total number of transitions, Initial States (bandI, bandF), Final State (band) Format : '(5i10)'
        64      1025      1088      1024
# Total-energy difference (Hartree). Format: '(ES24.15E3)'
# With relaxation (for delta function)
 -3.429465810059185E-002
# Electronic only without relaxation (for zeroth-order matrix element)
 -3.184106018569821E-002
# Final Band, Initial Band, Delta Function (Hartree), Zeroth-order (Hartree), First-order (Hartree), Plotting (eV) Format : '(2i10,4ES24.15E3)'
   1025 -3.917915540969485E-002 -3.672555749480122E-002  3.038129350639709E-002
   1026 -3.917915540969485E-002 -3.672555749480122E-002  3.038129350639709E-002
   1027 -4.002853301183865E-002 -3.757493509694501E-002  3.123067110854089E-002
   1028 -4.016582206112326E-002 -3.771222414622963E-002  3.136796015782550E-002
   1029 -4.016583414571126E-002 -3.771223623081763E-002  3.136797224241350E-002
   1030 -4.420560680253646E-002 -4.175200888764283E-002  3.540774489923870E-002
   1031 -4.420560680530394E-002 -4.175200889041031E-002  3.540774490200618E-002
   1032 -4.485216739371814E-002 -4.239856947882450E-002  3.605430549042038E-002
   1033 -4.485216739371814E-002 -4.239856947882450E-002  3.605430549042038E-002
   1034 -4.601879354431096E-002 -4.356519562941732E-002  3.722093164101320E-002
   1035 -4.793032991606225E-002 -4.547673200116861E-002  3.913246801276449E-002
   1036 -4.793032991606225E-002 -4.547673200116861E-002  3.913246801276449E-002
   1037 -5.061964464100546E-002 -4.816604672611183E-002  4.182178273770770E-002
   1038 -5.061965681087804E-002 -4.816605889598441E-002  4.182179490758028E-002
   1039 -5.111087215580185E-002 -4.865727424090821E-002  4.231301025250409E-002
   1040 -5.111087215580185E-002 -4.865727424090821E-002  4.231301025250409E-002
   1041 -5.543905254964726E-002 -5.298545463475363E-002  4.664119064634950E-002
   1042 -5.543905254964726E-002 -5.298545463475363E-002  4.664119064634950E-002
   1043 -5.543905255203424E-002 -5.298545463714061E-002  4.664119064873648E-002
   1044 -5.543905255402276E-002 -5.298545463912913E-002  4.664119065072500E-002
   1045 -5.619402727019335E-002 -5.374042935529971E-002  4.739616536689559E-002
   1046 -5.619403720043986E-002 -5.374043928554623E-002  4.739617529714210E-002
   1047 -5.630487633330994E-002 -5.385127841841630E-002  4.750701443001218E-002
   1048 -5.630487633529835E-002 -5.385127842040471E-002  4.750701443200059E-002
   1049 -5.681139834536614E-002 -5.435780043047250E-002  4.801353644206838E-002
   1050 -5.681139834536614E-002 -5.435780043047250E-002  4.801353644206838E-002
   1051 -5.701195394782516E-002 -5.455835603293152E-002  4.821409204452740E-002
   1052 -5.701195394782516E-002 -5.455835603293152E-002  4.821409204452740E-002
   1053 -5.701195394782516E-002 -5.455835603293152E-002  4.821409204452740E-002
   1054 -5.701195395014225E-002 -5.455835603524861E-002  4.821409204684449E-002
   1055 -5.809893429019497E-002 -5.564533637530134E-002  4.930107238689721E-002
   1056 -6.035909926999283E-002 -5.790550135509920E-002  5.156123736669507E-002
   1057 -6.035909927269417E-002 -5.790550135780054E-002  5.156123736939641E-002
   1058 -6.065115412980226E-002 -5.819755621490863E-002  5.185329222650450E-002
   1059 -6.065115412980226E-002 -5.819755621490863E-002  5.185329222650450E-002
   1060 -6.065116698582768E-002 -5.819756907093404E-002  5.185330508252992E-002
   1061 -6.065116698582768E-002 -5.819756907093404E-002  5.185330508252992E-002
   1062 -6.221689401024333E-002 -5.976329609534969E-002  5.341903210694557E-002
   1063 -6.221689401024333E-002 -5.976329609534969E-002  5.341903210694557E-002
   1064 -6.424388299632033E-002 -6.179028508142670E-002  5.544602109302257E-002
   1065 -6.424388938960757E-002 -6.179029147471393E-002  5.544602748630981E-002
   1066 -6.612981010926577E-002 -6.367621219437214E-002  5.733194820596801E-002
   1067 -6.612981010926577E-002 -6.367621219437214E-002  5.733194820596801E-002
   1068 -6.689869998346987E-002 -6.444510206857623E-002  5.810083808017211E-002
   1069 -6.689869998557574E-002 -6.444510207068210E-002  5.810083808227798E-002
   1070 -6.689871098456057E-002 -6.444511306966694E-002  5.810084908126281E-002
   1071 -6.689871098456057E-002 -6.444511306966694E-002  5.810084908126281E-002
   1072 -6.839097612028278E-002 -6.593737820538914E-002  5.959311421698502E-002
   1073 -6.839097612028278E-002 -6.593737820538914E-002  5.959311421698502E-002
   1074 -6.839097612028278E-002 -6.593737820538914E-002  5.959311421698502E-002
   1075 -6.839097612028278E-002 -6.593737820538914E-002  5.959311421698502E-002
   1076 -6.845446840298963E-002 -6.600087048809600E-002  5.965660649969187E-002
   1077 -6.845446840298963E-002 -6.600087048809600E-002  5.965660649969187E-002
   1078 -6.875320744834307E-002 -6.629960953344943E-002  5.995534554504531E-002
   1079 -6.902742830603925E-002 -6.657383039114562E-002  6.022956640274149E-002
   1080 -6.902742830603925E-002 -6.657383039114562E-002  6.022956640274149E-002
   1081 -6.977476213520373E-002 -6.732116422031009E-002  6.097690023190597E-002
   1082 -6.977476213520373E-002 -6.732116422031009E-002  6.097690023190597E-002
   1083 -6.977476213520373E-002 -6.732116422031009E-002  6.097690023190597E-002
   1084 -6.977476213520373E-002 -6.732116422031009E-002  6.097690023190597E-002
   1085 -7.147762153331128E-002 -6.902402361841764E-002  6.267975963001352E-002
   1086 -7.147762791316836E-002 -6.902402999827473E-002  6.267976600987060E-002
   1087 -7.203126001151267E-002 -6.957766209661903E-002  6.323339810821491E-002
   1088 -7.203126001151267E-002 -6.957766209661903E-002  6.323339810821491E-002
