# Energies tabulated for capture? Alternative is scattering.)
   T
# Total number of transitions, Initial States (bandI, bandF), Final State (band) Format : '(5i10)'
        64      1025      1088      1024
# Total-energy difference (Hartree). Format: '(ES24.15E3)'
# With relaxation (for delta function)
 -3.429465810059185E-002
# Electronic only without relaxation (for zeroth-order matrix element)
 -3.184106018569821E-002
# Final Band, Initial Band, Delta Function (Hartree), Zeroth-order (Hartree), First-order (Hartree), Plotting (eV) Format : '(2i10,4ES24.15E3)'
   1025 -4.021816961002936E-002 -3.776457169513572E-002  3.142030770673160E-002
   1026 -4.021816961002936E-002 -3.776457169513572E-002  3.142030770673160E-002
   1027 -4.021818729958054E-002 -3.776458938468691E-002  3.142032539628278E-002
   1028 -4.136248245303134E-002 -3.890888453813771E-002  3.256462054973358E-002
   1029 -4.136248245303134E-002 -3.890888453813771E-002  3.256462054973358E-002
   1030 -4.136248245303134E-002 -3.890888453813771E-002  3.256462054973358E-002
   1031 -4.719587022689795E-002 -4.474227231200431E-002  3.839800832360019E-002
   1032 -4.719587022689795E-002 -4.474227231200431E-002  3.839800832360019E-002
   1033 -4.719587022689795E-002 -4.474227231200431E-002  3.839800832360019E-002
   1034 -4.875012985523444E-002 -4.629653194034081E-002  3.995226795193668E-002
   1035 -4.875012985523444E-002 -4.629653194034081E-002  3.995226795193668E-002
   1036 -4.875012985523444E-002 -4.629653194034081E-002  3.995226795193668E-002
   1037 -4.875014185191856E-002 -4.629654393702493E-002  3.995227994862080E-002
   1038 -4.875014185191856E-002 -4.629654393702493E-002  3.995227994862080E-002
   1039 -4.875014185191856E-002 -4.629654393702493E-002  3.995227994862080E-002
   1040 -4.901695094723385E-002 -4.656335303234022E-002  4.021908904393609E-002
   1041 -4.901695094723385E-002 -4.656335303234022E-002  4.021908904393609E-002
   1042 -4.901695094723385E-002 -4.656335303234022E-002  4.021908904393609E-002
   1043 -5.067251895656724E-002 -4.821892104167361E-002  4.187465705326948E-002
   1044 -5.067251895656724E-002 -4.821892104167361E-002  4.187465705326948E-002
   1045 -5.067253674424715E-002 -4.821893882935352E-002  4.187467484094939E-002
   1046 -5.123760880960965E-002 -4.878401089471601E-002  4.243974690631189E-002
   1047 -5.123760880960965E-002 -4.878401089471601E-002  4.243974690631189E-002
   1048 -5.123760880960965E-002 -4.878401089471601E-002  4.243974690631189E-002
   1049 -5.123761983159175E-002 -4.878402191669812E-002  4.243975792829399E-002
   1050 -5.123761983159175E-002 -4.878402191669812E-002  4.243975792829399E-002
   1051 -5.123761983159175E-002 -4.878402191669812E-002  4.243975792829399E-002
   1052 -5.576436951855207E-002 -5.331077160365844E-002  4.696650761525431E-002
   1053 -5.576436951855207E-002 -5.331077160365844E-002  4.696650761525431E-002
   1054 -5.576436951855207E-002 -5.331077160365844E-002  4.696650761525431E-002
   1055 -6.080240712023705E-002 -5.834880920534341E-002  5.200454521693929E-002
   1056 -6.080240712023705E-002 -5.834880920534341E-002  5.200454521693929E-002
   1057 -6.080242530675595E-002 -5.834882739186231E-002  5.200456340345819E-002
   1058 -6.134446834617963E-002 -5.889087043128599E-002  5.254660644288187E-002
   1059 -6.134446834617963E-002 -5.889087043128599E-002  5.254660644288187E-002
   1060 -6.134446834617963E-002 -5.889087043128599E-002  5.254660644288187E-002
   1061 -6.134446834617963E-002 -5.889087043128599E-002  5.254660644288187E-002
   1062 -6.134446834617963E-002 -5.889087043128599E-002  5.254660644288187E-002
   1063 -6.134446834617963E-002 -5.889087043128599E-002  5.254660644288187E-002
   1064 -6.382017224061715E-002 -6.136657432572351E-002  5.502231033731939E-002
   1065 -6.382017224061715E-002 -6.136657432572351E-002  5.502231033731939E-002
   1066 -6.382017224061715E-002 -6.136657432572351E-002  5.502231033731939E-002
   1067 -6.644939461955424E-002 -6.399579670466060E-002  5.765153271625648E-002
   1068 -6.831635547807025E-002 -6.586275756317661E-002  5.951849357477249E-002
   1069 -6.831635547807025E-002 -6.586275756317661E-002  5.951849357477249E-002
   1070 -6.831635547807025E-002 -6.586275756317661E-002  5.951849357477249E-002
   1071 -6.885566266768917E-002 -6.640206475279553E-002  6.005780076439141E-002
   1072 -6.885566266768917E-002 -6.640206475279553E-002  6.005780076439141E-002
   1073 -6.885566266768917E-002 -6.640206475279553E-002  6.005780076439141E-002
   1074 -6.885566266768917E-002 -6.640206475279553E-002  6.005780076439141E-002
   1075 -6.885566266768917E-002 -6.640206475279553E-002  6.005780076439141E-002
   1076 -6.885566266768917E-002 -6.640206475279553E-002  6.005780076439141E-002
   1077 -6.994956762109167E-002 -6.749596970619803E-002  6.115170571779391E-002
   1078 -6.994956762109167E-002 -6.749596970619803E-002  6.115170571779391E-002
   1079 -6.994956762109167E-002 -6.749596970619803E-002  6.115170571779391E-002
   1080 -7.264630094480684E-002 -7.019270302991321E-002  6.384843904150908E-002
   1081 -7.283513033641614E-002 -7.038153242152251E-002  6.403726843311838E-002
   1082 -7.283513033641614E-002 -7.038153242152251E-002  6.403726843311838E-002
   1083 -7.283513033641614E-002 -7.038153242152251E-002  6.403726843311838E-002
   1084 -7.345671688411465E-002 -7.100311896922101E-002  6.465885498081689E-002
   1085 -7.345671688411465E-002 -7.100311896922101E-002  6.465885498081689E-002
   1086 -7.345671688411465E-002 -7.100311896922101E-002  6.465885498081689E-002
   1087 -7.409034387994085E-002 -7.163674596504721E-002  6.529248197664309E-002
   1088 -7.409034387994085E-002 -7.163674596504721E-002  6.529248197664309E-002
