# Energies tabulated for capture? Alternative is scattering.)
   T
# Total number of transitions, Initial States (bandI, bandF), Final State (band) Format : '(5i10)'
        64      1025      1088      1024
# Total-energy difference (Hartree). Format: '(ES24.15E3)'
# With relaxation (for delta function)
 -3.429465810059185E-002
# Electronic only without relaxation (for zeroth-order matrix element)
 -3.184106018569821E-002
# Final Band, Initial Band, Delta Function (Hartree), Zeroth-order (Hartree), First-order (Hartree), Plotting (eV) Format : '(2i10,4ES24.15E3)'
   1025 -3.281088688369305E-002 -3.035728896879941E-002  2.401302498039529E-002
   1026 -3.399571104363697E-002 -3.154211312874333E-002  2.519784914033921E-002
   1027 -3.825979541415744E-002 -3.580619749926381E-002  2.946193351085968E-002
   1028 -4.080173780792196E-002 -3.834813989302832E-002  3.200387590462420E-002
   1029 -4.080173780792196E-002 -3.834813989302832E-002  3.200387590462420E-002
   1030 -4.080173781114216E-002 -3.834813989624852E-002  3.200387590784440E-002
   1031 -4.080173781114216E-002 -3.834813989624852E-002  3.200387590784440E-002
   1032 -4.393305724846017E-002 -4.147945933356653E-002  3.513519534516241E-002
   1033 -4.393308208825344E-002 -4.147948417335981E-002  3.513522018495568E-002
   1034 -4.393326023625876E-002 -4.147966232136513E-002  3.513539833296100E-002
   1035 -4.393326023625876E-002 -4.147966232136513E-002  3.513539833296100E-002
   1036 -4.450097956519267E-002 -4.204738165029903E-002  3.570311766189491E-002
   1037 -4.499342380596075E-002 -4.253982589106711E-002  3.619556190266299E-002
   1038 -5.506673806877255E-002 -5.261314015387891E-002  4.626887616547479E-002
   1039 -5.578165801645313E-002 -5.332806010155949E-002  4.698379611315537E-002
   1040 -5.578165801645313E-002 -5.332806010155949E-002  4.698379611315537E-002
   1041 -5.578165801645313E-002 -5.332806010155949E-002  4.698379611315537E-002
   1042 -5.578165801645313E-002 -5.332806010155949E-002  4.698379611315537E-002
   1043 -5.704432887605687E-002 -5.459073096116324E-002  4.824646697275911E-002
   1044 -5.704432887852984E-002 -5.459073096363620E-002  4.824646697523208E-002
   1045 -5.704432887852984E-002 -5.459073096363620E-002  4.824646697523208E-002
   1046 -5.704432887852984E-002 -5.459073096363620E-002  4.824646697523208E-002
   1047 -5.805605736584946E-002 -5.560245945095582E-002  4.925819546255170E-002
   1048 -5.805605736584946E-002 -5.560245945095582E-002  4.925819546255170E-002
   1049 -5.805605736584946E-002 -5.560245945095582E-002  4.925819546255170E-002
   1050 -5.805605736584946E-002 -5.560245945095582E-002  4.925819546255170E-002
   1051 -5.929484201987317E-002 -5.684124410497954E-002  5.049698011657541E-002
   1052 -5.929484201987317E-002 -5.684124410497954E-002  5.049698011657541E-002
   1053 -5.929484833632387E-002 -5.684125042143023E-002  5.049698643302611E-002
   1054 -5.929484833632387E-002 -5.684125042143023E-002  5.049698643302611E-002
   1055 -6.007410375649808E-002 -5.762050584160444E-002  5.127624185320032E-002
   1056 -6.007412420945574E-002 -5.762052629456210E-002  5.127626230615798E-002
   1057 -6.007429069487147E-002 -5.762069277997783E-002  5.127642879157371E-002
   1058 -6.007429069487147E-002 -5.762069277997783E-002  5.127642879157371E-002
   1059 -6.087779974393276E-002 -5.842420182903912E-002  5.207993784063500E-002
   1060 -6.087779974393276E-002 -5.842420182903912E-002  5.207993784063500E-002
   1061 -6.087779974607327E-002 -5.842420183117963E-002  5.207993784277551E-002
   1062 -6.087779974607327E-002 -5.842420183117963E-002  5.207993784277551E-002
   1063 -6.254081134036144E-002 -6.008721342546780E-002  5.374294943706368E-002
   1064 -6.592716008328703E-002 -6.347356216839339E-002  5.712929817998927E-002
   1065 -6.592716008328703E-002 -6.347356216839339E-002  5.712929817998927E-002
   1066 -6.592716008328703E-002 -6.347356216839339E-002  5.712929817998927E-002
   1067 -6.592716008328703E-002 -6.347356216839339E-002  5.712929817998927E-002
   1068 -6.654868368070554E-002 -6.409508576581191E-002  5.775082177740778E-002
   1069 -6.654868368302097E-002 -6.409508576812734E-002  5.775082177972321E-002
   1070 -6.654868368302097E-002 -6.409508576812734E-002  5.775082177972321E-002
   1071 -6.654868368302097E-002 -6.409508576812734E-002  5.775082177972321E-002
   1072 -6.654869519315998E-002 -6.409509727826634E-002  5.775083328986222E-002
   1073 -6.654869519315998E-002 -6.409509727826634E-002  5.775083328986222E-002
   1074 -6.654869519574158E-002 -6.409509728084795E-002  5.775083329244382E-002
   1075 -6.654869519574158E-002 -6.409509728084795E-002  5.775083329244382E-002
   1076 -6.715634029417256E-002 -6.470274237927892E-002  5.835847839087480E-002
   1077 -6.715634029417256E-002 -6.470274237927892E-002  5.835847839087480E-002
   1078 -6.715634029417256E-002 -6.470274237927892E-002  5.835847839087480E-002
   1079 -6.715634029417256E-002 -6.470274237927892E-002  5.835847839087480E-002
   1080 -7.072209445586775E-002 -6.826849654097411E-002  6.192423255256999E-002
   1081 -7.072210532324624E-002 -6.826850740835261E-002  6.192424341994848E-002
   1082 -7.072210639726556E-002 -6.826850848237193E-002  6.192424449396780E-002
   1083 -7.072210639726556E-002 -6.826850848237193E-002  6.192424449396780E-002
   1084 -7.322591581509524E-002 -7.077231790020161E-002  6.442805391179748E-002
   1085 -7.322591581509524E-002 -7.077231790020161E-002  6.442805391179748E-002
   1086 -7.322591581509524E-002 -7.077231790020161E-002  6.442805391179748E-002
   1087 -7.322591581509524E-002 -7.077231790020161E-002  6.442805391179748E-002
   1088 -7.341019355497436E-002 -7.095659564008072E-002  6.461233165167660E-002
