# Energies tabulated for capture? Alternative is scattering.)
   T
# Total number of transitions, Initial States (bandI, bandF), Final State (band) Format : '(5i10)'
        64      1025      1088      1024
# Total-energy difference (Hartree). Format: '(ES24.15E3)'
# With relaxation (for delta function)
 -3.429465810059185E-002
# Electronic only without relaxation (for zeroth-order matrix element)
 -3.184106018569821E-002
# Final Band, Initial Band, Delta Function (Hartree), Zeroth-order (Hartree), First-order (Hartree), Plotting (eV) Format : '(2i10,4ES24.15E3)'
   1025 -3.917915540952496E-002 -3.672555749463133E-002  3.038129350622720E-002
   1026 -3.917915540952496E-002 -3.672555749463133E-002  3.038129350622720E-002
   1027 -4.002853301305426E-002 -3.757493509816062E-002  3.123067110975650E-002
   1028 -4.016582206209554E-002 -3.771222414720191E-002  3.136796015879778E-002
   1029 -4.016583414710845E-002 -3.771223623221481E-002  3.136797224381069E-002
   1030 -4.420560680252014E-002 -4.175200888762651E-002  3.540774489922238E-002
   1031 -4.420560680515606E-002 -4.175200889026243E-002  3.540774490185830E-002
   1032 -4.485216739563866E-002 -4.239856948074502E-002  3.605430549234090E-002
   1033 -4.485216739563866E-002 -4.239856948074502E-002  3.605430549234090E-002
   1034 -4.601879354425326E-002 -4.356519562935962E-002  3.722093164095550E-002
   1035 -4.793032991478866E-002 -4.547673199989502E-002  3.913246801149090E-002
   1036 -4.793032991708684E-002 -4.547673200219321E-002  3.913246801378908E-002
   1037 -5.061964464066745E-002 -4.816604672577382E-002  4.182178273736969E-002
   1038 -5.061965680900526E-002 -4.816605889411163E-002  4.182179490570750E-002
   1039 -5.111087215771745E-002 -4.865727424282382E-002  4.231301025441969E-002
   1040 -5.111087215771745E-002 -4.865727424282382E-002  4.231301025441969E-002
   1041 -5.543905254943937E-002 -5.298545463454574E-002  4.664119064614161E-002
   1042 -5.543905255239256E-002 -5.298545463749893E-002  4.664119064909480E-002
   1043 -5.543905255239256E-002 -5.298545463749893E-002  4.664119064909480E-002
   1044 -5.543905255239256E-002 -5.298545463749893E-002  4.664119064909480E-002
   1045 -5.619402726917627E-002 -5.374042935428264E-002  4.739616536587851E-002
   1046 -5.619403720031968E-002 -5.374043928542604E-002  4.739617529702192E-002
   1047 -5.630487633257075E-002 -5.385127841767712E-002  4.750701442927299E-002
   1048 -5.630487633586895E-002 -5.385127842097531E-002  4.750701443257119E-002
   1049 -5.681139834603788E-002 -5.435780043114424E-002  4.801353644274012E-002
   1050 -5.681139834603788E-002 -5.435780043114424E-002  4.801353644274012E-002
   1051 -5.701195394846315E-002 -5.455835603356951E-002  4.821409204516539E-002
   1052 -5.701195394846315E-002 -5.455835603356951E-002  4.821409204516539E-002
   1053 -5.701195394846315E-002 -5.455835603356951E-002  4.821409204516539E-002
   1054 -5.701195394846315E-002 -5.455835603356951E-002  4.821409204516539E-002
   1055 -5.809893429031915E-002 -5.564533637542551E-002  4.930107238702139E-002
   1056 -6.035909927273725E-002 -5.790550135784361E-002  5.156123736943949E-002
   1057 -6.035909927273725E-002 -5.790550135784361E-002  5.156123736943949E-002
   1058 -6.065115413081745E-002 -5.819755621592382E-002  5.185329222751969E-002
   1059 -6.065115413081745E-002 -5.819755621592382E-002  5.185329222751969E-002
   1060 -6.065116698638306E-002 -5.819756907148943E-002  5.185330508308530E-002
   1061 -6.065116698638306E-002 -5.819756907148943E-002  5.185330508308530E-002
   1062 -6.221689401062974E-002 -5.976329609573611E-002  5.341903210733198E-002
   1063 -6.221689401062974E-002 -5.976329609573611E-002  5.341903210733198E-002
   1064 -6.424388299401218E-002 -6.179028507911855E-002  5.544602109071442E-002
   1065 -6.424388938985043E-002 -6.179029147495679E-002  5.544602748655267E-002
   1066 -6.612981010931718E-002 -6.367621219442354E-002  5.733194820601942E-002
   1067 -6.612981010931718E-002 -6.367621219442354E-002  5.733194820601942E-002
   1068 -6.689869998356768E-002 -6.444510206867404E-002  5.810083808026992E-002
   1069 -6.689869998356768E-002 -6.444510206867404E-002  5.810083808026992E-002
   1070 -6.689871098465844E-002 -6.444511306976480E-002  5.810084908136068E-002
   1071 -6.689871098465844E-002 -6.444511306976480E-002  5.810084908136068E-002
   1072 -6.839097612052547E-002 -6.593737820563184E-002  5.959311421722771E-002
   1073 -6.839097612052547E-002 -6.593737820563184E-002  5.959311421722771E-002
   1074 -6.839097612052547E-002 -6.593737820563184E-002  5.959311421722771E-002
   1075 -6.839097612052547E-002 -6.593737820563184E-002  5.959311421722771E-002
   1076 -6.845446840238395E-002 -6.600087048749032E-002  5.965660649908619E-002
   1077 -6.845446840238395E-002 -6.600087048749032E-002  5.965660649908619E-002
   1078 -6.875320744683705E-002 -6.629960953194342E-002  5.995534554353929E-002
   1079 -6.902742830552566E-002 -6.657383039063203E-002  6.022956640222790E-002
   1080 -6.902742830552566E-002 -6.657383039063203E-002  6.022956640222790E-002
   1081 -6.977476213502554E-002 -6.732116422013190E-002  6.097690023172778E-002
   1082 -6.977476213502554E-002 -6.732116422013190E-002  6.097690023172778E-002
   1083 -6.977476213502554E-002 -6.732116422013190E-002  6.097690023172778E-002
   1084 -6.977476213502554E-002 -6.732116422013190E-002  6.097690023172778E-002
   1085 -7.147762153500603E-002 -6.902402362011240E-002  6.267975963170827E-002
   1086 -7.147762791601253E-002 -6.902403000111890E-002  6.267976601271477E-002
   1087 -7.203126001086946E-002 -6.957766209597582E-002  6.323339810757170E-002
   1088 -7.203126001086946E-002 -6.957766209597582E-002  6.323339810757170E-002
