# Energies tabulated for capture? Alternative is scattering.)
   T
# Total number of transitions, Initial States (bandI, bandF), Final State (band) Format : '(5i10)'
        64      1025      1088      1024
# Total-energy difference (Hartree). Format: '(ES24.15E3)'
# With relaxation (for delta function)
 -3.429465810059185E-002
# Electronic only without relaxation (for zeroth-order matrix element)
 -3.184106018569821E-002
# Final Band, Initial Band, Delta Function (Hartree), Zeroth-order (Hartree), First-order (Hartree), Plotting (eV) Format : '(2i10,4ES24.15E3)'
   1025 -3.917915540955136E-002 -3.672555749465772E-002  3.038129350625360E-002
   1026 -3.917915540955136E-002 -3.672555749465772E-002  3.038129350625360E-002
   1027 -4.002853301158854E-002 -3.757493509669491E-002  3.123067110829078E-002
   1028 -4.016582206378136E-002 -3.771222414888772E-002  3.136796016048360E-002
   1029 -4.016583414692354E-002 -3.771223623202991E-002  3.136797224362578E-002
   1030 -4.420560680389704E-002 -4.175200888900341E-002  3.540774490059928E-002
   1031 -4.420560680389704E-002 -4.175200888900341E-002  3.540774490059928E-002
   1032 -4.485216739540615E-002 -4.239856948051252E-002  3.605430549210839E-002
   1033 -4.485216739540615E-002 -4.239856948051252E-002  3.605430549210839E-002
   1034 -4.601879354226004E-002 -4.356519562736641E-002  3.722093163896228E-002
   1035 -4.793032991606425E-002 -4.547673200117061E-002  3.913246801276649E-002
   1036 -4.793032991606425E-002 -4.547673200117061E-002  3.913246801276649E-002
   1037 -5.061964464104465E-002 -4.816604672615102E-002  4.182178273774689E-002
   1038 -5.061965680853286E-002 -4.816605889363923E-002  4.182179490523510E-002
   1039 -5.111087215675375E-002 -4.865727424186012E-002  4.231301025345599E-002
   1040 -5.111087215675375E-002 -4.865727424186012E-002  4.231301025345599E-002
   1041 -5.543905255157378E-002 -5.298545463668014E-002  4.664119064827602E-002
   1042 -5.543905255157378E-002 -5.298545463668014E-002  4.664119064827602E-002
   1043 -5.543905255157378E-002 -5.298545463668014E-002  4.664119064827602E-002
   1044 -5.543905255399684E-002 -5.298545463910320E-002  4.664119065069908E-002
   1045 -5.619402726944506E-002 -5.374042935455142E-002  4.739616536614730E-002
   1046 -5.619403719937405E-002 -5.374043928448041E-002  4.739617529607629E-002
   1047 -5.630487633363124E-002 -5.385127841873760E-002  4.750701443033348E-002
   1048 -5.630487633553827E-002 -5.385127842064463E-002  4.750701443224051E-002
   1049 -5.681139834632287E-002 -5.435780043142924E-002  4.801353644302511E-002
   1050 -5.681139834632287E-002 -5.435780043142924E-002  4.801353644302511E-002
   1051 -5.701195394934216E-002 -5.455835603444853E-002  4.821409204604440E-002
   1052 -5.701195394934216E-002 -5.455835603444853E-002  4.821409204604440E-002
   1053 -5.701195394934216E-002 -5.455835603444853E-002  4.821409204604440E-002
   1054 -5.701195394934216E-002 -5.455835603444853E-002  4.821409204604440E-002
   1055 -5.809893429123036E-002 -5.564533637633673E-002  4.930107238793260E-002
   1056 -6.035909927154887E-002 -5.790550135665523E-002  5.156123736825111E-002
   1057 -6.035909927154887E-002 -5.790550135665523E-002  5.156123736825111E-002
   1058 -6.065115412857003E-002 -5.819755621367639E-002  5.185329222527227E-002
   1059 -6.065115413100103E-002 -5.819755621610739E-002  5.185329222770327E-002
   1060 -6.065116698630557E-002 -5.819756907141194E-002  5.185330508300781E-002
   1061 -6.065116698630557E-002 -5.819756907141194E-002  5.185330508300781E-002
   1062 -6.221689400997743E-002 -5.976329609508380E-002  5.341903210667967E-002
   1063 -6.221689400997743E-002 -5.976329609508380E-002  5.341903210667967E-002
   1064 -6.424388299518907E-002 -6.179028508029544E-002  5.544602109189131E-002
   1065 -6.424388939102738E-002 -6.179029147613374E-002  5.544602748772962E-002
   1066 -6.612981010725405E-002 -6.367621219236042E-002  5.733194820395629E-002
   1067 -6.612981010977664E-002 -6.367621219488301E-002  5.733194820647888E-002
   1068 -6.689869998411513E-002 -6.444510206922149E-002  5.810083808081737E-002
   1069 -6.689869998411513E-002 -6.444510206922149E-002  5.810083808081737E-002
   1070 -6.689871098309996E-002 -6.444511306820633E-002  5.810084907980220E-002
   1071 -6.689871098520578E-002 -6.444511307031214E-002  5.810084908190802E-002
   1072 -6.839097611996237E-002 -6.593737820506873E-002  5.959311421666461E-002
   1073 -6.839097611996237E-002 -6.593737820506873E-002  5.959311421666461E-002
   1074 -6.839097611996237E-002 -6.593737820506873E-002  5.959311421666461E-002
   1075 -6.839097611996237E-002 -6.593737820506873E-002  5.959311421666461E-002
   1076 -6.845446840133013E-002 -6.600087048643649E-002  5.965660649803237E-002
   1077 -6.845446840318875E-002 -6.600087048829512E-002  5.965660649989099E-002
   1078 -6.875320744789726E-002 -6.629960953300362E-002  5.995534554459950E-002
   1079 -6.902742830552394E-002 -6.657383039063031E-002  6.022956640222618E-002
   1080 -6.902742830552394E-002 -6.657383039063031E-002  6.022956640222618E-002
   1081 -6.977476213417755E-002 -6.732116421928391E-002  6.097690023087979E-002
   1082 -6.977476213417755E-002 -6.732116421928391E-002  6.097690023087979E-002
   1083 -6.977476213417755E-002 -6.732116421928391E-002  6.097690023087979E-002
   1084 -6.977476213417755E-002 -6.732116421928391E-002  6.097690023087979E-002
   1085 -7.147762153521164E-002 -6.902402362031801E-002  6.267975963191388E-002
   1086 -7.147762791352408E-002 -6.902402999863044E-002  6.267976601022632E-002
   1087 -7.203126001090354E-002 -6.957766209600991E-002  6.323339810760578E-002
   1088 -7.203126001090354E-002 -6.957766209600991E-002  6.323339810760578E-002
