# Energies tabulated for capture? Alternative is scattering.)
   T
# Total number of transitions, Initial States (bandI, bandF), Final State (band) Format : '(5i10)'
        64      1025      1088      1024
# Total-energy difference (Hartree). Format: '(ES24.15E3)'
# With relaxation (for delta function)
 -3.429465810059185E-002
# Electronic only without relaxation (for zeroth-order matrix element)
 -3.184106018569821E-002
# Final Band, Initial Band, Delta Function (Hartree), Zeroth-order (Hartree), First-order (Hartree), Plotting (eV) Format : '(2i10,4ES24.15E3)'
   1025 -3.917915540983044E-002 -3.672555749493681E-002  3.038129350653268E-002
   1026 -3.917915540983044E-002 -3.672555749493681E-002  3.038129350653268E-002
   1027 -4.002853301251635E-002 -3.757493509762272E-002  3.123067110921859E-002
   1028 -4.016582206183655E-002 -3.771222414694292E-002  3.136796015853879E-002
   1029 -4.016583414608124E-002 -3.771223623118761E-002  3.136797224278348E-002
   1030 -4.420560680327706E-002 -4.175200888838343E-002  3.540774489997930E-002
   1031 -4.420560680569646E-002 -4.175200889080283E-002  3.540774490239870E-002
   1032 -4.485216739349826E-002 -4.239856947860463E-002  3.605430549020050E-002
   1033 -4.485216739349826E-002 -4.239856947860463E-002  3.605430549020050E-002
   1034 -4.601879354356686E-002 -4.356519562867323E-002  3.722093164026910E-002
   1035 -4.793032991421875E-002 -4.547673199932512E-002  3.913246801092099E-002
   1036 -4.793032991710974E-002 -4.547673200221611E-002  3.913246801381198E-002
   1037 -5.061964464064414E-002 -4.816604672575051E-002  4.182178273734638E-002
   1038 -5.061965680856365E-002 -4.816605889367001E-002  4.182179490526589E-002
   1039 -5.111087215741855E-002 -4.865727424252492E-002  4.231301025412079E-002
   1040 -5.111087215741855E-002 -4.865727424252492E-002  4.231301025412079E-002
   1041 -5.543905255088716E-002 -5.298545463599352E-002  4.664119064758940E-002
   1042 -5.543905255088716E-002 -5.298545463599352E-002  4.664119064758940E-002
   1043 -5.543905255088716E-002 -5.298545463599352E-002  4.664119064758940E-002
   1044 -5.543905255333315E-002 -5.298545463843951E-002  4.664119065003539E-002
   1045 -5.619402726974104E-002 -5.374042935484741E-002  4.739616536644328E-002
   1046 -5.619403719835164E-002 -5.374043928345801E-002  4.739617529505388E-002
   1047 -5.630487633216835E-002 -5.385127841727472E-002  4.750701442887059E-002
   1048 -5.630487633434578E-002 -5.385127841945214E-002  4.750701443104802E-002
   1049 -5.681139834595145E-002 -5.435780043105781E-002  4.801353644265369E-002
   1050 -5.681139834595145E-002 -5.435780043105781E-002  4.801353644265369E-002
   1051 -5.701195394783903E-002 -5.455835603294540E-002  4.821409204454127E-002
   1052 -5.701195394783903E-002 -5.455835603294540E-002  4.821409204454127E-002
   1053 -5.701195394987507E-002 -5.455835603498144E-002  4.821409204657731E-002
   1054 -5.701195394987507E-002 -5.455835603498144E-002  4.821409204657731E-002
   1055 -5.809893429137386E-002 -5.564533637648023E-002  4.930107238807610E-002
   1056 -6.035909927196514E-002 -5.790550135707151E-002  5.156123736866738E-002
   1057 -6.035909927196514E-002 -5.790550135707151E-002  5.156123736866738E-002
   1058 -6.065115413009087E-002 -5.819755621519723E-002  5.185329222679311E-002
   1059 -6.065115413009087E-002 -5.819755621519723E-002  5.185329222679311E-002
   1060 -6.065116698563827E-002 -5.819756907074464E-002  5.185330508234051E-002
   1061 -6.065116698563827E-002 -5.819756907074464E-002  5.185330508234051E-002
   1062 -6.221689400975683E-002 -5.976329609486319E-002  5.341903210645907E-002
   1063 -6.221689400975683E-002 -5.976329609486319E-002  5.341903210645907E-002
   1064 -6.424388299569206E-002 -6.179028508079842E-002  5.544602109239430E-002
   1065 -6.424388939153047E-002 -6.179029147663684E-002  5.544602748823271E-002
   1066 -6.612981010831803E-002 -6.367621219342440E-002  5.733194820502027E-002
   1067 -6.612981010831803E-002 -6.367621219342440E-002  5.733194820502027E-002
   1068 -6.689869998524345E-002 -6.444510207034981E-002  5.810083808194569E-002
   1069 -6.689869998524345E-002 -6.444510207034981E-002  5.810083808194569E-002
   1070 -6.689871098422823E-002 -6.444511306933459E-002  5.810084908093047E-002
   1071 -6.689871098422823E-002 -6.444511306933459E-002  5.810084908093047E-002
   1072 -6.839097612132117E-002 -6.593737820642753E-002  5.959311421802341E-002
   1073 -6.839097612132117E-002 -6.593737820642753E-002  5.959311421802341E-002
   1074 -6.839097612132117E-002 -6.593737820642753E-002  5.959311421802341E-002
   1075 -6.839097612132117E-002 -6.593737820642753E-002  5.959311421802341E-002
   1076 -6.845446840079494E-002 -6.600087048590131E-002  5.965660649749718E-002
   1077 -6.845446840304903E-002 -6.600087048815539E-002  5.965660649975127E-002
   1078 -6.875320744805924E-002 -6.629960953316560E-002  5.995534554476148E-002
   1079 -6.902742830368525E-002 -6.657383038879161E-002  6.022956640038749E-002
   1080 -6.902742830707853E-002 -6.657383039218490E-002  6.022956640378077E-002
   1081 -6.977476213596018E-002 -6.732116422106654E-002  6.097690023266242E-002
   1082 -6.977476213596018E-002 -6.732116422106654E-002  6.097690023266242E-002
   1083 -6.977476213596018E-002 -6.732116422106654E-002  6.097690023266242E-002
   1084 -6.977476213596018E-002 -6.732116422106654E-002  6.097690023266242E-002
   1085 -7.147762153427656E-002 -6.902402361938292E-002  6.267975963097880E-002
   1086 -7.147762791370543E-002 -6.902402999881180E-002  6.267976601040767E-002
   1087 -7.203126001174365E-002 -6.957766209685001E-002  6.323339810844589E-002
   1088 -7.203126001174365E-002 -6.957766209685001E-002  6.323339810844589E-002
