# Energies tabulated for capture? Alternative is scattering.)
   T
# Total number of transitions, Initial States (bandI, bandF), Final State (band) Format : '(5i10)'
        64      1025      1088      1024
# Total-energy difference (Hartree). Format: '(ES24.15E3)'
# With relaxation (for delta function)
 -3.429465810059185E-002
# Electronic only without relaxation (for zeroth-order matrix element)
 -3.184106018569821E-002
# Final Band, Initial Band, Delta Function (Hartree), Zeroth-order (Hartree), First-order (Hartree), Plotting (eV) Format : '(2i10,4ES24.15E3)'
   1025 -4.021816961038036E-002 -3.776457169548672E-002  3.142030770708260E-002
   1026 -4.021816961038036E-002 -3.776457169548672E-002  3.142030770708260E-002
   1027 -4.021818730047755E-002 -3.776458938558391E-002  3.142032539717979E-002
   1028 -4.136248245347454E-002 -3.890888453858091E-002  3.256462055017678E-002
   1029 -4.136248245347454E-002 -3.890888453858091E-002  3.256462055017678E-002
   1030 -4.136248245347454E-002 -3.890888453858091E-002  3.256462055017678E-002
   1031 -4.719587022751195E-002 -4.474227231261832E-002  3.839800832421419E-002
   1032 -4.719587022751195E-002 -4.474227231261832E-002  3.839800832421419E-002
   1033 -4.719587022751195E-002 -4.474227231261832E-002  3.839800832421419E-002
   1034 -4.875012985630744E-002 -4.629653194141381E-002  3.995226795300968E-002
   1035 -4.875012985630744E-002 -4.629653194141381E-002  3.995226795300968E-002
   1036 -4.875012985630744E-002 -4.629653194141381E-002  3.995226795300968E-002
   1037 -4.875014185166596E-002 -4.629654393677232E-002  3.995227994836820E-002
   1038 -4.875014185166596E-002 -4.629654393677232E-002  3.995227994836820E-002
   1039 -4.875014185166596E-002 -4.629654393677232E-002  3.995227994836820E-002
   1040 -4.901695094616434E-002 -4.656335303127071E-002  4.021908904286658E-002
   1041 -4.901695094616434E-002 -4.656335303127071E-002  4.021908904286658E-002
   1042 -4.901695094616434E-002 -4.656335303127071E-002  4.021908904286658E-002
   1043 -5.067251895719796E-002 -4.821892104230432E-002  4.187465705390020E-002
   1044 -5.067251895719796E-002 -4.821892104230432E-002  4.187465705390020E-002
   1045 -5.067253674505134E-002 -4.821893883015771E-002  4.187467484175358E-002
   1046 -5.123760880927705E-002 -4.878401089438342E-002  4.243974690597929E-002
   1047 -5.123760880927705E-002 -4.878401089438342E-002  4.243974690597929E-002
   1048 -5.123760881267164E-002 -4.878401089777801E-002  4.243974690937388E-002
   1049 -5.123761983257086E-002 -4.878402191767722E-002  4.243975792927310E-002
   1050 -5.123761983257086E-002 -4.878402191767722E-002  4.243975792927310E-002
   1051 -5.123761983257086E-002 -4.878402191767722E-002  4.243975792927310E-002
   1052 -5.576436951806313E-002 -5.331077160316949E-002  4.696650761476537E-002
   1053 -5.576436951806313E-002 -5.331077160316949E-002  4.696650761476537E-002
   1054 -5.576436951806313E-002 -5.331077160316949E-002  4.696650761476537E-002
   1055 -6.080240712091384E-002 -5.834880920602020E-002  5.200454521761608E-002
   1056 -6.080240712091384E-002 -5.834880920602020E-002  5.200454521761608E-002
   1057 -6.080242530547886E-002 -5.834882739058522E-002  5.200456340218110E-002
   1058 -6.134446834377127E-002 -5.889087042887764E-002  5.254660644047351E-002
   1059 -6.134446834626284E-002 -5.889087043136920E-002  5.254660644296508E-002
   1060 -6.134446834626284E-002 -5.889087043136920E-002  5.254660644296508E-002
   1061 -6.134446834626284E-002 -5.889087043136920E-002  5.254660644296508E-002
   1062 -6.134446834626284E-002 -5.889087043136920E-002  5.254660644296508E-002
   1063 -6.134446834626284E-002 -5.889087043136920E-002  5.254660644296508E-002
   1064 -6.382017224074876E-002 -6.136657432585513E-002  5.502231033745100E-002
   1065 -6.382017224074876E-002 -6.136657432585513E-002  5.502231033745100E-002
   1066 -6.382017224074876E-002 -6.136657432585513E-002  5.502231033745100E-002
   1067 -6.644939461825583E-002 -6.399579670336220E-002  5.765153271495807E-002
   1068 -6.831635547890913E-002 -6.586275756401549E-002  5.951849357561137E-002
   1069 -6.831635547890913E-002 -6.586275756401549E-002  5.951849357561137E-002
   1070 -6.831635547890913E-002 -6.586275756401549E-002  5.951849357561137E-002
   1071 -6.885566266799398E-002 -6.640206475310034E-002  6.005780076469622E-002
   1072 -6.885566266799398E-002 -6.640206475310034E-002  6.005780076469622E-002
   1073 -6.885566266799398E-002 -6.640206475310034E-002  6.005780076469622E-002
   1074 -6.885566266799398E-002 -6.640206475310034E-002  6.005780076469622E-002
   1075 -6.885566266799398E-002 -6.640206475310034E-002  6.005780076469622E-002
   1076 -6.885566266799398E-002 -6.640206475310034E-002  6.005780076469622E-002
   1077 -6.994956761982624E-002 -6.749596970493260E-002  6.115170571652848E-002
   1078 -6.994956761982624E-002 -6.749596970493260E-002  6.115170571652848E-002
   1079 -6.994956761982624E-002 -6.749596970493260E-002  6.115170571652848E-002
   1080 -7.264630094306346E-002 -7.019270302816982E-002  6.384843903976570E-002
   1081 -7.283513033486655E-002 -7.038153241997291E-002  6.403726843156879E-002
   1082 -7.283513033486655E-002 -7.038153241997291E-002  6.403726843156879E-002
   1083 -7.283513033813288E-002 -7.038153242323925E-002  6.403726843483512E-002
   1084 -7.345671688649075E-002 -7.100311897159711E-002  6.465885498319299E-002
   1085 -7.345671688649075E-002 -7.100311897159711E-002  6.465885498319299E-002
   1086 -7.345671688649075E-002 -7.100311897159711E-002  6.465885498319299E-002
   1087 -7.409034388103047E-002 -7.163674596613684E-002  6.529248197773271E-002
   1088 -7.409034388103047E-002 -7.163674596613684E-002  6.529248197773271E-002
