# Energies tabulated for capture? Alternative is scattering.)
   T
# Total number of transitions, Initial States (bandI, bandF), Final State (band) Format : '(5i10)'
        64      1025      1088      1024
# Total-energy difference (Hartree). Format: '(ES24.15E3)'
# With relaxation (for delta function)
 -3.429465810059185E-002
# Electronic only without relaxation (for zeroth-order matrix element)
 -3.184106018569821E-002
# Final Band, Initial Band, Delta Function (Hartree), Zeroth-order (Hartree), First-order (Hartree), Plotting (eV) Format : '(2i10,4ES24.15E3)'
   1025 -4.021816961020086E-002 -3.776457169530723E-002  3.142030770690310E-002
   1026 -4.021816961020086E-002 -3.776457169530723E-002  3.142030770690310E-002
   1027 -4.021818730083115E-002 -3.776458938593752E-002  3.142032539753339E-002
   1028 -4.136248245384236E-002 -3.890888453894872E-002  3.256462055054460E-002
   1029 -4.136248245384236E-002 -3.890888453894872E-002  3.256462055054460E-002
   1030 -4.136248245384236E-002 -3.890888453894872E-002  3.256462055054460E-002
   1031 -4.719587022613966E-002 -4.474227231124603E-002  3.839800832284190E-002
   1032 -4.719587022613966E-002 -4.474227231124603E-002  3.839800832284190E-002
   1033 -4.719587022613966E-002 -4.474227231124603E-002  3.839800832284190E-002
   1034 -4.875012985421845E-002 -4.629653193932481E-002  3.995226795092069E-002
   1035 -4.875012985421845E-002 -4.629653193932481E-002  3.995226795092069E-002
   1036 -4.875012985745505E-002 -4.629653194256142E-002  3.995226795415729E-002
   1037 -4.875014185127505E-002 -4.629654393638141E-002  3.995227994797729E-002
   1038 -4.875014185127505E-002 -4.629654393638141E-002  3.995227994797729E-002
   1039 -4.875014185405976E-002 -4.629654393916613E-002  3.995227995076200E-002
   1040 -4.901695094664554E-002 -4.656335303175191E-002  4.021908904334778E-002
   1041 -4.901695094664554E-002 -4.656335303175191E-002  4.021908904334778E-002
   1042 -4.901695094664554E-002 -4.656335303175191E-002  4.021908904334778E-002
   1043 -5.067251895744634E-002 -4.821892104255271E-002  4.187465705414858E-002
   1044 -5.067251895744634E-002 -4.821892104255271E-002  4.187465705414858E-002
   1045 -5.067253674442615E-002 -4.821893882953251E-002  4.187467484112839E-002
   1046 -5.123760881024375E-002 -4.878401089535012E-002  4.243974690694599E-002
   1047 -5.123760881024375E-002 -4.878401089535012E-002  4.243974690694599E-002
   1048 -5.123760881024375E-002 -4.878401089535012E-002  4.243974690694599E-002
   1049 -5.123761983028796E-002 -4.878402191539433E-002  4.243975792699020E-002
   1050 -5.123761983231484E-002 -4.878402191742121E-002  4.243975792901708E-002
   1051 -5.123761983231484E-002 -4.878402191742121E-002  4.243975792901708E-002
   1052 -5.576436951747793E-002 -5.331077160258429E-002  4.696650761418017E-002
   1053 -5.576436951747793E-002 -5.331077160258429E-002  4.696650761418017E-002
   1054 -5.576436951747793E-002 -5.331077160258429E-002  4.696650761418017E-002
   1055 -6.080240712146634E-002 -5.834880920657270E-002  5.200454521816858E-002
   1056 -6.080240712146634E-002 -5.834880920657270E-002  5.200454521816858E-002
   1057 -6.080242530606295E-002 -5.834882739116931E-002  5.200456340276519E-002
   1058 -6.134446834357155E-002 -5.889087042867791E-002  5.254660644027379E-002
   1059 -6.134446834357155E-002 -5.889087042867791E-002  5.254660644027379E-002
   1060 -6.134446834357155E-002 -5.889087042867791E-002  5.254660644027379E-002
   1061 -6.134446834625606E-002 -5.889087043136243E-002  5.254660644295830E-002
   1062 -6.134446834625606E-002 -5.889087043136243E-002  5.254660644295830E-002
   1063 -6.134446834625606E-002 -5.889087043136243E-002  5.254660644295830E-002
   1064 -6.382017224042774E-002 -6.136657432553411E-002  5.502231033712998E-002
   1065 -6.382017224042774E-002 -6.136657432553411E-002  5.502231033712998E-002
   1066 -6.382017224042774E-002 -6.136657432553411E-002  5.502231033712998E-002
   1067 -6.644939461912447E-002 -6.399579670423083E-002  5.765153271582671E-002
   1068 -6.831635547718257E-002 -6.586275756228893E-002  5.951849357388481E-002
   1069 -6.831635547718257E-002 -6.586275756228893E-002  5.951849357388481E-002
   1070 -6.831635547718257E-002 -6.586275756228893E-002  5.951849357388481E-002
   1071 -6.885566266612747E-002 -6.640206475123384E-002  6.005780076282971E-002
   1072 -6.885566266612747E-002 -6.640206475123384E-002  6.005780076282971E-002
   1073 -6.885566266612747E-002 -6.640206475123384E-002  6.005780076282971E-002
   1074 -6.885566266865156E-002 -6.640206475375793E-002  6.005780076535380E-002
   1075 -6.885566266865156E-002 -6.640206475375793E-002  6.005780076535380E-002
   1076 -6.885566266865156E-002 -6.640206475375793E-002  6.005780076535380E-002
   1077 -6.994956762133026E-002 -6.749596970643662E-002  6.115170571803250E-002
   1078 -6.994956762133026E-002 -6.749596970643662E-002  6.115170571803250E-002
   1079 -6.994956762133026E-002 -6.749596970643662E-002  6.115170571803250E-002
   1080 -7.264630094313046E-002 -7.019270302823682E-002  6.384843903983270E-002
   1081 -7.283513033483646E-002 -7.038153241994283E-002  6.403726843153870E-002
   1082 -7.283513033483646E-002 -7.038153241994283E-002  6.403726843153870E-002
   1083 -7.283513033810263E-002 -7.038153242320899E-002  6.403726843480487E-002
   1084 -7.345671688609207E-002 -7.100311897119843E-002  6.465885498279431E-002
   1085 -7.345671688609207E-002 -7.100311897119843E-002  6.465885498279431E-002
   1086 -7.345671688609207E-002 -7.100311897119843E-002  6.465885498279431E-002
   1087 -7.409034388017754E-002 -7.163674596528391E-002  6.529248197687978E-002
   1088 -7.409034388017754E-002 -7.163674596528391E-002  6.529248197687978E-002
