# Energies tabulated for capture? Alternative is scattering.)
   T
# Total number of transitions, Initial States (bandI, bandF), Final State (band) Format : '(5i10)'
        64      1025      1088      1024
# Total-energy difference (Hartree). Format: '(ES24.15E3)'
# With relaxation (for delta function)
 -3.429465810059185E-002
# Electronic only without relaxation (for zeroth-order matrix element)
 -3.184106018569821E-002
# Final Band, Initial Band, Delta Function (Hartree), Zeroth-order (Hartree), First-order (Hartree), Plotting (eV) Format : '(2i10,4ES24.15E3)'
   1025 -3.917915540857425E-002 -3.672555749368062E-002  3.038129350527649E-002
   1026 -3.917915540857425E-002 -3.672555749368062E-002  3.038129350527649E-002
   1027 -4.002853301245204E-002 -3.757493509755841E-002  3.123067110915428E-002
   1028 -4.016582206318206E-002 -3.771222414828843E-002  3.136796015988430E-002
   1029 -4.016583414668914E-002 -3.771223623179551E-002  3.136797224339138E-002
   1030 -4.420560680306154E-002 -4.175200888816791E-002  3.540774489976378E-002
   1031 -4.420560680591154E-002 -4.175200889101791E-002  3.540774490261378E-002
   1032 -4.485216739478606E-002 -4.239856947989243E-002  3.605430549148830E-002
   1033 -4.485216739478606E-002 -4.239856947989243E-002  3.605430549148830E-002
   1034 -4.601879354274535E-002 -4.356519562785172E-002  3.722093163944759E-002
   1035 -4.793032991568547E-002 -4.547673200079183E-002  3.913246801238771E-002
   1036 -4.793032991568547E-002 -4.547673200079183E-002  3.913246801238771E-002
   1037 -5.061964463959176E-002 -4.816604672469812E-002  4.182178273629400E-002
   1038 -5.061965681073946E-002 -4.816605889584583E-002  4.182179490744170E-002
   1039 -5.111087215719196E-002 -4.865727424229832E-002  4.231301025389420E-002
   1040 -5.111087215719196E-002 -4.865727424229832E-002  4.231301025389420E-002
   1041 -5.543905255203646E-002 -5.298545463714283E-002  4.664119064873870E-002
   1042 -5.543905255203646E-002 -5.298545463714283E-002  4.664119064873870E-002
   1043 -5.543905255203646E-002 -5.298545463714283E-002  4.664119064873870E-002
   1044 -5.543905255203646E-002 -5.298545463714283E-002  4.664119064873870E-002
   1045 -5.619402727095324E-002 -5.374042935605960E-002  4.739616536765548E-002
   1046 -5.619403719879373E-002 -5.374043928390010E-002  4.739617529549597E-002
   1047 -5.630487633232956E-002 -5.385127841743592E-002  4.750701442903180E-002
   1048 -5.630487633468045E-002 -5.385127841978682E-002  4.750701443138269E-002
   1049 -5.681139834445464E-002 -5.435780042956101E-002  4.801353644115688E-002
   1050 -5.681139834445464E-002 -5.435780042956101E-002  4.801353644115688E-002
   1051 -5.701195394869457E-002 -5.455835603380094E-002  4.821409204539681E-002
   1052 -5.701195394869457E-002 -5.455835603380094E-002  4.821409204539681E-002
   1053 -5.701195394869457E-002 -5.455835603380094E-002  4.821409204539681E-002
   1054 -5.701195394869457E-002 -5.455835603380094E-002  4.821409204539681E-002
   1055 -5.809893429131513E-002 -5.564533637642149E-002  4.930107238801737E-002
   1056 -6.035909927008615E-002 -5.790550135519251E-002  5.156123736678839E-002
   1057 -6.035909927008615E-002 -5.790550135519251E-002  5.156123736678839E-002
   1058 -6.065115413074257E-002 -5.819755621584893E-002  5.185329222744481E-002
   1059 -6.065115413074257E-002 -5.819755621584893E-002  5.185329222744481E-002
   1060 -6.065116698622203E-002 -5.819756907132839E-002  5.185330508292427E-002
   1061 -6.065116698622203E-002 -5.819756907132839E-002  5.185330508292427E-002
   1062 -6.221689401017327E-002 -5.976329609527964E-002  5.341903210687551E-002
   1063 -6.221689401017327E-002 -5.976329609527964E-002  5.341903210687551E-002
   1064 -6.424388299580425E-002 -6.179028508091061E-002  5.544602109250649E-002
   1065 -6.424388939164266E-002 -6.179029147674903E-002  5.544602748834490E-002
   1066 -6.612981010821473E-002 -6.367621219332109E-002  5.733194820491697E-002
   1067 -6.612981010821473E-002 -6.367621219332109E-002  5.733194820491697E-002
   1068 -6.689869998480474E-002 -6.444510206991111E-002  5.810083808150698E-002
   1069 -6.689869998480474E-002 -6.444510206991111E-002  5.810083808150698E-002
   1070 -6.689871098378958E-002 -6.444511306889594E-002  5.810084908049182E-002
   1071 -6.689871098378958E-002 -6.444511306889594E-002  5.810084908049182E-002
   1072 -6.839097612016787E-002 -6.593737820527423E-002  5.959311421687011E-002
   1073 -6.839097612016787E-002 -6.593737820527423E-002  5.959311421687011E-002
   1074 -6.839097612016787E-002 -6.593737820527423E-002  5.959311421687011E-002
   1075 -6.839097612016787E-002 -6.593737820527423E-002  5.959311421687011E-002
   1076 -6.845446840122277E-002 -6.600087048632913E-002  5.965660649792501E-002
   1077 -6.845446840327513E-002 -6.600087048838149E-002  5.965660649997737E-002
   1078 -6.875320744677227E-002 -6.629960953187863E-002  5.995534554347451E-002
   1079 -6.902742830437814E-002 -6.657383038948450E-002  6.022956640108038E-002
   1080 -6.902742830437814E-002 -6.657383038948450E-002  6.022956640108038E-002
   1081 -6.977476213310657E-002 -6.732116421821294E-002  6.097690022980881E-002
   1082 -6.977476213595668E-002 -6.732116422106305E-002  6.097690023265892E-002
   1083 -6.977476213595668E-002 -6.732116422106305E-002  6.097690023265892E-002
   1084 -6.977476213595668E-002 -6.732116422106305E-002  6.097690023265892E-002
   1085 -7.147762153469733E-002 -6.902402361980370E-002  6.267975963139957E-002
   1086 -7.147762791304096E-002 -6.902402999814733E-002  6.267976600974320E-002
   1087 -7.203126000977178E-002 -6.957766209487815E-002  6.323339810647402E-002
   1088 -7.203126000977178E-002 -6.957766209487815E-002  6.323339810647402E-002
