# Energies tabulated for capture? Alternative is scattering.)
   T
# Total number of transitions, Initial States (bandI, bandF), Final State (band) Format : '(5i10)'
        64      1025      1088      1024
# Total-energy difference (Hartree). Format: '(ES24.15E3)'
# With relaxation (for delta function)
 -3.429465810059185E-002
# Electronic only without relaxation (for zeroth-order matrix element)
 -3.184106018569821E-002
# Final Band, Initial Band, Delta Function (Hartree), Zeroth-order (Hartree), First-order (Hartree), Plotting (eV) Format : '(2i10,4ES24.15E3)'
   1025 -3.917915541016126E-002 -3.672555749526762E-002  3.038129350686350E-002
   1026 -3.917915541016126E-002 -3.672555749526762E-002  3.038129350686350E-002
   1027 -4.002853301399895E-002 -3.757493509910531E-002  3.123067111070119E-002
   1028 -4.016582206134356E-002 -3.771222414644992E-002  3.136796015804580E-002
   1029 -4.016583414739375E-002 -3.771223623250011E-002  3.136797224409599E-002
   1030 -4.420560680214355E-002 -4.175200888724992E-002  3.540774489884579E-002
   1031 -4.420560680461924E-002 -4.175200888972561E-002  3.540774490132148E-002
   1032 -4.485216739361816E-002 -4.239856947872453E-002  3.605430549032040E-002
   1033 -4.485216739571024E-002 -4.239856948081661E-002  3.605430549241248E-002
   1034 -4.601879354264385E-002 -4.356519562775021E-002  3.722093163934609E-002
   1035 -4.793032991544516E-002 -4.547673200055152E-002  3.913246801214740E-002
   1036 -4.793032991753715E-002 -4.547673200264352E-002  3.913246801423939E-002
   1037 -5.061964463939195E-002 -4.816604672449831E-002  4.182178273609419E-002
   1038 -5.061965680891226E-002 -4.816605889401862E-002  4.182179490561450E-002
   1039 -5.111087215812754E-002 -4.865727424323391E-002  4.231301025482978E-002
   1040 -5.111087215812754E-002 -4.865727424323391E-002  4.231301025482978E-002
   1041 -5.543905255024245E-002 -5.298545463534882E-002  4.664119064694469E-002
   1042 -5.543905255024245E-002 -5.298545463534882E-002  4.664119064694469E-002
   1043 -5.543905255024245E-002 -5.298545463534882E-002  4.664119064694469E-002
   1044 -5.543905255341236E-002 -5.298545463851873E-002  4.664119065011460E-002
   1045 -5.619402726897166E-002 -5.374042935407802E-002  4.739616536567390E-002
   1046 -5.619403719928018E-002 -5.374043928438654E-002  4.739617529598242E-002
   1047 -5.630487633394016E-002 -5.385127841904652E-002  4.750701443064240E-002
   1048 -5.630487633394016E-002 -5.385127841904652E-002  4.750701443064240E-002
   1049 -5.681139834538673E-002 -5.435780043049310E-002  4.801353644208897E-002
   1050 -5.681139834538673E-002 -5.435780043049310E-002  4.801353644208897E-002
   1051 -5.701195394887898E-002 -5.455835603398534E-002  4.821409204558122E-002
   1052 -5.701195394887898E-002 -5.455835603398534E-002  4.821409204558122E-002
   1053 -5.701195394887898E-002 -5.455835603398534E-002  4.821409204558122E-002
   1054 -5.701195394887898E-002 -5.455835603398534E-002  4.821409204558122E-002
   1055 -5.809893429012813E-002 -5.564533637523450E-002  4.930107238683037E-002
   1056 -6.035909927097888E-002 -5.790550135608524E-002  5.156123736768112E-002
   1057 -6.035909927097888E-002 -5.790550135608524E-002  5.156123736768112E-002
   1058 -6.065115412968486E-002 -5.819755621479122E-002  5.185329222638710E-002
   1059 -6.065115412968486E-002 -5.819755621479122E-002  5.185329222638710E-002
   1060 -6.065116698614664E-002 -5.819756907125301E-002  5.185330508284888E-002
   1061 -6.065116698614664E-002 -5.819756907125301E-002  5.185330508284888E-002
   1062 -6.221689401063274E-002 -5.976329609573910E-002  5.341903210733498E-002
   1063 -6.221689401063274E-002 -5.976329609573910E-002  5.341903210733498E-002
   1064 -6.424388299439876E-002 -6.179028507950513E-002  5.544602109110100E-002
   1065 -6.424388939023717E-002 -6.179029147534354E-002  5.544602748693941E-002
   1066 -6.612981011000363E-002 -6.367621219510999E-002  5.733194820670587E-002
   1067 -6.612981011000363E-002 -6.367621219510999E-002  5.733194820670587E-002
   1068 -6.689869998378567E-002 -6.444510206889204E-002  5.810083808048791E-002
   1069 -6.689869998378567E-002 -6.444510206889204E-002  5.810083808048791E-002
   1070 -6.689871098487638E-002 -6.444511306998274E-002  5.810084908157861E-002
   1071 -6.689871098487638E-002 -6.444511306998274E-002  5.810084908157861E-002
   1072 -6.839097611988776E-002 -6.593737820499412E-002  5.959311421659000E-002
   1073 -6.839097611988776E-002 -6.593737820499412E-002  5.959311421659000E-002
   1074 -6.839097611988776E-002 -6.593737820499412E-002  5.959311421659000E-002
   1075 -6.839097611988776E-002 -6.593737820499412E-002  5.959311421659000E-002
   1076 -6.845446840320324E-002 -6.600087048830960E-002  5.965660649990548E-002
   1077 -6.845446840320324E-002 -6.600087048830960E-002  5.965660649990548E-002
   1078 -6.875320744606167E-002 -6.629960953116804E-002  5.995534554276391E-002
   1079 -6.902742830460418E-002 -6.657383038971054E-002  6.022956640130642E-002
   1080 -6.902742830460418E-002 -6.657383038971054E-002  6.022956640130642E-002
   1081 -6.977476213488998E-002 -6.732116421999634E-002  6.097690023159222E-002
   1082 -6.977476213488998E-002 -6.732116421999634E-002  6.097690023159222E-002
   1083 -6.977476213488998E-002 -6.732116421999634E-002  6.097690023159222E-002
   1084 -6.977476213488998E-002 -6.732116421999634E-002  6.097690023159222E-002
   1085 -7.147762153296167E-002 -6.902402361806803E-002  6.267975962966391E-002
   1086 -7.147762791466594E-002 -6.902402999977231E-002  6.267976601136818E-002
   1087 -7.203126001114618E-002 -6.957766209625255E-002  6.323339810784842E-002
   1088 -7.203126001114618E-002 -6.957766209625255E-002  6.323339810784842E-002
