# Energies tabulated for capture? Alternative is scattering.)
   T
# Total number of transitions, Initial States (bandI, bandF), Final State (band) Format : '(5i10)'
        64      1025      1088      1024
# Total-energy difference (Hartree). Format: '(ES24.15E3)'
# With relaxation (for delta function)
 -3.429465810059185E-002
# Electronic only without relaxation (for zeroth-order matrix element)
 -3.184106018569821E-002
# Final Band, Initial Band, Delta Function (Hartree), Zeroth-order (Hartree), First-order (Hartree), Plotting (eV) Format : '(2i10,4ES24.15E3)'
   1025 -3.917915540987024E-002 -3.672555749497661E-002  3.038129350657248E-002
   1026 -3.917915540987024E-002 -3.672555749497661E-002  3.038129350657248E-002
   1027 -4.002853301222065E-002 -3.757493509732701E-002  3.123067110892289E-002
   1028 -4.016582206277267E-002 -3.771222414787903E-002  3.136796015947491E-002
   1029 -4.016583414695876E-002 -3.771223623206513E-002  3.136797224366100E-002
   1030 -4.420560680302116E-002 -4.175200888812752E-002  3.540774489972340E-002
   1031 -4.420560680544275E-002 -4.175200889054911E-002  3.540774490214499E-002
   1032 -4.485216739520184E-002 -4.239856948030821E-002  3.605430549190408E-002
   1033 -4.485216739520184E-002 -4.239856948030821E-002  3.605430549190408E-002
   1034 -4.601879354305174E-002 -4.356519562815811E-002  3.722093163975398E-002
   1035 -4.793032991633805E-002 -4.547673200144442E-002  3.913246801304029E-002
   1036 -4.793032991633805E-002 -4.547673200144442E-002  3.913246801304029E-002
   1037 -5.061964463976645E-002 -4.816604672487282E-002  4.182178273646869E-002
   1038 -5.061965680857167E-002 -4.816605889367803E-002  4.182179490527391E-002
   1039 -5.111087215552645E-002 -4.865727424063282E-002  4.231301025222869E-002
   1040 -5.111087215552645E-002 -4.865727424063282E-002  4.231301025222869E-002
   1041 -5.543905255018794E-002 -5.298545463529430E-002  4.664119064689018E-002
   1042 -5.543905255018794E-002 -5.298545463529430E-002  4.664119064689018E-002
   1043 -5.543905255270226E-002 -5.298545463780863E-002  4.664119064940450E-002
   1044 -5.543905255270226E-002 -5.298545463780863E-002  4.664119064940450E-002
   1045 -5.619402726916117E-002 -5.374042935426754E-002  4.739616536586341E-002
   1046 -5.619403719869498E-002 -5.374043928380134E-002  4.739617529539722E-002
   1047 -5.630487633388714E-002 -5.385127841899351E-002  4.750701443058938E-002
   1048 -5.630487633388714E-002 -5.385127841899351E-002  4.750701443058938E-002
   1049 -5.681139834586818E-002 -5.435780043097455E-002  4.801353644257042E-002
   1050 -5.681139834586818E-002 -5.435780043097455E-002  4.801353644257042E-002
   1051 -5.701195394912695E-002 -5.455835603423331E-002  4.821409204582919E-002
   1052 -5.701195394912695E-002 -5.455835603423331E-002  4.821409204582919E-002
   1053 -5.701195394912695E-002 -5.455835603423331E-002  4.821409204582919E-002
   1054 -5.701195394912695E-002 -5.455835603423331E-002  4.821409204582919E-002
   1055 -5.809893428984703E-002 -5.564533637495339E-002  4.930107238654927E-002
   1056 -6.035909927057415E-002 -5.790550135568051E-002  5.156123736727639E-002
   1057 -6.035909927057415E-002 -5.790550135568051E-002  5.156123736727639E-002
   1058 -6.065115413026245E-002 -5.819755621536882E-002  5.185329222696469E-002
   1059 -6.065115413026245E-002 -5.819755621536882E-002  5.185329222696469E-002
   1060 -6.065116698670087E-002 -5.819756907180723E-002  5.185330508340311E-002
   1061 -6.065116698670087E-002 -5.819756907180723E-002  5.185330508340311E-002
   1062 -6.221689401109037E-002 -5.976329609619674E-002  5.341903210779261E-002
   1063 -6.221689401109037E-002 -5.976329609619674E-002  5.341903210779261E-002
   1064 -6.424388299468936E-002 -6.179028507979573E-002  5.544602109139160E-002
   1065 -6.424388939052778E-002 -6.179029147563414E-002  5.544602748723002E-002
   1066 -6.612981011017144E-002 -6.367621219527780E-002  5.733194820687368E-002
   1067 -6.612981011017144E-002 -6.367621219527780E-002  5.733194820687368E-002
   1068 -6.689869998455295E-002 -6.444510206965931E-002  5.810083808125519E-002
   1069 -6.689869998455295E-002 -6.444510206965931E-002  5.810083808125519E-002
   1070 -6.689871098353783E-002 -6.444511306864420E-002  5.810084908024007E-002
   1071 -6.689871098353783E-002 -6.444511306864420E-002  5.810084908024007E-002
   1072 -6.839097612178813E-002 -6.593737820689449E-002  5.959311421849037E-002
   1073 -6.839097612178813E-002 -6.593737820689449E-002  5.959311421849037E-002
   1074 -6.839097612178813E-002 -6.593737820689449E-002  5.959311421849037E-002
   1075 -6.839097612178813E-002 -6.593737820689449E-002  5.959311421849037E-002
   1076 -6.845446840105945E-002 -6.600087048616582E-002  5.965660649776169E-002
   1077 -6.845446840307623E-002 -6.600087048818259E-002  5.965660649977847E-002
   1078 -6.875320744766816E-002 -6.629960953277453E-002  5.995534554437040E-002
   1079 -6.902742830543923E-002 -6.657383039054560E-002  6.022956640214147E-002
   1080 -6.902742830543923E-002 -6.657383039054560E-002  6.022956640214147E-002
   1081 -6.977476213384254E-002 -6.732116421894890E-002  6.097690023054478E-002
   1082 -6.977476213384254E-002 -6.732116421894890E-002  6.097690023054478E-002
   1083 -6.977476213384254E-002 -6.732116421894890E-002  6.097690023054478E-002
   1084 -6.977476213384254E-002 -6.732116421894890E-002  6.097690023054478E-002
   1085 -7.147762153361414E-002 -6.902402361872051E-002  6.267975963031638E-002
   1086 -7.147762791449858E-002 -6.902402999960494E-002  6.267976601120082E-002
   1087 -7.203126001147214E-002 -6.957766209657851E-002  6.323339810817438E-002
   1088 -7.203126001147214E-002 -6.957766209657851E-002  6.323339810817438E-002
