# Energies tabulated for capture? Alternative is scattering.)
   T
# Total number of transitions, Initial States (bandI, bandF), Final State (band) Format : '(5i10)'
        64      1025      1088      1024
# Total-energy difference (Hartree). Format: '(ES24.15E3)'
# With relaxation (for delta function)
 -3.429465810059185E-002
# Electronic only without relaxation (for zeroth-order matrix element)
 -3.184106018569821E-002
# Final Band, Initial Band, Delta Function (Hartree), Zeroth-order (Hartree), First-order (Hartree), Plotting (eV) Format : '(2i10,4ES24.15E3)'
   1025 -4.021816961145236E-002 -3.776457169655872E-002  3.142030770815460E-002
   1026 -4.021816961145236E-002 -3.776457169655872E-002  3.142030770815460E-002
   1027 -4.021818729993284E-002 -3.776458938503921E-002  3.142032539663508E-002
   1028 -4.136248245241717E-002 -3.890888453752353E-002  3.256462054911941E-002
   1029 -4.136248245241717E-002 -3.890888453752353E-002  3.256462054911941E-002
   1030 -4.136248245241717E-002 -3.890888453752353E-002  3.256462054911941E-002
   1031 -4.719587022567057E-002 -4.474227231077693E-002  3.839800832237281E-002
   1032 -4.719587022567057E-002 -4.474227231077693E-002  3.839800832237281E-002
   1033 -4.719587022567057E-002 -4.474227231077693E-002  3.839800832237281E-002
   1034 -4.875012985592586E-002 -4.629653194103223E-002  3.995226795262810E-002
   1035 -4.875012985592586E-002 -4.629653194103223E-002  3.995226795262810E-002
   1036 -4.875012985592586E-002 -4.629653194103223E-002  3.995226795262810E-002
   1037 -4.875014185144885E-002 -4.629654393655522E-002  3.995227994815109E-002
   1038 -4.875014185144885E-002 -4.629654393655522E-002  3.995227994815109E-002
   1039 -4.875014185439216E-002 -4.629654393949853E-002  3.995227995109440E-002
   1040 -4.901695094618017E-002 -4.656335303128653E-002  4.021908904288241E-002
   1041 -4.901695094618017E-002 -4.656335303128653E-002  4.021908904288241E-002
   1042 -4.901695094618017E-002 -4.656335303128653E-002  4.021908904288241E-002
   1043 -5.067251895749944E-002 -4.821892104260581E-002  4.187465705420168E-002
   1044 -5.067251895749944E-002 -4.821892104260581E-002  4.187465705420168E-002
   1045 -5.067253674371316E-002 -4.821893882881953E-002  4.187467484041540E-002
   1046 -5.123760881043765E-002 -4.878401089554402E-002  4.243974690713989E-002
   1047 -5.123760881043765E-002 -4.878401089554402E-002  4.243974690713989E-002
   1048 -5.123760881043765E-002 -4.878401089554402E-002  4.243974690713989E-002
   1049 -5.123761983176436E-002 -4.878402191687073E-002  4.243975792846660E-002
   1050 -5.123761983176436E-002 -4.878402191687073E-002  4.243975792846660E-002
   1051 -5.123761983176436E-002 -4.878402191687073E-002  4.243975792846660E-002
   1052 -5.576436951746117E-002 -5.331077160256753E-002  4.696650761416341E-002
   1053 -5.576436951746117E-002 -5.331077160256753E-002  4.696650761416341E-002
   1054 -5.576436951746117E-002 -5.331077160256753E-002  4.696650761416341E-002
   1055 -6.080240712156965E-002 -5.834880920667601E-002  5.200454521827189E-002
   1056 -6.080240712156965E-002 -5.834880920667601E-002  5.200454521827189E-002
   1057 -6.080242530629354E-002 -5.834882739139990E-002  5.200456340299578E-002
   1058 -6.134446834555685E-002 -5.889087043066321E-002  5.254660644225909E-002
   1059 -6.134446834555685E-002 -5.889087043066321E-002  5.254660644225909E-002
   1060 -6.134446834555685E-002 -5.889087043066321E-002  5.254660644225909E-002
   1061 -6.134446834555685E-002 -5.889087043066321E-002  5.254660644225909E-002
   1062 -6.134446834555685E-002 -5.889087043066321E-002  5.254660644225909E-002
   1063 -6.134446834555685E-002 -5.889087043066321E-002  5.254660644225909E-002
   1064 -6.382017223987868E-002 -6.136657432498505E-002  5.502231033658092E-002
   1065 -6.382017223987868E-002 -6.136657432498505E-002  5.502231033658092E-002
   1066 -6.382017223987868E-002 -6.136657432498505E-002  5.502231033658092E-002
   1067 -6.644939462119687E-002 -6.399579670630323E-002  5.765153271789911E-002
   1068 -6.831635547883286E-002 -6.586275756393922E-002  5.951849357553510E-002
   1069 -6.831635547883286E-002 -6.586275756393922E-002  5.951849357553510E-002
   1070 -6.831635547883286E-002 -6.586275756393922E-002  5.951849357553510E-002
   1071 -6.885566266633736E-002 -6.640206475144372E-002  6.005780076303960E-002
   1072 -6.885566266633736E-002 -6.640206475144372E-002  6.005780076303960E-002
   1073 -6.885566266633736E-002 -6.640206475144372E-002  6.005780076303960E-002
   1074 -6.885566266633736E-002 -6.640206475144372E-002  6.005780076303960E-002
   1075 -6.885566266882853E-002 -6.640206475393490E-002  6.005780076553077E-002
   1076 -6.885566266882853E-002 -6.640206475393490E-002  6.005780076553077E-002
   1077 -6.994956762167348E-002 -6.749596970677985E-002  6.115170571837572E-002
   1078 -6.994956762167348E-002 -6.749596970677985E-002  6.115170571837572E-002
   1079 -6.994956762167348E-002 -6.749596970677985E-002  6.115170571837572E-002
   1080 -7.264630094165958E-002 -7.019270302676595E-002  6.384843903836182E-002
   1081 -7.283513033650696E-002 -7.038153242161332E-002  6.403726843320920E-002
   1082 -7.283513033650696E-002 -7.038153242161332E-002  6.403726843320920E-002
   1083 -7.283513033650696E-002 -7.038153242161332E-002  6.403726843320920E-002
   1084 -7.345671688405286E-002 -7.100311896915923E-002  6.465885498075510E-002
   1085 -7.345671688405286E-002 -7.100311896915923E-002  6.465885498075510E-002
   1086 -7.345671688405286E-002 -7.100311896915923E-002  6.465885498075510E-002
   1087 -7.409034387986824E-002 -7.163674596497460E-002  6.529248197657048E-002
   1088 -7.409034387986824E-002 -7.163674596497460E-002  6.529248197657048E-002
