# Energies tabulated for capture? Alternative is scattering.)
   T
# Total number of transitions, Initial States (bandI, bandF), Final State (band) Format : '(5i10)'
        64      1025      1088      1024
# Total-energy difference (Hartree). Format: '(ES24.15E3)'
# With relaxation (for delta function)
 -3.429465810059185E-002
# Electronic only without relaxation (for zeroth-order matrix element)
 -3.184106018569821E-002
# Final Band, Initial Band, Delta Function (Hartree), Zeroth-order (Hartree), First-order (Hartree), Plotting (eV) Format : '(2i10,4ES24.15E3)'
   1025 -4.021816961115535E-002 -3.776457169626171E-002  3.142030770785759E-002
   1026 -4.021816961115535E-002 -3.776457169626171E-002  3.142030770785759E-002
   1027 -4.021818730015506E-002 -3.776458938526142E-002  3.142032539685730E-002
   1028 -4.136248245247887E-002 -3.890888453758523E-002  3.256462054918111E-002
   1029 -4.136248245247887E-002 -3.890888453758523E-002  3.256462054918111E-002
   1030 -4.136248245247887E-002 -3.890888453758523E-002  3.256462054918111E-002
   1031 -4.719587022659305E-002 -4.474227231169942E-002  3.839800832329529E-002
   1032 -4.719587022659305E-002 -4.474227231169942E-002  3.839800832329529E-002
   1033 -4.719587022659305E-002 -4.474227231169942E-002  3.839800832329529E-002
   1034 -4.875012985524835E-002 -4.629653194035471E-002  3.995226795195059E-002
   1035 -4.875012985524835E-002 -4.629653194035471E-002  3.995226795195059E-002
   1036 -4.875012985524835E-002 -4.629653194035471E-002  3.995226795195059E-002
   1037 -4.875014185178886E-002 -4.629654393689522E-002  3.995227994849110E-002
   1038 -4.875014185178886E-002 -4.629654393689522E-002  3.995227994849110E-002
   1039 -4.875014185178886E-002 -4.629654393689522E-002  3.995227994849110E-002
   1040 -4.901695094583797E-002 -4.656335303094433E-002  4.021908904254021E-002
   1041 -4.901695094583797E-002 -4.656335303094433E-002  4.021908904254021E-002
   1042 -4.901695094583797E-002 -4.656335303094433E-002  4.021908904254021E-002
   1043 -5.067251895735495E-002 -4.821892104246131E-002  4.187465705405718E-002
   1044 -5.067251895735495E-002 -4.821892104246131E-002  4.187465705405718E-002
   1045 -5.067253674452876E-002 -4.821893882963513E-002  4.187467484123100E-002
   1046 -5.123760881007217E-002 -4.878401089517853E-002  4.243974690677441E-002
   1047 -5.123760881007217E-002 -4.878401089517853E-002  4.243974690677441E-002
   1048 -5.123760881007217E-002 -4.878401089517853E-002  4.243974690677441E-002
   1049 -5.123761983221414E-002 -4.878402191732051E-002  4.243975792891638E-002
   1050 -5.123761983221414E-002 -4.878402191732051E-002  4.243975792891638E-002
   1051 -5.123761983221414E-002 -4.878402191732051E-002  4.243975792891638E-002
   1052 -5.576436951825303E-002 -5.331077160335940E-002  4.696650761495527E-002
   1053 -5.576436951825303E-002 -5.331077160335940E-002  4.696650761495527E-002
   1054 -5.576436951825303E-002 -5.331077160335940E-002  4.696650761495527E-002
   1055 -6.080240712044804E-002 -5.834880920555441E-002  5.200454521715028E-002
   1056 -6.080240712044804E-002 -5.834880920555441E-002  5.200454521715028E-002
   1057 -6.080242530536373E-002 -5.834882739047009E-002  5.200456340206597E-002
   1058 -6.134446834544827E-002 -5.889087043055463E-002  5.254660644215051E-002
   1059 -6.134446834544827E-002 -5.889087043055463E-002  5.254660644215051E-002
   1060 -6.134446834544827E-002 -5.889087043055463E-002  5.254660644215051E-002
   1061 -6.134446834544827E-002 -5.889087043055463E-002  5.254660644215051E-002
   1062 -6.134446834544827E-002 -5.889087043055463E-002  5.254660644215051E-002
   1063 -6.134446834544827E-002 -5.889087043055463E-002  5.254660644215051E-002
   1064 -6.382017223894204E-002 -6.136657432404841E-002  5.502231033564428E-002
   1065 -6.382017224127517E-002 -6.136657432638154E-002  5.502231033797741E-002
   1066 -6.382017224127517E-002 -6.136657432638154E-002  5.502231033797741E-002
   1067 -6.644939461877303E-002 -6.399579670387939E-002  5.765153271547527E-002
   1068 -6.831635547864584E-002 -6.586275756375221E-002  5.951849357534808E-002
   1069 -6.831635547864584E-002 -6.586275756375221E-002  5.951849357534808E-002
   1070 -6.831635547864584E-002 -6.586275756375221E-002  5.951849357534808E-002
   1071 -6.885566266675636E-002 -6.640206475186272E-002  6.005780076345860E-002
   1072 -6.885566266675636E-002 -6.640206475186272E-002  6.005780076345860E-002
   1073 -6.885566266675636E-002 -6.640206475186272E-002  6.005780076345860E-002
   1074 -6.885566266675636E-002 -6.640206475186272E-002  6.005780076345860E-002
   1075 -6.885566266675636E-002 -6.640206475186272E-002  6.005780076345860E-002
   1076 -6.885566266675636E-002 -6.640206475186272E-002  6.005780076345860E-002
   1077 -6.994956762209387E-002 -6.749596970720023E-002  6.115170571879611E-002
   1078 -6.994956762209387E-002 -6.749596970720023E-002  6.115170571879611E-002
   1079 -6.994956762209387E-002 -6.749596970720023E-002  6.115170571879611E-002
   1080 -7.264630094283464E-002 -7.019270302794101E-002  6.384843903953688E-002
   1081 -7.283513033773253E-002 -7.038153242283890E-002  6.403726843443477E-002
   1082 -7.283513033773253E-002 -7.038153242283890E-002  6.403726843443477E-002
   1083 -7.283513033773253E-002 -7.038153242283890E-002  6.403726843443477E-002
   1084 -7.345671688547833E-002 -7.100311897058470E-002  6.465885498218057E-002
   1085 -7.345671688547833E-002 -7.100311897058470E-002  6.465885498218057E-002
   1086 -7.345671688547833E-002 -7.100311897058470E-002  6.465885498218057E-002
   1087 -7.409034387985614E-002 -7.163674596496250E-002  6.529248197655838E-002
   1088 -7.409034387985614E-002 -7.163674596496250E-002  6.529248197655838E-002
