# Total number of k-points, k-point index, spin index Format : '(3i10)'
        27        10         2
# Cell volume (a.u.)^3. Format: '(a51, ES24.15E3)'   7.062330632076545E+004
# Total number of <f|i> elements, Initial States (bandI, bandF), Final States (bandI, bandF) Format : '(5i10)'
        64      1025      1088      1024      1024
# Final Band, Initial Band, Complex <f|i>, |<f|i>|^2, |dE*<f|i>|^2 (Hartree^2) Format : '(2i10,3ES24.15E3)'
   1024   1025  9.215872320637385E-001 -3.027042076071710E-001  9.409528636059884E-001  9.539879906582101E-004
   1024   1026 -1.067323446435893E-001  1.194829045558779E-001  2.566795787422696E-002  3.223618952469515E-005
   1024   1027 -1.533728161769799E-002 -3.498132528536341E-002  1.458925326140982E-003  2.012462143686168E-006
   1024   1028 -1.906121553122515E-002  3.778591295741526E-002  1.791105155553182E-003  2.675075090260924E-006
   1024   1029  4.548232107520324E-003 -8.684688219652778E-003  9.611022477645450E-005  1.438792385677654E-007
   1024   1030 -1.162506599546204E-003 -3.547185353448764E-002  1.259603814766131E-003  1.903579846242432E-006
   1024   1031  2.684914290843591E-002 -2.787678158608520E-003  7.286476244335972E-004  1.170770112063565E-006
   1024   1032  2.141693062082775E-006  6.453595101781966E-005  4.169475822946592E-009  7.302818625717344E-012
   1024   1033  3.598768623195362E-002 -1.098266381792340E-003  1.296319749374920E-003  2.280520837092886E-006
   1024   1034 -8.083404330749474E-003  4.913911749083855E-003  8.948795425216370E-005  1.579929727281567E-007
   1024   1035  6.209785851422065E-003 -6.612478700624556E-003  8.228631488673509E-005  1.465622025626270E-007
   1024   1036  8.162341502395554E-003  1.125719582762730E-002  1.933482767032785E-004  3.535906640668336E-007
   1024   1037 -7.232432533715694E-003  1.680604794647197E-002  3.347513279338641E-004  6.426397581244556E-007
   1024   1038  3.355263053914535E-004  3.166742684452463E-003  1.014083713114283E-005  2.830456575434735E-008
   1024   1039 -1.196157892351451E-002  8.319175391067473E-003  2.122880495308091E-004  6.079023903295883E-007
   1024   1040 -1.065698779691311E-003  6.082167148566181E-003  3.812847111213322E-005  1.097359754180698E-007
   1024   1041  6.414383073735675E-003  3.258387717682674E-004  4.125048112181418E-005  1.191285753041197E-007
   1024   1042 -5.993568714842128E-004 -1.164482657856654E-003  1.715248519844240E-006  4.965402749468392E-009
   1024   1043  2.240201978157939E-003 -7.822791572526615E-004  5.630465582814678E-006  1.681886172708041E-008
   1024   1044  5.566123412664789E-003  7.856115319119401E-003  9.270027775231764E-005  2.771151659815106E-007
   1024   1045 -5.386953218763564E-003 -3.297610019372626E-003  3.989349682101386E-005  1.216049062979684E-007
   1024   1046 -4.197735193819131E-003  8.961111571383544E-003  9.792250135221180E-005  2.992772264438140E-007
   1024   1047 -2.977037154061883E-003  6.047220853656218E-003  4.543163026955951E-005  1.414937775525609E-007
   1024   1048  7.168318691435166E-003 -4.610879524622142E-003  7.264500285255847E-005  2.268897289349677E-007
   1024   1049  6.552916600479655E-003  4.093530014188843E-003  5.969770394990675E-005  1.870917720843122E-007
   1024   1050 -7.720889373009535E-003  1.174031341308331E-002  1.974470917476754E-004  6.212260712111485E-007
   1024   1051 -5.283804377379751E-004 -9.140138372287452E-003  8.382131535154567E-005  2.722469523692228E-007
   1024   1052 -1.812342184736632E-003  1.167975069459591E-002  1.397011604824897E-004  4.550917124605218E-007
   1024   1053 -9.609897678482446E-003 -2.169161999896577E-003  9.705539717269761E-005  3.185172840564271E-007
   1024   1054  5.700423565495490E-004 -4.049817713060729E-004  4.889585233507675E-007  1.610073087372899E-009
   1024   1055  3.198413782929717E-005 -2.079162273385802E-005  1.455276648590560E-009  4.891971522308098E-012
   1024   1056  1.460300910592261E-002 -2.635552857897180E-003  2.201940138144286E-004  7.430617235457414E-007
   1024   1057  1.007363478489820E-003 -1.786484970011256E-003  4.206309725871230E-006  1.424572402859134E-008
   1024   1058  5.697982100094087E-003  5.146074039228041E-003  5.894907803020943E-005  2.003383311076894E-007
   1024   1059  2.560207550836854E-003 -5.810178165131590E-004  6.892244406467761E-006  2.361016513843868E-008
   1024   1060  6.998062902876967E-004 -5.669502270340985E-003  3.263298483732781E-005  1.120710837501965E-007
   1024   1061 -1.505792542696794E-004  9.993431187526384E-003  9.989134101164142E-005  3.496727137972865E-007
   1024   1062 -1.625337366373954E-003 -4.568632386546943E-004  2.850445573365476E-006  1.005020489827930E-008
   1024   1063 -1.938082639650588E-005 -7.200012831472724E-003  5.184056038980369E-005  1.916202292910722E-007
   1024   1064  2.722792096668313E-003 -8.178003866155255E-003  7.429334403652974E-005  3.004203862396907E-007
   1024   1065  4.858802363577938E-003 -3.531849457173457E-003  3.608192099644700E-005  1.462067943117735E-007
   1024   1066 -5.228479502969312E-003  5.823534389086283E-003  6.125055069384077E-005  2.491272599717260E-007
   1024   1067 -3.880500521977586E-003  1.978878940653780E-003  1.897424616283135E-005  7.724365038699846E-008
   1024   1068 -2.348170818138937E-004  2.785118516627664E-004  1.327079134282156E-007  5.457747641896005E-010
   1024   1069  1.076141858401410E-003  1.246493843640689E-003  2.711828201637778E-006  1.115874839583445E-008
   1024   1070 -5.846994780053043E-004  9.744516045182638E-004  1.291429409127894E-006  5.326196675999129E-009
   1024   1071  2.676520268471999E-004 -1.227081318742826E-003  1.577366170283046E-006  6.510860497816513E-009
   1024   1072  3.302602374720009E-003  1.879439917973466E-003  1.443947685077835E-005  6.003554102874046E-008
   1024   1073  8.947466184023225E-003  2.754145186093750E-003  8.764246682032250E-005  3.646700500632796E-007
   1024   1074 -1.102526398038652E-002  5.804468735070519E-003  1.552483031336196E-004  6.471933774192149E-007
   1024   1075  4.363529473368041E-003 -2.285437765813839E-003  2.426361524635972E-005  1.012150715768559E-007
   1024   1076  5.085242097533282E-004 -7.443756079410663E-003  5.566810144166845E-005  2.362633573341944E-007
   1024   1077  8.632016254772967E-004  2.451271781913557E-003  6.753850395032313E-006  2.893424978083670E-008
   1024   1078 -6.653635182579751E-003  3.443757717377001E-003  5.613032835885673E-005  2.424303217653523E-007
   1024   1079 -3.786037613346165E-003 -1.164642691885210E-003  1.569047340943355E-005  6.782400887100328E-008
   1024   1080 -4.501997470898004E-003  7.076103079274426E-003  7.033921601648902E-005  3.304847835471669E-007
   1024   1081 -8.080923288079642E-004  6.572574761060202E-003  4.385175220160385E-005  2.062694779764785E-007
   1024   1082 -9.570529832886138E-004  1.640303732595144E-003  3.606546747987198E-006  1.696704896009391E-008
   1024   1083  2.849630865115376E-004 -1.319272178982064E-003  1.821683042910264E-006  8.675422163184038E-009
   1024   1084  3.631673320939710E-003 -6.184681962772915E-003  5.143934209067390E-005  2.583547198084617E-007
   1024   1085  2.653644683023267E-003 -6.739286645279446E-004  7.496009948610075E-006  3.777405654677262E-008
   1024   1086 -8.095209186928824E-005 -1.137264508997397E-003  1.299923804603103E-006  6.563838341325550E-009
   1024   1087  1.546416003114682E-003 -5.246643837462032E-004  2.666675170260971E-006  1.353760333766654E-008
   1024   1088 -3.678818174717499E-003  2.503519527786257E-003  1.980131318863891E-005  1.006589923496499E-007
