# Total number of k-points, k-point index, spin index Format : '(3i10)'
        27        15         1
# Cell volume (a.u.)^3. Format: '(a51, ES24.15E3)'   7.062330632076545E+004
# Total number of <f|i> elements, Initial States (bandI, bandF), Final States (bandI, bandF) Format : '(5i10)'
        64      1025      1088      1024      1024
# Final Band, Initial Band, Complex <f|i>, |<f|i>|^2, |dE*<f|i>|^2 (Hartree^2) Format : '(2i10,3ES24.15E3)'
   1024   1025  2.248561699826049E-002  2.381094449082154E-002  1.072564049337446E-003  1.087422401116280E-006
   1024   1026  6.860863819825111E-003 -5.554129464006555E-003  7.791980645713097E-005  7.916031492930174E-008
   1024   1027 -4.889130821902977E-002  1.000258512334459E-001  1.239553093434361E-002  1.259531060174889E-005
   1024   1028  6.287234071678087E-002  8.118085534627399E-002  1.054326250195965E-002  1.139400978904817E-005
   1024   1029  4.150380685218019E-002  8.476646973709796E-003  1.794419527139983E-003  1.976745206726058E-006
   1024   1030  1.645864191219899E-002  2.494621761307043E-002  8.932006667926585E-004  9.890779817047293E-007
   1024   1031  2.757435192225464E-002 -6.097096120247288E-002  4.477802993885801E-003  6.691125820426841E-006
   1024   1032  8.085803166834533E-003  4.623503235178616E-002  2.203058429423505E-003  3.332453152335865E-006
   1024   1033  9.890707934618192E-003 -2.478767501175979E-002  7.122549359365402E-004  1.079412786526768E-006
   1024   1034 -8.723665006514909E-003 -8.639769737822205E-003  1.507479522684811E-004  2.414654643691802E-007
   1024   1035  2.349111686626655E-002 -9.189875788092295E-004  5.526771097945982E-004  8.857265123898878E-007
   1024   1036  2.369139947820228E-002 -1.249602072294950E-002  7.174329431441466E-004  1.153252098139189E-006
   1024   1037 -3.179257399391626E-002  2.928404887505504E-002  1.868323279675253E-003  3.032666591218077E-006
   1024   1038  4.425634342340738E-002  3.896858544508622E-002  3.477174584801559E-003  5.706993220477325E-006
   1024   1039 -3.543360480662059E-002 -3.699770042487355E-002  2.624370186320455E-003  4.312159077639028E-006
   1024   1040 -1.877386972985388E-002 -1.075601632519302E-002  4.681500718213426E-004  7.784947445905056E-007
   1024   1041 -1.170743002631637E-002  4.777601824350407E-002  2.419611837024728E-003  4.040678386883111E-006
   1024   1042 -1.673517157113057E-002 -6.951110442699017E-002  5.111859606175110E-003  8.596933531641519E-006
   1024   1043 -1.639318610277713E-002 -1.353271684844009E-002  4.518709759003394E-004  8.075166899333323E-007
   1024   1044 -5.066685013784320E-003 -6.737785654913954E-003  7.106905256047089E-005  1.279623057767100E-007
   1024   1045 -2.927428289967816E-002 -6.817216825508948E-002  5.504428163890620E-003  9.931503301768294E-006
   1024   1046  1.171312296019231E-002 -5.890112075475080E-003  1.718906697422417E-004  3.118677449091516E-007
   1024   1047 -1.502740426443949E-002  2.479589176771783E-003  2.319712414124580E-004  4.211829775104397E-007
   1024   1048 -8.556129219833180E-003 -4.689695357043040E-003  9.520058976835420E-005  1.738450698846759E-007
   1024   1049  2.969874058622669E-002 -4.588229014295232E-002  2.987199741170049E-003  5.587491112514446E-006
   1024   1050 -1.177296512350451E-002 -8.977693627037384E-003  2.192016906602013E-004  4.134883103613420E-007
   1024   1051  5.205976384795175E-002  5.171197666618019E-002  5.384347542628068E-003  1.024155532563065E-005
   1024   1052 -1.869404558917173E-002 -2.291279009749479E-002  8.744632905418863E-004  1.960012278601593E-006
   1024   1053  1.455814705516716E-002  4.825301890950648E-002  2.540293479561062E-003  5.739499900517999E-006
   1024   1054  4.890421470530719E-002 -2.501659559579380E-002  3.017452271146273E-003  6.838559712146757E-006
   1024   1055  1.339394154641205E-002  5.434323757291640E-003  2.089295448477672E-004  5.675845827027682E-007
   1024   1056  2.091784910123034E-002  1.056140980808437E-002  5.490997881561436E-004  1.506108480773734E-006
   1024   1057 -3.705349907398064E-002 -3.589463445938757E-003  1.385846041455215E-003  3.806645319154281E-006
   1024   1058  2.912960723106071E-003  3.506811871215087E-003  2.078306967445371E-005  5.769842086289883E-008
   1024   1059 -4.689385747727616E-002 -6.366300945338230E-003  2.239563656825704E-003  6.237388571067111E-006
   1024   1060  5.773434107871531E-002 -2.966611313881022E-002  4.213332408558122E-003  1.175744847809453E-005
   1024   1061  4.641178766248755E-003  2.725179205110667E-002  7.642007103370388E-004  2.151967450832796E-006
   1024   1062 -1.359062923555490E-002  8.982676121663966E-003  2.653936733250316E-004  7.567810110268460E-007
   1024   1063  2.337447622063493E-002  1.119887908097939E-002  6.717810312594256E-004  1.927511605899473E-006
   1024   1064 -5.223629169677349E-002  2.148269792180477E-002  3.190136480229923E-003  9.778912616938597E-006
   1024   1065 -1.612957496776575E-002  5.548410485865230E-003  2.909480475604349E-004  8.971968529263782E-007
   1024   1066  2.504504739386904E-003  1.065383239242720E-002  1.197766886355425E-004  3.694562388123825E-007
   1024   1067  2.387395415381160E-002 -1.544560653922624E-002  8.085324483028864E-004  2.723567145220997E-006
   1024   1068  1.773656413959954E-002  1.960524481978545E-002  6.989513319218526E-004  2.485598917067556E-006
   1024   1069  1.890569585434562E-002  1.636773284892997E-002  6.253280143509623E-004  2.245044940944822E-006
   1024   1070  1.269450462860393E-002 -1.281698981405551E-002  3.254256756592493E-004  1.168907793876028E-006
   1024   1071 -3.550973544251984E-002 -1.619865093762328E-002  1.523337603396713E-003  5.522834954399215E-006
   1024   1072  3.286149413090587E-002 -1.335226712749888E-002  1.258160833959648E-003  4.574011290870114E-006
   1024   1073  2.164827761975507E-003 -1.739966973327816E-002  3.074349860661761E-004  1.120221173222604E-006
   1024   1074  4.717336436992309E-003  2.243617612306556E-002  5.256352620849925E-004  1.935663109354638E-006
   1024   1075 -3.829629508166268E-002  7.737778409322904E-003  1.526479431693566E-003  5.623272290683002E-006
   1024   1076  2.757169776780199E-002  1.575316996387492E-002  1.008360881709748E-003  3.734961031444822E-006
   1024   1077  7.487751241250395E-003  3.584444249104312E-002  1.340890476144545E-003  5.072600022866335E-006
   1024   1078  1.453015347593464E-002 -2.202371582406757E-002  6.961694187335000E-004  2.645477519457616E-006
   1024   1079  5.712739889857837E-003 -1.341657667321546E-002  2.126399266774421E-004  8.093456202035017E-007
   1024   1080 -1.150877834800870E-002 -2.196725475122876E-002  6.150122603689763E-004  2.521003894720430E-006
   1024   1081 -8.026139296325953E-003 -1.830091783332464E-002  3.993425055461274E-004  1.651583944271174E-006
   1024   1082  9.158674453193006E-004 -4.233778694474338E-003  1.876369521118053E-005  7.787247090091861E-008
   1024   1083  5.314286870168135E-003 -4.406904094065618E-002  1.970322014367672E-003  8.180626332054193E-006
   1024   1084 -1.651496017284973E-002  5.268027083708009E-003  3.004960188654938E-004  1.268512052728097E-006
   1024   1085  3.852471648852893E-002  1.335047927873741E-002  1.662389077493529E-003  7.044150063320693E-006
   1024   1086  1.043646580185382E-002 -1.618802674284298E-003  1.115403405315342E-004  4.735094133700032E-007
   1024   1087 -1.620501111243052E-002  2.839956478973941E-003  2.706677379564626E-004  1.159343969686355E-006
   1024   1088 -3.192779286335549E-002  1.437793724509103E-002  1.226109036549110E-003  5.261546988843132E-006
