# Total number of k-points, k-point index, spin index Format : '(3i10)'
        27        17         2
# Cell volume (a.u.)^3. Format: '(a51, ES24.15E3)'   7.062330632076545E+004
# Total number of <f|i> elements, Initial States (bandI, bandF), Final States (bandI, bandF) Format : '(5i10)'
        64      1025      1088      1024      1024
# Final Band, Initial Band, Complex <f|i>, |<f|i>|^2, |dE*<f|i>|^2 (Hartree^2) Format : '(2i10,3ES24.15E3)'
   1024   1025  4.790280763276071E-002  1.960014471698615E-002  2.678844652028077E-003  2.715954991709208E-006
   1024   1026  4.379403016522190E-002 -4.577431156922332E-002  4.013204677748699E-003  4.075861236660934E-006
   1024   1027  2.944086089449108E-002  5.841916673711375E-001  3.421466685160785E-001  3.560684598606756E-004
   1024   1028  1.727136712547472E-001 -3.883439516024505E-002  3.133812248575495E-002  3.401929576029298E-005
   1024   1029 -9.732016332812309E-003  3.325680345079208E-001  1.106962097183637E-001  1.220070717161539E-004
   1024   1030  1.548663837321902E-002 -7.935965309539375E-002  6.537790507524099E-003  7.708581751719022E-006
   1024   1031 -1.676391268351290E-002  6.155784360078483E-002  4.070396877239129E-003  6.088335462828161E-006
   1024   1032 -2.160892067399103E-002  2.296818087218816E-002  9.944827852723871E-004  1.506986567968328E-006
   1024   1033  7.044014682198840E-002 -3.389670752373822E-002  6.110801065253134E-003  9.278170721706974E-006
   1024   1034  3.342980655026105E-004  4.040728833021004E-002  1.632860705397327E-003  2.614137100282243E-006
   1024   1035  5.152500389944705E-003  1.816430161443350E-003  2.984767879978145E-005  4.784762368524815E-008
   1024   1036 -3.123098461920614E-002 -2.317275831795872E-003  9.807441675657156E-004  1.575441083333167E-006
   1024   1037  4.411789415142246E-002  4.095122977611600E-002  3.623391804532365E-003  5.905981905582204E-006
   1024   1038  7.436528274143578E-002 -2.937591194316367E-002  6.393139479706192E-003  1.049528025333011E-005
   1024   1039 -6.212245586323741E-002  7.278804125454884E-002  9.157298472153783E-003  1.503552271065866E-005
   1024   1040 -5.702132981153466E-002  6.128934210304506E-003  3.288995888030052E-003  5.486712795315780E-006
   1024   1041 -2.204995444345168E-002 -8.925236191813492E-002  8.452184598924035E-003  1.412240402508446E-005
   1024   1042 -5.634329144111369E-002 -2.045145452615196E-002  3.592828482653537E-003  6.103884579459397E-006
   1024   1043  2.645768844017686E-003 -7.644417254865702E-003  6.543720794246317E-005  1.172410061685401E-007
   1024   1044  2.090062494577626E-003  6.238767285690990E-003  4.329057847624817E-005  7.810974423575043E-008
   1024   1045  1.213681272354554E-002 -8.099139595587598E-002  6.706908441967901E-003  1.211768280474447E-005
   1024   1046  5.160448676263104E-004  1.219475705802892E-002  1.489784020097497E-004  2.702545909091085E-007
   1024   1047  2.372783726032261E-004 -1.125855674464601E-002  1.268114009985194E-004  2.301857108156340E-007
   1024   1048  9.067921487531830E-003  1.343179663675237E-002  2.626403609951137E-004  4.836314272420880E-007
   1024   1049  7.434141210682184E-002 -9.547133611581884E-002  1.464142157377597E-002  2.750981459469074E-005
   1024   1050 -2.449337247321589E-002 -2.499804110633124E-002  1.224827354265516E-003  2.311529145361755E-006
   1024   1051 -2.244962787154853E-002  3.823157469902775E-002  1.965639095538348E-003  3.816314473386568E-006
   1024   1052 -4.830519222858969E-002 -1.823637678825526E-002  2.665957034604217E-003  5.979099125304060E-006
   1024   1053  3.202570000564242E-002 -9.639892040616842E-003  1.118572979406153E-003  2.528570468989321E-006
   1024   1054  3.457489703444203E-002 -4.675127238599178E-002  3.381104974651466E-003  7.719869999427475E-006
   1024   1055  2.342538284798481E-002  1.387369334986318E-002  7.412279287406986E-004  2.016580695167838E-006
   1024   1056  1.047409569152065E-002 -6.126706057635444E-003  1.472432076717983E-004  4.036491774428787E-007
   1024   1057 -3.173620500852892E-002  2.245061232197569E-002  1.511216701975023E-003  4.153584902661240E-006
   1024   1058 -2.247392973061791E-002  4.280136013509100E-003  5.233970818308891E-004  1.452113133403180E-006
   1024   1059  2.897016862474599E-002  2.000482738718240E-002  1.239463788937180E-003  3.451112409318571E-006
   1024   1060 -2.506904876356066E-002 -5.428600817762901E-002  3.575427889771385E-003  1.001019639323779E-005
   1024   1061  2.616807997840186E-002 -1.924421582846210E-002  1.055108252608467E-003  2.983141821382487E-006
   1024   1062  2.798512782247086E-002 -1.960321692579056E-002  1.167453493079634E-003  3.330363863438244E-006
   1024   1063  5.531480708047153E-003 -3.392544334402121E-002  1.181532984911891E-003  3.408691883982856E-006
   1024   1064  2.125176956252423E-002  2.093964805071678E-002  8.901065700265183E-004  2.729454326736788E-006
   1024   1065  8.704541756162424E-003  3.016504467423374E-002  9.856989673832923E-004  3.040858316760550E-006
   1024   1066  2.343195890274450E-002 -8.587868085979540E-003  6.228081762820933E-004  1.929325075764384E-006
   1024   1067  1.160689512338351E-002 -9.043965820501475E-003  2.165133321676229E-004  7.294376726215710E-007
   1024   1068 -6.877762250400626E-003 -1.226275771219887E-002  1.976788402811288E-004  7.040015461344791E-007
   1024   1069  1.788360623596641E-002 -2.269221248622696E-002  8.347598795231713E-004  2.995986463335441E-006
   1024   1070 -3.490473114638521E-003 -1.690683933709328E-002  2.980246189342990E-004  1.071153041085218E-006
   1024   1071 -8.173379750983620E-003  2.498563345622556E-002  6.910860157626470E-004  2.504187510742816E-006
   1024   1072 -3.164322221453295E-002 -2.388110225833727E-002  1.571600557191473E-003  5.711769266445136E-006
   1024   1073 -1.395717490844620E-002 -3.492190949935316E-002  1.414342494505973E-003  5.168077689698203E-006
   1024   1074  1.110157053048129E-002  3.125186465675764E-002  1.099923912767548E-003  4.053098443029438E-006
   1024   1075 -1.391174515888341E-002  1.472255286465975E-002  4.102902162184168E-004  1.512880548669900E-006
   1024   1076  2.064571623982223E-002 -1.501920791034308E-002  6.518222053093713E-004  2.421786409320447E-006
   1024   1077 -2.685986563862436E-004 -1.849950980113866E-002  3.423040081206378E-004  1.295676514651743E-006
   1024   1078 -1.163244093430247E-002 -1.293704756863628E-002  3.026808818831935E-004  1.151486761186084E-006
   1024   1079 -1.467844307446490E-002 -5.701768185905218E-003  2.479668515361075E-004  9.438644211493739E-007
   1024   1080 -8.557890751190716E-003 -7.679315496616386E-003  1.322093806058882E-004  5.421657864396179E-007
   1024   1081  1.836880815069245E-002 -3.002013432896541E-002  1.238621578006073E-003  5.123894021475171E-006
   1024   1082 -1.090655552759318E-003  7.924574642098649E-003  6.398841279295766E-005  2.655364882323807E-007
   1024   1083  8.600026714406479E-003  4.718206279261932E-003  9.622192998217181E-005  3.994945947764916E-007
   1024   1084 -1.285746240668908E-002 -5.535955825711722E-003  1.959611464436545E-004  8.286378841989386E-007
   1024   1085  1.494038328943531E-004 -1.308174709793244E-003  1.733642576626161E-006  7.348743806560759E-009
   1024   1086  2.034456021123086E-002  1.519719344529374E-002  6.448558188020772E-004  2.738616056916304E-006
   1024   1087 -2.852320000205641E-002  1.728035194793075E-002  1.112183501801665E-003  4.770684680359401E-006
   1024   1088  3.412182325670611E-003  3.757845555926898E-003  2.576439144581844E-005  1.105771166110026E-007
