# Total number of k-points, k-point index, spin index Format : '(3i10)'
        27        13         2
# Cell volume (a.u.)^3. Format: '(a51, ES24.15E3)'   7.062330632076545E+004
# Total number of <f|i> elements, Initial States (bandI, bandF), Final States (bandI, bandF) Format : '(5i10)'
        64      1025      1088      1024      1024
# Final Band, Initial Band, Complex <f|i>, |<f|i>|^2, |dE*<f|i>|^2 (Hartree^2) Format : '(2i10,3ES24.15E3)'
   1024   1025 -4.971631010709895E-001 -1.450475989869996E-001  2.682099550384164E-001  2.719254980542463E-004
   1024   1026  3.512386298606892E-001 -2.333286716683731E-002  1.239129977966395E-001  1.285102746085349E-004
   1024   1027  1.240868464363626E-001 -1.552650388068546E-002  1.563861778127837E-002  1.655069346950654E-005
   1024   1028  4.631086978398435E-006  2.876446077477897E-004  8.276086733298128E-008  8.845726709899602E-011
   1024   1029  3.272215143724931E-001  9.694138051808550E-002  1.164715507249800E-001  1.315985742567076E-004
   1024   1030  1.671897289586767E-001  6.195338283965846E-003  2.799078768572855E-002  3.777105226760812E-005
   1024   1031  3.303817398718821E-002  3.403069960245952E-002  2.249609455840559E-003  3.057681266256590E-006
   1024   1032 -4.330266787214299E-002  1.323545038062582E-001  1.939283572264594E-002  2.713840300476564E-005
   1024   1033  4.178480575960074E-002 -3.710346898222853E-002  3.122637402882758E-003  4.486569509489312E-006
   1024   1034  3.419199723380149E-002 -2.661933173749244E-003  1.176178563057796E-003  1.768456784978279E-006
   1024   1035 -6.686942862892152E-002 -9.077384545748729E-002  1.271141150429821E-002  2.039570976861382E-005
   1024   1036 -5.321575479886414E-003  7.874633793680615E-003  9.032902297270506E-005  1.524943393828675E-007
   1024   1037 -1.124211779902256E-005 -1.394373157337372E-004  1.956915023163701E-008  3.611213869582134E-011
   1024   1038  2.487305361342764E-002 -5.482867720131680E-002  3.624852639702642E-003  6.708612684812772E-006
   1024   1039 -4.615888604146472E-002  3.976719059151776E-002  3.712072208131025E-003  7.140733600042903E-006
   1024   1040  1.851895732984218E-003 -4.102550963040831E-002  1.686521958240570E-003  3.258486336494461E-006
   1024   1041  6.668514607381759E-003  2.463125686938915E-002  6.511679020346940E-004  1.473403854043552E-006
   1024   1042  6.236861149941099E-002  1.146526872736843E-002  4.021296087355234E-003  9.127588401451973E-006
   1024   1043 -6.071365616375023E-002  2.307932575650156E-003  3.691474597543834E-003  8.431981506776134E-006
   1024   1044  9.945356376261479E-003 -1.189712894172754E-002  2.404517905069360E-004  5.650754811633493E-007
   1024   1045  5.830616052107605E-005  6.498784776642345E-005  7.623028712021316E-009  1.794781163605765E-011
   1024   1046  1.580703988370117E-002 -5.486153631878678E-002  3.259650677142480E-003  7.697472287500713E-006
   1024   1047 -3.226340168090953E-002 -3.020398035529252E-002  1.953207517326612E-003  4.676940250749596E-006
   1024   1048 -1.227160589681977E-003  5.028478774509585E-004  1.758779100725551E-006  4.238572519184417E-009
   1024   1049  5.922157656430484E-002 -2.385862280381324E-002  4.076429012856457E-003  9.899454859451351E-006
   1024   1050  6.283649093135261E-003 -3.702842008019151E-003  5.319528486201090E-005  1.293925937867783E-007
   1024   1051 -1.103344501873512E-003 -2.773389137014631E-002  7.703860996208906E-004  1.884355633233740E-006
   1024   1052  3.510582584761475E-002  2.101327044450486E-002  1.673976543216958E-003  4.112344197030538E-006
   1024   1053  5.976889303000753E-003 -1.431156841745411E-002  2.405441963077949E-004  5.941254762391015E-007
   1024   1054 -1.088264102728391E-002  2.204617640524811E-002  6.044657698200415E-004  1.508686272572278E-006
   1024   1055  2.483134313837950E-002  4.795788228936274E-002  2.916554075736319E-003  7.566644714484614E-006
   1024   1056  1.141058174590102E-003  1.064647289766061E-002  1.146493989184208E-004  3.173354599477643E-007
   1024   1057  1.859212701606002E-002 -8.930668017783722E-003  4.254240182251740E-004  1.178053289770759E-006
   1024   1058  3.690412830649699E-005  6.469364561384507E-005  5.547182468872169E-009  1.561808507644185E-011
   1024   1059 -4.673789891542803E-005 -7.215495916585788E-005  7.390769327255388E-009  2.090480679390527E-011
   1024   1060 -7.692791505158480E-003  6.104339500842876E-003  9.644200188338911E-005  2.764200865725588E-007
   1024   1061 -2.327670440338007E-002 -4.251558890928273E-002  2.349380268185457E-003  6.737495610192308E-006
   1024   1062  2.414611080028310E-002  4.365663082051397E-002  2.488936081378198E-003  7.464696512286320E-006
   1024   1063 -1.403235687136535E-002 -2.867171666305110E-004  1.969892460989951E-004  5.936114929916121E-007
   1024   1064  5.911858153954877E-003 -5.322629967400025E-002  2.867989043818962E-003  9.186739734565738E-006
   1024   1065  8.280766714719138E-003  3.360440705657835E-003  7.986365911984253E-005  2.601782270839146E-007
   1024   1066 -3.912820704846607E-003  2.433037083783706E-002  6.072771109749481E-004  2.071806012828149E-006
   1024   1067 -7.597187860850232E-003 -1.784211458624883E-003  6.090067392213845E-005  2.080322159295045E-007
   1024   1068 -3.755184287144147E-005  8.451919435969799E-005  8.553635118253834E-009  2.999312476695042E-011
   1024   1069 -6.875702395334441E-005 -3.518171658182705E-005  5.965281524564781E-009  2.100973975018695E-011
   1024   1070  4.191840606320134E-002  2.518234746844629E-002  2.391303390900998E-003  8.445937902937384E-006
   1024   1071 -1.616106656225950E-002 -4.574209046508826E-003  2.821034608309455E-004  9.976661749643079E-007
   1024   1072 -1.244240298864645E-002  5.113346806218506E-003  1.809597076925430E-004  6.659548715039778E-007
   1024   1073  2.739432540948607E-002 -2.052490487148751E-003  7.546617818406501E-004  2.781750139272169E-006
   1024   1074 -2.886328642266399E-003  1.827670138654991E-002  3.423687066042828E-004  1.262040533263112E-006
   1024   1075  1.084479194524346E-002  5.411440160443629E-003  1.468931969456796E-004  5.429325724917256E-007
   1024   1076 -8.162466409554810E-003 -1.683682865415336E-002  3.501046570164303E-004  1.300075164948895E-006
   1024   1077  6.811541864527624E-003  3.906372827056972E-002  1.572371968969120E-003  5.871264205281018E-006
   1024   1078 -8.128774243904442E-003 -8.813543704959105E-003  1.437555233475885E-004  5.393145191067179E-007
   1024   1079 -1.278666312178673E-003 -3.887469877539393E-002  1.512877192415515E-003  5.724570863080825E-006
   1024   1080 -1.366419754701220E-004  4.402842611691293E-004  2.125212600936235E-007  8.072481473969946E-010
   1024   1081 -3.479573729899849E-003 -2.385349682867895E-003  1.779732645136712E-005  6.895522044815989E-008
   1024   1082 -1.420186043455472E-002  4.818875682027626E-003  2.249144026414081E-004  8.754096338528890E-007
   1024   1083 -1.394062883385126E-002 -2.957807585248575E-002  1.069203703418606E-003  4.187154011012742E-006
   1024   1084  2.290004379860289E-002 -2.694876159433852E-002  1.250647757446425E-003  4.919505053710688E-006
   1024   1085 -1.478460334110982E-002 -2.440163714998276E-002  8.140243915533744E-004  3.319074112299548E-006
   1024   1086  6.465555865510220E-003  5.945054688170075E-003  7.714708789536660E-005  3.171924504726056E-007
   1024   1087  1.177181143455571E-002  2.138574758097133E-003  1.431490464467067E-004  5.954352902057818E-007
   1024   1088  1.499089524646913E-002  1.157705613546240E-002  3.587551690542582E-004  1.500855188756735E-006
