# Total number of k-points, k-point index, spin index Format : '(3i10)'
        27        23         2
# Cell volume (a.u.)^3. Format: '(a51, ES24.15E3)'   7.062330632076545E+004
# Total number of <f|i> elements, Initial States (bandI, bandF), Final States (bandI, bandF) Format : '(5i10)'
        64      1025      1088      1024      1024
# Final Band, Initial Band, Complex <f|i>, |<f|i>|^2, |dE*<f|i>|^2 (Hartree^2) Format : '(2i10,3ES24.15E3)'
   1024   1025  6.093310103344481E-002 -4.781664718701697E-003  3.735707119034069E-003  3.787458294687953E-006
   1024   1026 -7.885304380366723E-003 -5.408835578744622E-002  2.987728256960399E-003  3.034380547078140E-006
   1024   1027 -5.059066468499092E-001  2.938780117750894E-001  3.423058211317983E-001  3.562334923536002E-004
   1024   1028 -2.667881897581498E-001 -1.862198189170321E-001  1.058537591519228E-001  1.149084667245174E-004
   1024   1029 -6.793262678423169E-002 -6.749911042994448E-002  9.170971690639552E-003  1.010849796431018E-005
   1024   1030 -1.737663328438808E-001  5.669180539918384E-002  3.340869922942930E-002  3.939052951649852E-005
   1024   1031 -6.819213445484639E-003  9.330079956353278E-003  1.335520640070237E-004  1.997593136361367E-007
   1024   1032 -6.498813997681915E-002  2.077471986171442E-002  4.655047322979351E-003  7.054137789137958E-006
   1024   1033  4.150315831270348E-002  6.825501731128003E-002  6.381259538092465E-003  9.688396716078910E-006
   1024   1034  1.505092015992849E-002 -3.334413159828706E-002  1.338361309704428E-003  2.142731782420499E-006
   1024   1035 -2.129811533993838E-002  1.689254153442174E-002  7.389676765254818E-004  1.184618328035366E-006
   1024   1036  8.547150336528591E-003 -2.214234273891509E-002  5.633371208428067E-004  9.049794113337244E-007
   1024   1037 -4.429865586909235E-004 -9.661306545308514E-002  9.334280653333292E-003  1.521365338749783E-005
   1024   1038 -3.468916408631831E-002  7.865907561205667E-003  1.265210606768948E-003  2.077032592384925E-006
   1024   1039  7.986612296790561E-002  4.666423952935704E-002  8.556148848777829E-003  1.404857190264339E-005
   1024   1040 -5.140525077302712E-002 -4.777552012938122E-003  2.665324810274135E-003  4.446221938249515E-006
   1024   1041 -5.302364302556375E-002  1.345089296703818E-002  2.992433241313133E-003  4.999904753678533E-006
   1024   1042  8.068470277373291E-002 -5.644115917395556E-002  9.695625710585411E-003  1.647280696756701E-005
   1024   1043  3.370881172384805E-004 -6.668255120173007E-003  4.457925474649692E-005  7.987313222763237E-008
   1024   1044  5.421443479654051E-003 -5.796543797118876E-003  6.299196939500076E-005  1.136580255653581E-007
   1024   1045 -7.032388387075983E-002 -4.214481675587032E-002  6.721634222054002E-003  1.214435850758578E-005
   1024   1046  1.706144412072826E-002 -5.801299223162355E-004  2.914294262114994E-004  5.286935112322807E-007
   1024   1047  3.231231086058850E-003 -9.157081949223291E-003  9.429300415630409E-005  1.711627544117120E-007
   1024   1048  5.849071608831053E-003  1.093670814798462E-002  1.538232237994267E-004  2.832508778207279E-007
   1024   1049 -6.802308840077619E-002 -3.564245720643794E-002  5.897525311292571E-003  1.108071248938107E-005
   1024   1050 -3.353516878942108E-003  9.718720867050987E-002  9.456599604622579E-003  1.784657310637130E-005
   1024   1051  2.307896335394610E-002  4.395580402122144E-002  2.464751256644813E-003  4.785443514044732E-006
   1024   1052 -6.696065301860571E-002 -3.226257090262949E-003  4.494137787490582E-003  1.007919707484234E-005
   1024   1053  2.431819948185550E-002  2.641314078180517E-002  1.289028831998777E-003  2.913897908252298E-006
   1024   1054  3.315892656073562E-002 -1.627460711986377E-002  1.364377247566179E-003  3.115186828928289E-006
   1024   1055  2.929969535632294E-002 -2.482670088197813E-003  8.646357987401641E-004  2.352344357755604E-006
   1024   1056  4.587474525057093E-003  1.549283398921839E-003  2.344520156822260E-005  6.427330208163017E-008
   1024   1057 -1.675052579547128E-002  3.508744860080432E-002  1.511709163738833E-003  4.155024602891714E-006
   1024   1058  4.454517829603757E-002  2.330014724494311E-002  2.527169771061806E-003  7.011523235736999E-006
   1024   1059  2.032031514137395E-002 -1.606829615234048E-002  6.711053486840713E-004  1.868622810371045E-006
   1024   1060  1.166209728918888E-002 -4.541100634573254E-003  1.566261081558282E-004  4.385088586196206E-007
   1024   1061 -3.969078022361787E-002 -1.318993706377824E-002  1.749332474505967E-003  4.945873912982174E-006
   1024   1062  4.313376453800899E-002 -4.225424041729466E-002  3.645942476462939E-003  1.040054963107863E-005
   1024   1063 -1.759487170135214E-003 -1.062299329877233E-003  4.224274968128039E-006  1.218666066673366E-008
   1024   1064  2.663848993186766E-002  2.604537499907921E-002  1.387970704692875E-003  4.256135594386746E-006
   1024   1065 -6.342830349045635E-003 -2.109081581658412E-002  4.850540086458492E-004  1.496381863242440E-006
   1024   1066 -2.204258816867524E-002  1.153358098509635E-002  6.188991835135978E-004  1.917201196629910E-006
   1024   1067  1.474478837659664E-002  1.702150106226200E-003  2.203060992547454E-004  7.422151735518387E-007
   1024   1068  2.715406520986221E-002  1.898716246928464E-002  1.097855596056461E-003  3.909797155347890E-006
   1024   1069  1.056854420624280E-002  1.048040057382669E-003  1.127925146011869E-004  4.048361882880561E-007
   1024   1070 -3.121436571476092E-003  1.031023307423404E-002  1.160442723147780E-004  4.170670372628354E-007
   1024   1071 -1.055413032235322E-002 -4.409664103715379E-003  1.308348043688115E-004  4.740851215021716E-007
   1024   1072 -1.612142697703498E-002  8.030907565870544E-004  2.605453625391869E-004  9.469183385895997E-007
   1024   1073 -1.746752087983651E-002  1.335993832162368E-002  4.836022376451135E-004  1.767160542656952E-006
   1024   1074 -1.765041851788602E-002 -4.476484070334043E-002  2.315428237051978E-003  8.532028128799825E-006
   1024   1075 -1.146292908244221E-002  4.032322329594909E-002  1.757361080124071E-003  6.480051988942166E-006
   1024   1076 -9.608319219787071E-003 -2.830501058020159E-002  8.934934221746534E-004  3.319670733607419E-006
   1024   1077 -1.696786230846071E-002  1.687988051916349E-002  5.728387176601168E-004  2.168238232790889E-006
   1024   1078  1.368458378611398E-002 -5.027356524068228E-003  2.125421470192650E-004  8.085874310421031E-007
   1024   1079 -6.512353822238979E-003 -8.080448303951724E-003  1.077043970988669E-004  4.099722014112328E-007
   1024   1080  3.358881657318574E-003 -1.091901035675161E-002  1.305068731587200E-004  5.351885041225057E-007
   1024   1081 -2.307122415079367E-002 -2.531830099400469E-003  5.386915474683950E-004  2.228418620748059E-006
   1024   1082  2.222108665382424E-003  2.460776798684529E-002  6.104800122151755E-004  2.533351649062366E-006
   1024   1083 -1.216113491180527E-002 -1.050926018051789E-002  2.583377518849479E-004  1.072588039065261E-006
   1024   1084  6.015357711324228E-003 -1.502536370190634E-002  2.619460827697524E-004  1.107648479993458E-006
   1024   1085 -1.943921277646372E-002  1.121178139505642E-002  5.035870354191636E-004  2.134695654500692E-006
   1024   1086  8.523391005700700E-003  8.221016315140962E-004  7.332404532859773E-005  3.113978006488564E-007
   1024   1087  7.940296163049705E-003 -1.211782463972789E-003  6.451671989693383E-005  2.767447752435067E-007
   1024   1088 -9.858223295155861E-003 -1.265661794595331E-002  2.573745443669812E-004  1.104606808734420E-006
