# Total number of k-points, k-point index, spin index Format : '(3i10)'
        27        23         1
# Cell volume (a.u.)^3. Format: '(a51, ES24.15E3)'   7.062330632076545E+004
# Total number of <f|i> elements, Initial States (bandI, bandF), Final States (bandI, bandF) Format : '(5i10)'
        64      1025      1088      1024      1024
# Final Band, Initial Band, Complex <f|i>, |<f|i>|^2, |dE*<f|i>|^2 (Hartree^2) Format : '(2i10,3ES24.15E3)'
   1024   1025 -9.168571720152216E-003 -2.393239382917200E-002  6.568221817821649E-004  6.659212141794277E-007
   1024   1026 -2.060616949585882E-002  9.475389183263154E-003  5.143972214663628E-004  5.225791298973909E-007
   1024   1027  5.216581798722862E-002  9.844270204004262E-002  1.241223815122128E-002  1.261199751154750E-005
   1024   1028 -4.257815263307731E-002  8.542972361667378E-002  9.111136758866899E-003  9.846058883553868E-006
   1024   1029 -1.663066369427499E-002  3.487072835203708E-002  1.492546670713639E-003  1.644182131055894E-006
   1024   1030  2.773471464101764E-002  4.254985986573300E-002  2.579704970812194E-003  2.856545921045896E-006
   1024   1031  4.940612494243445E-003  3.034442611444553E-003  3.361749378042487E-005  5.023317108465839E-008
   1024   1032  1.386022656003336E-002  5.164748978056247E-002  2.859569080928758E-003  4.325385138451891E-006
   1024   1033  5.611081711549132E-002 -3.681337944465682E-002  4.503648703504395E-003  6.824993838331168E-006
   1024   1034 -1.871089381765902E-002 -1.919051917371765E-002  7.183735736125354E-004  1.150694746673852E-006
   1024   1035  6.008589939400431E-003  1.897552052298739E-002  3.961735321781797E-004  6.348853082815720E-007
   1024   1036 -1.289725882126697E-002 -1.156565146618258E-002  3.001035789399599E-004  4.824071530695988E-007
   1024   1037 -6.055417602384155E-002 -7.226729565393065E-004  3.667330490128501E-003  5.952637813133871E-006
   1024   1038  6.036988907596278E-003  2.647199823581295E-002  7.372119256673246E-004  1.209986509639145E-006
   1024   1039  3.393445057905189E-002 -4.929973990644398E-002  3.582011290945140E-003  5.885492223428825E-006
   1024   1040  2.198214690190959E-003  2.015018607284762E-002  4.108621465945536E-004  6.832269563977136E-007
   1024   1041 -2.129971844508194E-003  3.453731898977863E-002  1.197363183060121E-003  1.999538746422113E-006
   1024   1042 -4.674991359796110E-002 -6.514180175305181E-002  6.429008757050732E-003  1.081214537052174E-005
   1024   1043 -1.487283517006360E-002 -5.638670376064588E-004  2.215191720319799E-004  3.958630494391242E-007
   1024   1044 -1.295556591525931E-002 -1.152523790376315E-002  3.006777969229675E-004  5.413835087506505E-007
   1024   1045 -2.828686752192636E-002  6.859806431923944E-002  5.505841302549523E-003  9.933892029467795E-006
   1024   1046  1.252782244842424E-002 -1.035229227937978E-002  2.641162907369485E-004  4.791953054254526E-007
   1024   1047 -2.859824283632088E-003 -8.649268695222504E-003  8.298844389540780E-005  1.506762892102634E-007
   1024   1048  1.056504491128716E-002  4.699071265438757E-003  1.337014447351869E-004  2.441510589013124E-007
   1024   1049 -2.971742175951434E-002  4.107084022922416E-002  2.569939073167314E-003  4.806918912194085E-006
   1024   1050  6.878920116236123E-002  7.924117266770453E-003  4.794745831013329E-003  9.044228970405412E-006
   1024   1051  2.963694166237133E-002 -1.902806934603236E-002  1.240415734136218E-003  2.359435514837744E-006
   1024   1052  7.142011641720532E-003  6.730353246506492E-002  4.580773812566519E-003  1.026716300066715E-005
   1024   1053  1.338560971990683E-002 -2.272518179511272E-002  6.956084351945869E-004  1.571617679258906E-006
   1024   1054 -2.326734961157478E-002 -2.356081735926422E-002  1.096481672583855E-003  2.484966286950373E-006
   1024   1055 -1.005564566026582E-002 -2.509879249713795E-002  7.310653944592110E-004  1.986023796423301E-006
   1024   1056  1.799891884361056E-004 -4.390204939150276E-003  1.930629551569337E-005  5.295354442175900E-008
   1024   1057  3.630293651000132E-002  7.234825382576236E-003  1.370245897565556E-003  3.763806721228395E-006
   1024   1058  2.445056878325981E-002 -4.467554132587615E-002  2.593734306584987E-003  7.200573985418871E-006
   1024   1059 -1.480333730627991E-002 -2.580748974265096E-002  8.851653222205333E-004  2.465273025026358E-006
   1024   1060 -5.550170767853696E-003 -1.965932360814488E-002  4.172934002821002E-004  1.164464455227685E-006
   1024   1061 -4.470103081030379E-003  3.097660589103841E-002  9.795319340837529E-004  2.758292973291108E-006
   1024   1062 -4.107520703115712E-002 -3.911939708718894E-002  3.217499861117586E-003  9.174642946981734E-006
   1024   1063 -5.824329774362123E-003 -9.022663401492593E-003  1.153312721771550E-004  3.309153254709222E-007
   1024   1064  3.741956253227752E-002 -2.161722014404283E-002  1.867527866863039E-003  5.724575230112053E-006
   1024   1065 -2.783492005979374E-002  1.357325975721954E-002  9.590161551720637E-004  2.957271071822147E-006
   1024   1066  7.704663395243982E-003  2.688513510932234E-002  7.821723278805293E-004  2.412622678825267E-006
   1024   1067 -8.208174687655161E-005 -2.878720612611869E-002  8.287099739608157E-004  2.791500678384567E-006
   1024   1068  1.986227449170929E-002 -2.887945064844557E-002  1.228532617740009E-003  4.368835056327590E-006
   1024   1069 -1.754063868036674E-003 -1.315040964502387E-002  1.760100138850885E-004  6.319062601391412E-007
   1024   1070  1.526042332258538E-002 -3.640759439719682E-003  2.461356492824158E-004  8.840948706182290E-007
   1024   1071  6.009877068223152E-003  2.440558051067654E-003  4.207494597578566E-005  1.525389038528429E-007
   1024   1072  3.295058991949468E-004  1.406302745862211E-002  1.978773154395636E-004  7.193682996403325E-007
   1024   1073  2.743616258760240E-003  1.296140691857615E-002  1.755254994842472E-004  6.395735129399731E-007
   1024   1074 -4.872026817355045E-002  1.331546078549294E-002  2.550966026832673E-003  9.393821353453460E-006
   1024   1075  4.327388940118523E-002  1.192049889574320E-002  2.014727797829426E-003  7.421793035665724E-006
   1024   1076 -3.362474091750327E-002  6.033904150142233E-003  1.167031201062322E-003  4.322708732851371E-006
   1024   1077  2.712140601373897E-002  2.618451331311194E-002  1.421199401606613E-003  5.376400943270821E-006
   1024   1078 -4.672740567590060E-003 -2.493205795769401E-002  6.434420184178153E-004  2.445106891824962E-006
   1024   1079 -1.148065161278444E-002  7.619872029898882E-003  1.898678112061653E-004  7.226642175237662E-007
   1024   1080 -2.340640352654965E-002 -8.327075878069457E-003  6.171999187268020E-004  2.529946774125062E-006
   1024   1081 -4.336616806443190E-003  3.521337748583583E-002  1.258788199285895E-003  5.206016342436574E-006
   1024   1082  2.916136421237168E-002 -1.211002690211119E-002  9.970379142964483E-004  4.137833600387044E-006
   1024   1083 -3.504393916632184E-003  1.136640573276958E-002  1.414759560048657E-004  5.873974363022412E-007
   1024   1084 -2.161396533385957E-002 -7.616512859951223E-003  5.251747655990856E-004  2.216940410398350E-006
   1024   1085  2.160054106726974E-002  2.915437672862190E-002  1.316561056833217E-003  5.578683055787121E-006
   1024   1086 -6.249703738578244E-003 -1.385399500860502E-002  2.309919745184518E-004  9.805903075287725E-007
   1024   1087 -8.603508056406332E-003 -9.415465595444192E-003  1.626713432556419E-004  6.967597193547117E-007
   1024   1088 -2.498459138733882E-002  1.602856815079864E-002  8.811448037570816E-004  3.781178535980716E-006
