# Total number of k-points, k-point index, spin index Format : '(3i10)'
        27        11         1
# Cell volume (a.u.)^3. Format: '(a51, ES24.15E3)'   7.062330632076545E+004
# Total number of <f|i> elements, Initial States (bandI, bandF), Final States (bandI, bandF) Format : '(5i10)'
        64      1025      1088      1024      1024
# Final Band, Initial Band, Complex <f|i>, |<f|i>|^2, |dE*<f|i>|^2 (Hartree^2) Format : '(2i10,3ES24.15E3)'
   1024   1025 -1.513686725610919E-002 -4.101561118593840E-002  1.911405111285146E-003  1.937884023712687E-006
   1024   1026  8.475763107889682E-002 -2.948047832626200E-002  8.052954628451580E-003  8.240654363948188E-006
   1024   1027  2.633459866814217E-002 -1.955356775416730E-003  6.973345071312832E-004  7.427095596404241E-007
   1024   1028  5.467476755014514E-006  1.766136775498734E-004  3.122228439975728E-008  3.368183802628529E-011
   1024   1029 -1.167570374435706E-002  8.992948897407582E-002  8.223635045064419E-003  8.880574064464145E-006
   1024   1030  6.976010900652745E-003 -2.596529525388288E-002  7.228612857073386E-004  9.736202946027556E-007
   1024   1031 -1.511385401647173E-002 -7.167268286339204E-002  5.365402052067590E-003  7.340924867842894E-006
   1024   1032 -4.060348574458311E-002  4.740335058778769E-002  3.895720701559275E-003  5.494679366186188E-006
   1024   1033 -5.229388149985875E-002 -4.096969937231558E-002  4.413166308979185E-003  6.242691274095690E-006
   1024   1034 -2.147937208211234E-002  7.770404017088767E-003  5.217426036306163E-004  7.858578248515646E-007
   1024   1035 -4.224195635384999E-002 -2.405916956294456E-002  2.363226516659085E-003  3.823170881553871E-006
   1024   1036  5.893036286902633E-002 -3.552944741882300E-002  4.735129301762024E-003  7.975065657222154E-006
   1024   1037  7.916979758890462E-005 -2.697690757053682E-004  7.904321105719683E-008  1.466805936772150E-010
   1024   1038  1.736662183226253E-002 -5.386166692421650E-002  3.202678717720056E-003  5.968468393524764E-006
   1024   1039  2.385176302500137E-002  5.705307391492043E-002  3.823959842542197E-003  7.376254204077330E-006
   1024   1040  6.382045934847495E-003 -2.630441412871080E-002  7.326527129692236E-004  1.418835441646461E-006
   1024   1041 -2.061117257958964E-003  2.797720891383149E-003  1.207544653713800E-005  2.750854367635319E-008
   1024   1042  5.353444478181483E-002 -4.729920350964249E-002  5.103151430743757E-003  1.166348307261895E-005
   1024   1043 -1.299552242374458E-002  4.555628039308102E-002  2.244258286319066E-003  5.156854563864675E-006
   1024   1044  3.331649999598742E-002 -1.903226097856002E-002  1.472216129938648E-003  3.471228658085604E-006
   1024   1045  2.085210020346587E-005 -1.816665415858034E-005  7.648374062128457E-010  1.808849567621632E-012
   1024   1046 -3.196216303109195E-002  5.134800355559817E-002  3.658197334771823E-003  8.694427069554929E-006
   1024   1047 -3.258452416613130E-002  1.911548281937640E-002  1.427152898551069E-003  3.421453608372062E-006
   1024   1048 -9.777934944759745E-003 -4.077901814522676E-003  1.122372949928411E-004  2.715183760125811E-007
   1024   1049 -2.965966391100886E-003  2.391926698674196E-002  5.809282898161838E-004  1.419560187308973E-006
   1024   1050  1.288866763271605E-002 -4.906673860884377E-002  2.573662591055223E-003  6.292652074937165E-006
   1024   1051 -3.070047980627310E-002  1.650456016844958E-002  1.214919966689355E-003  2.985666273348278E-006
   1024   1052 -4.101492279633121E-002 -1.832535523283199E-002  2.018042536398492E-003  4.987149525180069E-006
   1024   1053 -2.476740806764543E-002  2.592125208847513E-002  1.285335812223544E-003  3.192071430581254E-006
   1024   1054  1.741947971115095E-002  3.145118286281679E-003  3.133300424419031E-004  7.797996216658982E-007
   1024   1055 -4.893241430084488E-002 -1.264519837777966E-003  2.395980179729663E-003  6.219136716735000E-006
   1024   1056  1.837078200136035E-002 -1.615775140370402E-002  5.985585617654048E-004  1.665765994167459E-006
   1024   1057 -2.230969969874868E-002  8.248448914433383E-003  5.657596101423644E-004  1.575563171500272E-006
   1024   1058  1.823847822007742E-004 -1.114001099391361E-004  4.567419327287544E-008  1.289038656356916E-010
   1024   1059  4.907804683299349E-005  1.825160751298536E-004  3.572077236174787E-008  1.015681612841749E-010
   1024   1060 -8.731920317070914E-003 -4.593700107000673E-005  7.624854263174312E-005  2.186795642484584E-007
   1024   1061 -4.610062177361613E-002 -4.350169635187898E-002  4.017664913405092E-003  1.156958641469945E-005
   1024   1062  2.793408931239355E-002 -2.133106771689237E-002  1.235327795655428E-003  3.714994834336178E-006
   1024   1063 -2.091058723912009E-002 -2.986143773373948E-002  1.328958122210852E-003  4.025976809949598E-006
   1024   1064  1.436980360195313E-002 -5.216292563189460E-002  2.927462066037271E-003  9.415661445485901E-006
   1024   1065  2.491136967238687E-003  7.366251320601131E-003  6.046742190780107E-005  1.975013001292763E-007
   1024   1066 -5.010845982699994E-003 -2.197995581886242E-002  5.082270352614848E-004  1.742761695988182E-006
   1024   1067 -2.686902468879092E-002  4.768464598955360E-003  7.446827423583463E-004  2.554315709795300E-006
   1024   1068  9.654771359808510E-005  3.313581985118965E-004  1.191197167220673E-007  4.188649392115598E-010
   1024   1069  1.749730668945267E-004 -1.479153676961020E-005  3.083436369848322E-008  1.091600346264847E-010
   1024   1070  4.924560562011631E-002 -2.511407526776938E-002  3.055846449447217E-003  1.082542598295675E-005
   1024   1071 -1.424581270507860E-003 -1.812099981543906E-002  3.304000661074242E-004  1.174341055465317E-006
   1024   1072  8.193886670437767E-003 -2.158904321296509E-002  5.332265656192516E-004  1.969377228808344E-006
   1024   1073  9.207145129828205E-003 -9.418859500147776E-003  1.734864357252433E-004  6.421969319177047E-007
   1024   1074  3.063010994670378E-002 -2.936547851499479E-002  1.800534963761783E-003  6.671187131669046E-006
   1024   1075 -2.640918155193822E-004  2.184421942538230E-002  4.772396667912738E-004  1.772819622994472E-006
   1024   1076 -2.675769108869958E-002  2.978108330824961E-002  1.602886955411176E-003  5.978319991023055E-006
   1024   1077  3.655656135521321E-002  4.065663906881161E-004  1.336547474347505E-003  5.016535331016085E-006
   1024   1078  1.214155796012427E-002  6.754237819088247E-003  1.930371582158590E-004  7.274604744002639E-007
   1024   1079 -3.980029747541722E-002 -3.290881699055218E-002  2.667053914849358E-003  1.013752612787136E-005
   1024   1080 -3.939264129100699E-004  4.170487265353059E-003  1.754814204926023E-005  6.686663653297394E-008
   1024   1081 -4.285075790516815E-003 -1.674893749638244E-002  2.988887817881990E-004  1.162023330726388E-006
   1024   1082  2.579008962682618E-003  1.416451534827137E-002  2.072847822810126E-004  8.105877547390185E-007
   1024   1083 -3.241309032168700E-003  2.236365969496213E-002  5.106393591940921E-004  2.007579208390020E-006
   1024   1084 -4.815044011049616E-002  1.563226913020519E-002  2.562832720993643E-003  1.007809095764766E-005
   1024   1085 -2.504073703169013E-002 -2.503102071333270E-002  1.253590509041548E-003  5.133704373771850E-006
   1024   1086  4.628748377585197E-003  5.638147764563640E-003  5.321402175805157E-005  2.198484817127081E-007
   1024   1087 -1.042049773386075E-002  6.882451007802449E-003  1.559549048961980E-004  6.516925562417097E-007
   1024   1088  4.227457456894794E-003 -3.733141577960767E-002  1.411506000659796E-003  5.908008282131854E-006
