# Total number of k-points, k-point index, spin index Format : '(3i10)'
        27        22         2
# Cell volume (a.u.)^3. Format: '(a51, ES24.15E3)'   7.062330632076545E+004
# Total number of <f|i> elements, Initial States (bandI, bandF), Final States (bandI, bandF) Format : '(5i10)'
        64      1025      1088      1024      1024
# Final Band, Initial Band, Complex <f|i>, |<f|i>|^2, |dE*<f|i>|^2 (Hartree^2) Format : '(2i10,3ES24.15E3)'
   1024   1025 -2.955358961263220E-001 -4.612125842997489E-001  3.000585138156411E-001  3.042152585389619E-004
   1024   1026  1.747546626121051E-001 -1.235409156604485E-001  4.580154994689276E-002  4.819676483701614E-005
   1024   1027  1.527626508852797E-001 -2.426492859086364E-001  8.221510345746905E-002  8.889839691318612E-005
   1024   1028  3.416928688116570E-003 -6.256425734868582E-003  5.081826463559991E-005  5.522936683564010E-008
   1024   1029 -3.180727282321104E-001  2.192531728615762E-001  1.492422142548861E-001  1.764577055391408E-004
   1024   1030 -7.744181480651903E-003  1.709946638812580E-002  3.523640975639159E-004  4.774216523430001E-007
   1024   1031  1.404817296435845E-001  2.464682086987627E-002  2.034258214264494E-002  2.822038175819070E-005
   1024   1032 -1.227033174697246E-001  1.402446516771172E-002  1.525278974131638E-002  2.162173220522479E-005
   1024   1033 -4.144318428695272E-002 -5.807883281797129E-002  5.090688345340184E-003  7.448995243033502E-006
   1024   1034 -5.983352491888631E-002 -4.438385364683677E-002  5.549977168762814E-003  8.616916702394586E-006
   1024   1035  1.311146398886213E-002 -2.743183170656813E-002  9.244158787087051E-004  1.508104259652302E-006
   1024   1036  6.861796359076500E-003 -2.990464872121699E-002  9.413722644128206E-004  1.579628833941202E-006
   1024   1037  2.628650321010165E-002  4.713958034205999E-003  7.132016513629396E-004  1.329475013336835E-006
   1024   1038 -2.043726431852596E-002 -2.457800641959886E-002  1.021760172387137E-003  1.909921698791121E-006
   1024   1039 -1.471445924074311E-003 -6.857559075503980E-002  4.704776800510175E-003  9.051522243316131E-006
   1024   1040  8.234071594324294E-003  2.966890493714732E-002  9.480438551899429E-004  1.868304095690127E-006
   1024   1041 -6.447142323150590E-002  6.240287194105134E-003  4.195505597760872E-003  9.585495278911757E-006
   1024   1042  2.554657400268668E-003 -1.862463147462508E-003  9.995043408403421E-006  2.293793110807127E-008
   1024   1043  2.561484780775308E-002  3.217840952527058E-002  1.691570467790377E-003  3.921275525815944E-006
   1024   1044  4.048939912849785E-003  1.395858976893254E-003  1.834233670124150E-005  4.361697284321263E-008
   1024   1045 -2.639802732613208E-003  1.412526516220215E-002  2.064916743696338E-004  4.919777539443119E-007
   1024   1046 -2.553723411136954E-002 -6.253317658256956E-002  4.562548499565722E-003  1.092692527744388E-005
   1024   1047 -2.628361967699636E-003  4.505441225229179E-003  2.720728726724451E-005  6.557623720330672E-008
   1024   1048 -4.801354226484665E-002  8.513057032833981E-003  2.377772380862499E-003  5.774136401262177E-006
   1024   1049 -1.206603804532785E-003  4.816609828073886E-003  2.465562297701094E-005  6.043196348765592E-008
   1024   1050 -4.289442447892020E-002 -2.579515279796377E-002  2.505321559248087E-003  6.179534731566769E-006
   1024   1051 -8.098278873600045E-003 -1.532990923060300E-002  3.005882377331239E-004  7.436333946233708E-007
   1024   1052  2.023874931502532E-002  9.604725578204132E-003  5.018577272690463E-004  1.243145995504205E-006
   1024   1053  2.279413723281240E-002 -3.519559079597127E-002  1.758302303665742E-003  4.379838564003110E-006
   1024   1054 -4.719848085429160E-003  1.648884061812029E-002  2.941588308793026E-004  7.422865484545162E-007
   1024   1055 -1.265275722654611E-002  1.055010202483708E-002  2.713969181683862E-004  7.034241860857776E-007
   1024   1056  5.587842122172952E-003  1.503506425858584E-003  3.348451115492837E-005  9.354234304172548E-008
   1024   1057 -2.528721467937327E-002  1.742460008315368E-002  9.430599142985503E-004  2.636189478646474E-006
   1024   1058  2.876571648517449E-003  1.540944610430613E-003  1.064917474146955E-005  3.027990823382063E-008
   1024   1059 -6.489635784158168E-003  9.899199354784054E-003  1.401095204767832E-004  3.992366070900622E-007
   1024   1060  3.038532200407716E-002 -3.646589120534496E-002  2.253029014691511E-003  6.487046533779762E-006
   1024   1061 -5.467996863986131E-003  5.111075230053740E-003  5.602207971183106E-005  1.629195951216984E-007
   1024   1062  2.551770342704194E-003 -7.073334701568018E-003  5.654359568231099E-005  1.703690951150663E-007
   1024   1063  4.930189994796483E-002 -7.002963126683574E-003  2.479718831032825E-003  7.578860384428178E-006
   1024   1064  1.367816834646633E-002 -1.566195829815618E-002  4.323892270474566E-004  1.398364762054780E-006
   1024   1065  2.237191679886465E-002 -2.071185106624338E-002  9.294834358455694E-004  3.046797495663306E-006
   1024   1066 -9.805265982411136E-004 -2.862500285735994E-002  8.203522209937230E-004  2.826662332874902E-006
   1024   1067 -2.664918215101956E-002  1.555726280873245E-002  9.522073354181894E-004  3.284086475103119E-006
   1024   1068  6.751375651522114E-003  1.412836021494018E-002  2.451916355510701E-004  8.673855030944127E-007
   1024   1069 -2.148017188410438E-002  5.655894370122698E-003  4.933869252966538E-004  1.752693431049091E-006
   1024   1070  2.569509977988081E-002 -2.648003599359210E-002  1.361430458919964E-003  4.848142005580800E-006
   1024   1071  2.847347384730937E-003  2.588113917443012E-002  6.779407520955556E-004  2.429216345419797E-006
   1024   1072 -5.592553886253383E-004 -5.196665060412644E-003  2.731809433982003E-005  1.011514433073576E-007
   1024   1073 -1.127585033152840E-002 -4.657949494578328E-003  1.488412941930715E-004  5.532077115166714E-007
   1024   1074 -1.447516005882792E-002 -1.494671447682471E-002  4.329345323804087E-004  1.611336997308721E-006
   1024   1075  1.900185907383120E-002 -1.406455819705618E-002  5.588824455401212E-004  2.086189977404678E-006
   1024   1076 -2.360170317062760E-002  1.916956018225051E-002  9.245124301353369E-004  3.476246832188214E-006
   1024   1077  2.620980831592031E-002 -8.403169890031150E-003  7.575673161580116E-004  2.856006050479450E-006
   1024   1078  1.474304619664460E-002  1.302755859543492E-002  3.870746941138871E-004  1.468573421695848E-006
   1024   1079  1.161765945628096E-002 -1.727599953780801E-002  4.334301712724572E-004  1.652310210554971E-006
   1024   1080  2.549163289289011E-002  1.441284484985418E-003  6.519006485125365E-004  2.501781866605197E-006
   1024   1081 -2.519629048305164E-002  2.394831982745282E-002  1.208375076664288E-003  4.706398275002440E-006
   1024   1082  1.293823793030176E-002  1.029192146573418E-002  2.733216481979392E-004  1.072905518632062E-006
   1024   1083 -6.681459480364438E-003 -1.011687142521945E-003  4.566541166209604E-005  1.803492106363058E-007
   1024   1084  2.638441230180449E-002 -8.609773539716902E-003  7.702654129168212E-004  3.061083835342635E-006
   1024   1085  1.422652595285250E-002  1.223473287395872E-002  3.520827291843119E-004  1.448810304197031E-006
   1024   1086 -1.128158312336041E-002 -4.500683502155354E-003  1.475302697558639E-004  6.104889151084688E-007
   1024   1087 -2.160250831086882E-002  1.351489878536698E-002  6.493208544998706E-004  2.718066095503889E-006
   1024   1088  1.284471859583818E-002 -1.076152039671080E-002  2.807971170550937E-004  1.178883099177331E-006
