# Total number of k-points, k-point index, spin index Format : '(3i10)'
        27        10         1
# Cell volume (a.u.)^3. Format: '(a51, ES24.15E3)'   7.062330632076545E+004
# Total number of <f|i> elements, Initial States (bandI, bandF), Final States (bandI, bandF) Format : '(5i10)'
        64      1025      1088      1024      1024
# Final Band, Initial Band, Complex <f|i>, |<f|i>|^2, |dE*<f|i>|^2 (Hartree^2) Format : '(2i10,3ES24.15E3)'
   1024   1025 -1.008448431680107E-001  5.320449986357771E-003  1.019798958163802E-002  1.033926349132618E-005
   1024   1026  8.606939706067723E-002 -5.009437101191457E-003  7.433035570459308E-003  8.089294967907406E-006
   1024   1027 -4.626979449378255E-002  6.281513985426382E-002  6.086635677407593E-003  8.480240084059424E-006
   1024   1028  7.209236054414835E-002 -8.635129765442684E-002  1.265385505543090E-002  1.976021567688273E-005
   1024   1029 -1.997616690699999E-002  1.545787270916793E-003  4.014367025832497E-004  6.316987919584318E-007
   1024   1030 -3.926692255846274E-002  4.709214636788482E-002  3.759561456746597E-003  5.970966410688439E-006
   1024   1031 -4.067425621041624E-002 -3.351956901228253E-002  2.777956625039755E-003  4.437130635260606E-006
   1024   1032  1.984092113775479E-004 -2.066878089435825E-004  8.208606552535932E-008  1.496387135578369E-010
   1024   1033 -7.975919453178733E-002 -4.523465354543575E-002  8.407702993735097E-003  1.548485029976663E-005
   1024   1034  3.218476988505842E-002 -9.638703752825559E-003  1.128764022588897E-003  2.085408536315038E-006
   1024   1035 -2.733917330803073E-002  1.701117817125335E-002  1.036810579940667E-003  1.916470316264282E-006
   1024   1036  4.600594719084769E-002  4.115337787996713E-002  3.810147687858435E-003  7.151510555238814E-006
   1024   1037 -3.870155579996026E-002  2.034949927907752E-002  1.911912542246614E-003  3.731507865333199E-006
   1024   1038  1.582200665431936E-002 -2.349951811704518E-002  8.025632463026607E-004  2.321513817446447E-006
   1024   1039  5.715100143088390E-002 -9.986429212933277E-003  3.365965732977820E-003  9.980737597143602E-006
   1024   1040  6.717900589453262E-003 -1.822788132229400E-002  3.773858458294109E-004  1.125994371657744E-006
   1024   1041 -3.226201110237669E-002 -9.612443269364408E-003  1.133236425976626E-003  3.384790404436917E-006
   1024   1042 -2.892163776167152E-003  7.290886488456517E-003  6.152163709573126E-005  1.846122898707440E-007
   1024   1043 -9.661303646581595E-003  1.445871614467389E-002  3.023952607037041E-004  9.340097574302336E-007
   1024   1044  3.343241502320866E-002 -2.541378686937316E-002  1.763586937325992E-003  5.462274816738333E-006
   1024   1045 -9.522780337867477E-003 -4.559982209910048E-003  1.114767831179715E-004  3.515802515549806E-007
   1024   1046 -4.407922903454026E-002  9.612437751505087E-003  2.035377391806018E-003  6.435559222826095E-006
   1024   1047  2.168881790784894E-002 -1.835565301408289E-002  8.073348198132393E-004  2.600937778876018E-006
   1024   1048 -3.711952169688445E-002  5.679529401948565E-003  1.410115945233074E-003  4.560574445318484E-006
   1024   1049 -1.635295063622906E-002 -2.392904639084109E-002  8.400182556859697E-004  2.725654713996273E-006
   1024   1050  5.565977841278334E-002 -2.668422490970679E-002  3.810058791991959E-003  1.237571101123501E-005
   1024   1051 -1.145331202712881E-002  4.464835891602579E-002  2.124654310285033E-003  7.137634349409380E-006
   1024   1052  2.655668509515395E-002 -5.327246768463566E-002  3.543213336453722E-003  1.193250696154854E-005
   1024   1053  2.390721096326875E-002  2.469539041543408E-002  1.181417043812951E-003  4.010048391543685E-006
   1024   1054 -2.486737714088976E-003  5.388884953017817E-005  6.186768466776152E-006  2.101746384377703E-008
   1024   1055 -2.122831383917062E-004  8.149953798773956E-006  4.513055259235443E-008  1.561757994530892E-010
   1024   1056 -5.694857856828985E-002 -1.646148486313972E-002  3.514121084848059E-003  1.225940749579689E-005
   1024   1057 -7.481839288636527E-003  3.852978673354778E-003  7.082336379831185E-005  2.478055528525760E-007
   1024   1058 -7.959080035647093E-003 -3.047009505622290E-002  9.917736477490951E-004  3.475777586257357E-006
   1024   1059 -2.435729789480941E-002  9.071777702573124E-003  6.755751114213900E-004  2.387259811206031E-006
   1024   1060  4.983736016360592E-003  2.028844205566656E-004  2.487878676887436E-005  8.809297001347523E-008
   1024   1061  1.411851384004948E-002  3.676739217153390E-002  1.551173560147041E-003  5.607477846552788E-006
   1024   1062 -9.305854145822327E-003 -3.607976063307338E-002  1.388348048723190E-003  5.045614688562392E-006
   1024   1063 -3.331476333622427E-002  1.527343427433767E-002  1.343151250681146E-003  5.116019357118034E-006
   1024   1064 -2.858436636248731E-002  2.877127056775863E-002  1.644852010428070E-003  6.843899958027071E-006
   1024   1065 -2.392606428585320E-002  1.012816767729002E-003  5.734823500157728E-004  2.395848243790988E-006
   1024   1066  2.981817167564529E-002 -1.106430784900282E-002  1.011542270255761E-003  4.232728961491565E-006
   1024   1067  1.723252966035185E-002  1.998484934002418E-003  3.009540205263409E-004  1.263101782956257E-006
   1024   1068  1.793784090569657E-003 -2.054611003231672E-003  7.439087738181468E-006  3.147678450215328E-008
   1024   1069 -6.746317269757954E-003 -9.906282987723693E-003  1.436472393370983E-004  6.091015905520639E-007
   1024   1070  5.066505409367597E-003 -6.794791277226460E-003  7.183866556422392E-005  3.050633031413624E-007
   1024   1071 -2.658201024910504E-003  8.575577096077504E-003  8.060655521960434E-005  3.426868751030068E-007
   1024   1072 -1.006266316147291E-002 -1.194242271207177E-002  2.438786501350717E-004  1.044009591654442E-006
   1024   1073 -3.690014537827341E-002 -3.086309676428782E-002  2.314151470819506E-003  9.923786828090866E-006
   1024   1074  5.966063355682434E-002 -4.631063020857242E-003  3.580837941104826E-003  1.537443395668348E-005
   1024   1075 -1.670555877655533E-002  2.027312311206595E-003  2.831856892441147E-004  1.217293543879879E-006
   1024   1076 -2.552655260493519E-002  2.915298124481957E-002  1.501501203353325E-003  6.551797307641460E-006
   1024   1077  4.289024928081808E-003 -1.293604840696718E-002  1.857370832211053E-004  8.193237294439974E-007
   1024   1078  3.094190432183517E-002 -7.602974868420732E-005  9.574072235842867E-004  4.246498756749499E-006
   1024   1079  1.397124821811857E-002  1.023301715498821E-002  2.999104168665643E-004  1.332616603965151E-006
   1024   1080  1.444737001534313E-002 -4.991753573292794E-002  2.700486874008373E-003  1.302638587212922E-005
   1024   1081  6.123352008642403E-003  3.743614043423201E-003  5.151008592786036E-005  2.491197463005041E-007
   1024   1082  3.315555308195930E-003 -6.671427353463150E-003  5.550084993424253E-005  2.685304744386507E-007
   1024   1083 -8.534955844212832E-004  5.258195234704699E-003  2.837707183889783E-005  1.388382633782342E-007
   1024   1084 -2.977914904519652E-002  1.390776391302877E-002  1.080223614916574E-003  5.566361199017105E-006
   1024   1085 -1.215597405231883E-002 -3.594247649709562E-003  1.606863213280914E-004  8.317756695049009E-007
   1024   1086 -3.011842436706677E-003  4.046647432989915E-003  2.544655031047108E-005  1.317702169959412E-007
   1024   1087 -8.914535268406621E-003 -1.600219679281820E-003  8.202964207362633E-005  4.279457889772854E-007
   1024   1088  2.724946360858821E-004  3.020031408738648E-002  9.121332243034899E-004  4.762870841688430E-006
