# Total number of k-points, k-point index, spin index Format : '(3i10)'
        27        14         2
# Cell volume (a.u.)^3. Format: '(a51, ES24.15E3)'   7.062330632076545E+004
# Total number of <f|i> elements, Initial States (bandI, bandF), Final States (bandI, bandF) Format : '(5i10)'
        64      1025      1088      1024      1024
# Final Band, Initial Band, Complex <f|i>, |<f|i>|^2, |dE*<f|i>|^2 (Hartree^2) Format : '(2i10,3ES24.15E3)'
   1024   1025 -4.506915076278610E-004 -4.022330700140377E-005  2.047407494740035E-007  2.075770463655747E-010
   1024   1026  2.200860447493123E-004 -1.117895231004595E-004  6.093476456842449E-008  6.178005836571140E-011
   1024   1027 -1.489919679505907E-001  3.407486033394497E-001  1.383082171915754E-001  1.419252157798101E-004
   1024   1028 -2.950327986873196E-001  2.856197686339512E-001  1.686230045357843E-001  1.857262087112325E-004
   1024   1029 -3.739665089038707E-002 -1.474410367769366E-001  2.313736882367545E-002  2.548560817972644E-005
   1024   1030 -6.711835505096145E-002  9.988751051230737E-003  4.604648732310385E-003  5.228702475226571E-006
   1024   1031 -4.292820700106047E-002  3.475196555023254E-002  3.050530065930446E-003  4.603355416694152E-006
   1024   1032  6.930729069513646E-003 -5.434456388864627E-002  3.001366629682158E-003  4.547572705778366E-006
   1024   1033 -2.698571730826170E-002 -6.614608478416421E-003  7.719819839641534E-004  1.169727453290277E-006
   1024   1034  2.699330956553193E-004 -6.375256591878602E-005  7.692826579129291E-008  1.232595205246334E-010
   1024   1035 -2.246908842619510E-004 -8.090897602725455E-005  5.703225587219633E-008  9.138748009762963E-011
   1024   1036 -6.460704948524105E-005 -7.028310144175134E-005  9.113785191459894E-009  1.463801960358049E-011
   1024   1037 -1.137627623255603E-001  1.083771488580355E-001  2.468757248653871E-002  3.998254596934214E-005
   1024   1038  2.757517327543643E-002 -1.068719809332518E-001  1.218201048976768E-002  1.998047687386717E-005
   1024   1039 -2.578064155588865E-002  9.845649490237016E-002  1.035832286749365E-002  1.699006040372232E-005
   1024   1040 -4.994958510223866E-003  7.454903399174692E-002  5.582508079621495E-003  9.372942509053917E-006
   1024   1041 -8.803967984544610E-002 -3.990376458197784E-002  9.343295655102557E-003  1.568797352848788E-005
   1024   1042  1.143235042639215E-001 -9.677070892415873E-003  1.316350932823972E-002  2.231638460759090E-005
   1024   1043  1.421398938623163E-005  6.512470197269924E-005  4.443264301304802E-009  7.932528137611609E-012
   1024   1044  2.167563310837394E-005  4.657482313350732E-005  2.639047220566325E-009  4.735778759444192E-012
   1024   1045  7.455010492917472E-002 -3.871953746480393E-003  5.572710170765844E-003  1.000042119171529E-005
   1024   1046  1.391673415999522E-004  1.006275753147281E-004  2.949345788171905E-008  5.350819786312445E-011
   1024   1047  4.881717707841334E-005 -1.215232228068454E-004  1.715101045926735E-008  3.112377211182636E-011
   1024   1048  1.439067814500732E-004 -6.298318104523800E-005  2.467604284189636E-008  4.478042363107108E-011
   1024   1049  4.299373438340160E-002  4.198883929351824E-002  3.611523821447390E-003  6.862688121119153E-006
   1024   1050  8.508056960307472E-002 -4.411775109399344E-003  7.258167083599557E-003  1.379276793604903E-005
   1024   1051 -4.324835305987643E-002 -1.360997910319993E-001  2.039357316134561E-002  4.034586899585727E-005
   1024   1052  3.747347824748935E-002  1.726634821749972E-002  1.702388352733014E-003  3.851021707660839E-006
   1024   1053  4.668466103854665E-002 -6.661822855732431E-002  6.617445952399896E-003  1.496965434153647E-005
   1024   1054 -2.987626160554190E-002 -2.726195362511557E-002  1.635805122980729E-003  3.729921543438224E-006
   1024   1055  6.885693978817461E-005  1.410269221711910E-004  2.462987093407146E-008  6.776508539659979E-011
   1024   1056  2.080019194388286E-004  1.494255673125170E-004  6.559279865690450E-008  1.804706431370820E-010
   1024   1057  9.005772323108585E-002 -2.628148614674520E-002  8.801110027648419E-003  2.425695427194630E-005
   1024   1058  3.509302942426272E-002 -2.265334637101636E-002  1.744694815977409E-003  4.840823701950388E-006
   1024   1059  1.481969293133596E-002  1.809222540241283E-002  5.469519185908010E-004  1.517610047085928E-006
   1024   1060 -3.205822343832429E-002 -2.317210443747091E-002  1.564676114082584E-003  4.357694222198375E-006
   1024   1061 -4.167724865130634E-002  1.693200878375226E-002  2.023685976595880E-003  5.819360784592947E-006
   1024   1062 -1.358714698170134E-002 -3.157284395549466E-002  1.181455038540371E-003  3.397553172527850E-006
   1024   1063 -2.617211359884052E-002  4.509993029731990E-002  2.718983243053726E-003  7.819383249629671E-006
   1024   1064 -2.513559022770873E-002 -8.471301681782346E-003  7.035608482790552E-004  2.164889474789415E-006
   1024   1065  3.915748335519612E-002  6.473796266776573E-003  1.575218540816192E-003  4.847055496307681E-006
   1024   1066 -2.189865342927350E-002  8.950315315737433E-003  5.596591662665563E-004  1.727977258403683E-006
   1024   1067  6.745977489662272E-003 -2.783469426799090E-002  8.202784172835557E-004  2.788947395524349E-006
   1024   1068 -5.977088245209098E-004  2.345640474723639E-002  5.505601795050839E-004  1.963257354727288E-006
   1024   1069 -3.512014800820996E-002  2.160251875425349E-002  1.700093612646448E-003  6.091704619494785E-006
   1024   1070  8.810415956028085E-003 -1.797972331273130E-002  4.008938797206077E-004  1.436546848502886E-006
   1024   1071 -1.174624765371159E-002 -2.863977839311925E-002  9.582112403493052E-004  3.474434274493778E-006
   1024   1072 -2.706439855885608E-002  2.968053401927447E-002  1.613415769021920E-003  5.850243783044259E-006
   1024   1073  2.009987333049093E-002 -2.547425937739001E-002  1.052942798728323E-003  3.827080171415549E-006
   1024   1074 -1.345475255627025E-002 -3.733159843372454E-002  1.574678607967325E-003  5.841766971687750E-006
   1024   1075  1.632394406963805E-002 -1.582642593996146E-002  5.169469080217563E-004  1.917805391362877E-006
   1024   1076 -1.281788609764081E-002  2.037215715339065E-002  5.793229910945393E-004  2.151909393859360E-006
   1024   1077  1.452135658977062E-002 -1.193070571290134E-002  3.532115360151316E-004  1.337169686744251E-006
   1024   1078 -8.250838550287925E-003 -1.210885396794817E-002  2.147006812000116E-004  8.150911272658942E-007
   1024   1079  2.811229345715439E-003  8.705033545506665E-003  8.368061946260800E-005  3.176937413756447E-007
   1024   1080  2.738043527094672E-002  1.087767495690943E-002  8.680120480946781E-004  3.572339736599013E-006
   1024   1081 -1.568686231956944E-002  2.780702917557536E-002  1.019308521004427E-003  4.218299857487926E-006
   1024   1082 -1.749214283189847E-002 -1.753735875741329E-002  6.135340130377579E-004  2.539068857602785E-006
   1024   1083 -2.984379660607474E-002 -3.077416510016772E-002  1.837701433477139E-003  7.642608772337656E-006
   1024   1084  1.694978886926550E-002 -4.386417758907002E-003  3.065360034683315E-004  1.296499832121328E-006
   1024   1085  8.487628207394550E-003 -5.424355153623649E-003  1.014634614196031E-004  4.291436574807096E-007
   1024   1086 -2.833563070792911E-003 -5.409782613246924E-003  3.729482759875006E-005  1.590078033858677E-007
   1024   1087  1.671522210485459E-003  4.997147674670171E-003  2.776547138260769E-005  1.187736870539013E-007
   1024   1088  1.006876202422000E-002 -4.564642697391115E-002  2.184976264184978E-003  9.346919577916366E-006
