# Total number of k-points, k-point index, spin index Format : '(3i10)'
        27        26         2
# Cell volume (a.u.)^3. Format: '(a51, ES24.15E3)'   7.062330632076545E+004
# Total number of <f|i> elements, Initial States (bandI, bandF), Final States (bandI, bandF) Format : '(5i10)'
        64      1025      1088      1024      1024
# Final Band, Initial Band, Complex <f|i>, |<f|i>|^2, |dE*<f|i>|^2 (Hartree^2) Format : '(2i10,3ES24.15E3)'
   1024   1025  1.961215558667179E-002  2.123168133099284E-002  8.354209388966517E-004  8.469941201916971E-007
   1024   1026  7.329525284000085E-002  2.085539586243946E-002  5.807141625458710E-003  5.897922520962901E-006
   1024   1027  3.063353885854023E-001 -4.983121510161984E-001  3.421563701501599E-001  3.560908849974504E-004
   1024   1028 -4.187432435685296E-002  1.246382761075926E-001  1.728815891141542E-002  1.876750304288931E-005
   1024   1029 -2.458888545463281E-001  3.822995211532541E-002  6.192285802884537E-002  6.825352925211937E-005
   1024   1030 -2.623257208600478E-001  1.620675217538939E-002  6.907744264081822E-002  8.144604536153124E-005
   1024   1031  1.985208665316765E-002  3.631363876755520E-002  1.712785705025365E-003  2.561931080455617E-006
   1024   1032  6.616119089956547E-002 -2.873466160106398E-002  5.202983958576406E-003  7.884707934709097E-006
   1024   1033 -5.772937893387676E-002 -2.976435795800566E-002  4.218598196743429E-003  6.405167993274824E-006
   1024   1034  1.960082804885217E-002 -3.518905945298075E-002  1.622462365386084E-003  2.597678378087578E-006
   1024   1035  1.323655161842885E-002 -1.832910248661401E-002  5.111622967121313E-004  8.194182225114061E-007
   1024   1036 -1.330737063954904E-002  2.071966832763208E-002  6.063907689454117E-004  9.741413509534753E-007
   1024   1037  7.684608162224681E-002  9.662486345143487E-002  1.524168449770145E-002  2.484246615471914E-005
   1024   1038 -1.609637568387035E-002 -3.555646499214161E-002  1.523355512893684E-003  2.500772591635933E-006
   1024   1039  7.977494187468480E-003  4.986871941059046E-002  2.550529589163295E-003  4.187892830004064E-006
   1024   1040  7.590652717591787E-002 -1.552111593196312E-002  6.002705907681796E-003  1.001354671150626E-005
   1024   1041 -7.337497903297929E-002  3.136025919297907E-002  6.367353404740980E-003  1.063896298737936E-005
   1024   1042 -5.059896542878219E-002 -2.093598818852751E-002  2.998570903893259E-003  5.094472419160963E-006
   1024   1043  9.044900791318266E-003  3.995830061012163E-003  9.777688820127825E-005  1.751873807396439E-007
   1024   1044  1.810625598180374E-003 -1.161419671753560E-003  4.627260710722183E-006  8.349240481305536E-009
   1024   1045  2.196603053284630E-002  7.866495557629191E-002  6.670681733189916E-003  1.205215555455499E-005
   1024   1046  6.382092635523584E-003 -1.642225711061926E-002  3.104216350156894E-004  5.631464117446492E-007
   1024   1047  1.146768708085591E-002 -1.097224583263291E-002  2.518980255961597E-004  4.572568589499705E-007
   1024   1048 -4.097185478260108E-003 -4.767741224741886E-003  3.951828522936877E-005  7.276890778750113E-008
   1024   1049 -4.164880755526809E-002 -4.769848250615855E-002  4.009768404166069E-003  7.534014743031938E-006
   1024   1050  1.203917564853771E-002  4.593210242464020E-002  2.254699783443982E-003  4.255207190323547E-006
   1024   1051 -5.164539804323354E-002  9.425163278056105E-002  1.155061742084576E-002  2.242569722811902E-005
   1024   1052 -8.250578166434340E-003 -1.967897039222769E-002  4.553339157786169E-004  1.021206986407495E-006
   1024   1053  4.809309374890926E-002  3.037610698796083E-002  3.235653542085417E-003  7.314430945092897E-006
   1024   1054  3.437826685609361E-002 -4.748088375746224E-002  3.436299554418426E-003  7.845911718661859E-006
   1024   1055  1.453411667392478E-002 -6.489788283697445E-003  2.533578994584750E-004  6.892940897229067E-007
   1024   1056 -2.134851165663351E-002  1.279795054229644E-002  6.195464880364824E-004  1.698471789753622E-006
   1024   1057 -3.816082911094248E-002  7.391629273893429E-003  1.510885061757233E-003  4.152737954428861E-006
   1024   1058 -3.065196118919403E-002 -4.140265719255525E-002  2.653722747348104E-003  7.362833626642720E-006
   1024   1059  7.959958238292951E-003 -9.105356155613959E-003  1.462684458759449E-004  4.072671569625932E-007
   1024   1060  8.733936926735865E-003  5.076742481549693E-004  7.653938738244002E-005  2.142908854927728E-007
   1024   1061  1.578554558405588E-002 -3.138714588981269E-002  1.234336376494692E-003  3.489848702868826E-006
   1024   1062 -9.374685530680740E-003  3.013086099075545E-002  9.957535128433833E-004  2.840572175308137E-006
   1024   1063  4.859732835724678E-002 -3.699547833270399E-002  3.730365740527632E-003  1.076170692080632E-005
   1024   1064  1.386532996618402E-002 -2.554186539284499E-002  8.446342628173733E-004  2.590048837031517E-006
   1024   1065 -5.177333521067027E-003  2.541764704905489E-002  6.728615638986932E-004  2.075792917665563E-006
   1024   1066 -2.579323093737649E-002 -1.825592838832878E-002  9.985696835086242E-004  3.093344285954689E-006
   1024   1067 -5.164921442893424E-003 -1.359145348465389E-002  2.114040213367705E-004  7.122313699376126E-007
   1024   1068 -3.692362949063103E-003 -9.436729025374726E-003  1.026853988459638E-004  3.656970604883642E-007
   1024   1069  1.937699379634920E-002 -1.988298092380543E-002  7.708008190001660E-004  2.766572248679128E-006
   1024   1070  5.365778158936921E-003 -2.044697224560196E-002  4.468702492633416E-004  1.606076918784438E-006
   1024   1071  1.215621975297566E-002  4.045749295592158E-002  1.784582414961080E-003  6.466624925153485E-006
   1024   1072  2.448390749752791E-002 -2.679636798668651E-002  1.317507063625421E-003  4.788361103729656E-006
   1024   1073  5.442475303812090E-003  3.284424953980088E-002  1.108365265265315E-003  4.050151513729367E-006
   1024   1074 -1.605374105383337E-002  6.329303236670436E-003  2.977826812852619E-004  1.097298859745558E-006
   1024   1075  4.397250056074809E-003  2.335120936400979E-002  5.646147868174683E-004  2.081977699102878E-006
   1024   1076  2.677674702005828E-002  5.167931710281895E-003  7.437016991383372E-004  2.763100595140752E-006
   1024   1077 -1.746050909131691E-002 -1.802454182233984E-002  6.297534856332388E-004  2.383664536397330E-006
   1024   1078 -1.693780463097868E-003  1.283770488636237E-002  1.676755590065043E-004  6.378987466821366E-007
   1024   1079 -6.019912994196585E-003 -7.991317992743096E-003  1.001005157188364E-004  3.810308527383727E-007
   1024   1080  1.128888871420158E-002  8.867515897398549E-004  1.282253367835340E-004  5.258353826643916E-007
   1024   1081  1.993926376783475E-002 -2.601333803356433E-002  1.074267995251772E-003  4.443965901005070E-006
   1024   1082 -1.073906755640067E-002 -1.081346372022975E-002  2.322585696096625E-004  9.638272681433430E-007
   1024   1083 -7.705698237502531E-003 -4.598229995753053E-003  8.052150442129275E-005  3.343151234129290E-007
   1024   1084 -8.716887411048497E-003  1.447277049169013E-002  2.854452118420325E-004  1.207030088564635E-006
   1024   1085 -5.011407490007370E-003 -1.833915311838870E-002  3.614387421306079E-004  1.532147069830921E-006
   1024   1086 -1.225081188477732E-002  6.783014486069251E-003  1.960916773544267E-004  8.327859048860699E-007
   1024   1087  1.728442307286462E-002  6.438874937893215E-003  3.402103914276041E-004  1.459345316832599E-006
   1024   1088  2.112825425338039E-002 -1.697977050148081E-002  7.347157340784443E-004  3.153293391803284E-006
