# Total number of k-points, k-point index, spin index Format : '(3i10)'
        27        26         1
# Cell volume (a.u.)^3. Format: '(a51, ES24.15E3)'   7.062330632076545E+004
# Total number of <f|i> elements, Initial States (bandI, bandF), Final States (bandI, bandF) Format : '(5i10)'
        64      1025      1088      1024      1024
# Final Band, Initial Band, Complex <f|i>, |<f|i>|^2, |dE*<f|i>|^2 (Hartree^2) Format : '(2i10,3ES24.15E3)'
   1024   1025  3.397573324007262E-003  1.169054056643135E-002  1.482122432273828E-004  2.137879035028196E-007
   1024   1026  2.329212204743773E-002  2.188842034834755E-002  1.021625894818689E-003  1.476141148080335E-006
   1024   1027  6.980416156225132E-002 -8.690749334054519E-002  1.242553337014579E-002  1.795629944615943E-005
   1024   1028 -1.551631873505389E-002  2.527903759073599E-002  8.797858886016275E-004  1.338890936468609E-006
   1024   1029 -7.157141216035399E-002 -2.003509309573646E-002  5.523871993982094E-003  8.543556318491619E-006
   1024   1030 -7.948464670287689E-002 -2.057000374579454E-002  6.740934115583159E-003  1.047193864519206E-005
   1024   1031  9.768090339050500E-003  3.577198419891118E-002  1.375050442399003E-003  2.758946023568478E-006
   1024   1032  5.586469720582088E-002 -1.190118873065901E-002  3.262502687100816E-003  6.615597352934525E-006
   1024   1033 -4.419128936888334E-002 -2.843485420309176E-002  2.761410989635467E-003  5.608393979851128E-006
   1024   1034  9.317065677110931E-003 -2.789023878653512E-002  8.646731324015463E-004  1.842417247226287E-006
   1024   1035  6.987171941436703E-003 -1.490147219215479E-002  2.708744452327630E-004  5.774019986491080E-007
   1024   1036 -6.717277718346537E-003  1.661931454434716E-002  3.213234358693439E-004  6.867600879977828E-007
   1024   1037  4.022896902082673E-002  6.712277417731295E-002  6.123836761737186E-003  1.319961130678663E-005
   1024   1038 -9.133067728969258E-003 -2.171269458995411E-002  5.548540324985621E-004  1.207539323607758E-006
   1024   1039  2.485498783462626E-003  3.701189834264109E-002  1.376058323128592E-003  2.997600572687439E-006
   1024   1040  4.051714056166390E-002 -1.471813308662488E-002  1.858262120849232E-003  4.090425907598164E-006
   1024   1041 -6.021381851601094E-002  8.568826016778127E-003  3.699128719584916E-003  8.172557949583581E-006
   1024   1042 -3.980408957161555E-002 -3.021640180852474E-002  2.497396484879411E-003  5.551764191410710E-006
   1024   1043  1.876163259281631E-002  1.171948380541160E-002  4.893451582131320E-004  1.146880753520257E-006
   1024   1044  4.276677382152743E-003 -2.126716684303657E-003  2.281289328631238E-005  5.381811937057978E-008
   1024   1045 -3.043375484364380E-003  7.406570229048164E-002  5.494990390121086E-003  1.298649346841452E-005
   1024   1046 -5.167831189071277E-003 -1.542903203439925E-002  2.647615087172562E-004  6.287820351143249E-007
   1024   1047  1.531891881016673E-003 -1.467879987371586E-002  2.178138584677256E-004  5.176060585879497E-007
   1024   1048 -5.790271408021738E-003 -1.140530336869510E-003  3.482805242787371E-005  8.318158594618175E-008
   1024   1049 -2.614501601368420E-002 -3.696960322573065E-002  2.050313425023757E-003  5.000696568259483E-006
   1024   1050  2.654129377012549E-003  3.731332765882370E-002  1.399328823724659E-003  3.438184194767156E-006
   1024   1051 -3.763677360074236E-002  6.053256904696631E-002  5.080718642499282E-003  1.257535687367524E-005
   1024   1052 -1.628890670107109E-003 -2.276556796276175E-002  5.209243694822860E-004  1.489944705132988E-006
   1024   1053  2.745869739154581E-002  3.623634669594650E-002  2.067052884309318E-003  5.954123232485280E-006
   1024   1054  5.183483595794791E-002 -3.264371411444016E-002  3.752462289972669E-003  1.083862480245332E-005
   1024   1055  1.454259874317503E-002  7.677063291815819E-004  2.120765512128614E-004  7.198111120255818E-007
   1024   1056 -2.277269974057642E-002  1.606872993902441E-003  5.211778942929823E-004  1.784186607132861E-006
   1024   1057 -3.603828324337114E-002 -7.933435017752399E-003  1.361697250310345E-003  4.667667377254423E-006
   1024   1058 -2.555232557807957E-002 -4.797855641289119E-002  2.954863217913162E-003  1.022563287181057E-005
   1024   1059  1.086727219216671E-003 -4.660697382193423E-004  1.398197049870245E-006  4.852581017843841E-009
   1024   1060  8.714652495214489E-003  1.072326725627443E-002  1.909336287618355E-004  6.638166745335477E-007
   1024   1061  2.063476043483368E-002 -2.907779293665178E-002  1.271311380269773E-003  4.456016861436257E-006
   1024   1062 -2.100744705627856E-002  3.192487892169207E-002  1.460510725987046E-003  5.177082419213413E-006
   1024   1063  4.338645851571714E-002 -2.365006648134853E-002  2.441710427108250E-003  8.703729029300474E-006
   1024   1064  2.049787070205802E-002 -3.175740274430668E-002  1.428695332382386E-003  5.404223802376641E-006
   1024   1065 -1.107059666327389E-003  2.147383303402335E-002  4.623510862779213E-004  1.758307240336545E-006
   1024   1066 -3.391891503525861E-002 -2.441175371272623E-002  1.746426516499896E-003  6.643260619890401E-006
   1024   1067 -2.744344733295207E-003 -2.837418974244144E-002  8.126260715552343E-004  3.346867652025176E-006
   1024   1068  2.309367372637022E-003 -1.435893438024776E-002  2.115121741980615E-004  9.149616919527790E-007
   1024   1069  2.097281760636678E-002 -1.727899233694990E-002  7.384226545303015E-004  3.221986086780159E-006
   1024   1070  1.526213327907560E-002 -2.158242529075044E-002  6.987337936590908E-004  3.050152759806327E-006
   1024   1071  7.853695765982549E-003  3.621061239152096E-002  1.372888986953584E-003  6.043750864390932E-006
   1024   1072  1.945813420731926E-002 -3.084781310949783E-002  1.330206560468555E-003  5.870536278553235E-006
   1024   1073 -5.590716749484364E-003  3.004464559133001E-002  9.339368424815911E-004  4.130298090504124E-006
   1024   1074 -2.411694218378403E-002  1.018378861387640E-002  6.853364508281002E-004  3.060134563791064E-006
   1024   1075  5.186640449976345E-003  2.677112015348263E-002  7.435941134295346E-004  3.321281177176739E-006
   1024   1076  2.844736020451518E-002  1.445267309956671E-002  1.018132062328373E-003  4.570196624454459E-006
   1024   1077 -2.292876691787927E-002 -2.938399618754226E-002  1.389147584323932E-003  6.356348341849208E-006
   1024   1078 -5.180621125092661E-003  2.074308658914429E-002  4.571144764864939E-004  2.100235705722686E-006
   1024   1079 -9.199214908391439E-003 -1.809526812189182E-002  4.120642833339257E-004  1.895995533497817E-006
   1024   1080  2.438219366653550E-002  3.989076959528585E-003  6.104041029814856E-004  3.004821396693081E-006
   1024   1081  3.642484657106337E-002 -2.288384036032066E-002  1.850439597362148E-003  9.183487908495129E-006
   1024   1082 -6.019992688911699E-003 -8.010201429670108E-003  1.004036389184394E-004  4.998711056505374E-007
   1024   1083 -1.432489228919183E-002 -1.467994217676730E-002  4.207032414101791E-004  2.095320421243340E-006
   1024   1084 -2.498726952592499E-002  1.796874641664269E-002  9.472394861468292E-004  4.789804752603052E-006
   1024   1085 -8.961992403494043E-004 -2.708149402071876E-002  7.342104914726287E-004  3.725415395070955E-006
   1024   1086 -1.888049175067186E-002  6.148479395208417E-003  3.942767676204905E-004  2.003936098013721E-006
   1024   1087  1.609795726111341E-002  1.547056362570716E-002  4.984825668776873E-004  2.554388399737545E-006
   1024   1088  3.425089334805041E-002 -1.556637065308091E-002  1.415435590448623E-003  7.265538738835484E-006
