# Total number of k-points, k-point index, spin index Format : '(3i10)'
        27        14         1
# Cell volume (a.u.)^3. Format: '(a51, ES24.15E3)'   7.062330632076545E+004
# Total number of <f|i> elements, Initial States (bandI, bandF), Final States (bandI, bandF) Format : '(5i10)'
        64      1025      1088      1024      1024
# Final Band, Initial Band, Complex <f|i>, |<f|i>|^2, |dE*<f|i>|^2 (Hartree^2) Format : '(2i10,3ES24.15E3)'
   1024   1025 -2.533729647066565E-004 -1.888726182695492E-005  6.455458790356055E-008  9.245854679711970E-011
   1024   1026  9.934338278503494E-005  9.458606519726662E-005  1.881563143267555E-008  2.713066650670748E-011
   1024   1027 -4.802031623123677E-002  4.239260558796867E-002  4.103083779485054E-003  5.916409015294118E-006
   1024   1028 -7.997052308943620E-002  1.903175384224064E-002  6.757492217509689E-003  1.032590709591018E-005
   1024   1029  8.366466968322227E-003 -2.908152318706815E-002  9.157327604120096E-004  1.415197798409541E-006
   1024   1030 -1.257732839916363E-002 -5.124899278112501E-003  1.844537822712060E-004  2.850720198576449E-007
   1024   1031 -2.687582424778752E-002 -8.528129085849409E-004  7.230372188550124E-004  1.451528335663216E-006
   1024   1032  1.963186157156862E-002 -1.781093856301235E-002  7.026395212606335E-004  1.425927738495640E-006
   1024   1033 -7.828769044942943E-003 -1.102742636631885E-002  1.828937570236410E-004  3.711739484280674E-007
   1024   1034  1.236241862616030E-004  1.957660293266691E-004  5.360727766717378E-008  1.142485509585736E-010
   1024   1035  5.051834905373044E-005 -1.066194486782301E-004  1.391981042756428E-008  2.966747745288763E-011
   1024   1036  5.850268560429076E-005 -1.137573465556230E-004  1.636329811829059E-008  3.495397930690550E-011
   1024   1037 -9.905536587747796E-002 -1.837377691675572E-002  1.014956118730773E-002  2.174622041150009E-005
   1024   1038  6.573341586300199E-002 -2.585442233737279E-002  4.989333115417603E-003  1.084531894414055E-005
   1024   1039 -6.073960417186536E-002  2.360845262715711E-002  4.246658550403606E-003  9.231138009594509E-006
   1024   1040 -2.241001704664004E-002  3.621927262647718E-002  1.814044573621777E-003  4.011873208803361E-006
   1024   1041 -3.373495637186259E-002 -4.371624477309692E-002  3.049157338472796E-003  6.762889044748275E-006
   1024   1042  6.036532871425113E-002  2.556132992943831E-002  4.297354498541192E-003  9.531555690611135E-006
   1024   1043 -2.049942838579072E-005  5.753916015173335E-006  4.533341136538307E-010  1.057458053435931E-012
   1024   1044  2.087124877279351E-005  1.558692174824786E-004  2.473082198393604E-008  5.815328171086222E-011
   1024   1045  3.112651825767780E-002  3.632669253940293E-002  2.288488729697862E-003  5.381363220176250E-006
   1024   1046 -1.389841055193643E-004  9.104396013303473E-005  2.760558426372340E-008  6.556413253881660E-011
   1024   1047  1.738804238128481E-005  4.400343996144545E-005  2.238646746293891E-009  5.316974979339609E-012
   1024   1048  4.738509538505402E-005  2.699781917239843E-005  2.974229504716192E-009  7.064497911986734E-012
   1024   1049 -1.747331725382882E-003  4.577069329074204E-002  2.098009532473708E-003  5.174712678284974E-006
   1024   1050  4.576815860279765E-002  4.592575696220250E-002  4.203899494442132E-003  1.036927583596439E-005
   1024   1051  5.480967098394648E-002 -9.369836332175779E-002  1.178348332254459E-002  2.934322046251940E-005
   1024   1052  1.857147887992478E-002  2.232061431179578E-002  8.431096510434346E-004  2.426778511502082E-006
   1024   1053  4.962431188689824E-002 -2.811105007074346E-002  3.252803466327996E-003  9.369807447871519E-006
   1024   1054 -1.068514908576405E-002 -2.610593475203373E-002  7.956922402624466E-004  2.292082861575294E-006
   1024   1055 -4.402288914994379E-005  1.326466255214125E-004  1.953314203132609E-008  6.690170021410196E-011
   1024   1056 -3.881623615309247E-005  2.755645838999611E-004  7.744254008905135E-008  2.657693173416306E-010
   1024   1057  7.746399166211099E-002  1.423944685364154E-002  6.203431850925283E-003  2.128920797099740E-005
   1024   1058  3.575901754444295E-002  1.629207392315848E-002  1.544139008461439E-003  5.340201786812008E-006
   1024   1059 -6.797634293300456E-003  2.092230318511419E-002  4.839506025552938E-004  1.673700674676796E-006
   1024   1060  2.086515386402210E-003 -3.719997181968000E-002  1.388191449842680E-003  4.818296515637134E-006
   1024   1061 -3.467617949598120E-002 -2.440926636415209E-002  1.798249708873633E-003  6.355048144058075E-006
   1024   1062  1.812085839055674E-002 -2.690095255116528E-002  1.052026756970656E-003  3.749624021978551E-006
   1024   1063 -4.914073509358037E-002  2.230215035251865E-003  2.419785704640905E-003  8.624976695073347E-006
   1024   1064 -7.366085857019171E-003 -1.999551670872241E-002  4.540799093017747E-004  1.721852682991389E-006
   1024   1065  1.574958304874116E-002  2.748303940317194E-002  1.003366821045497E-003  3.805934465335637E-006
   1024   1066 -1.654469502989288E-002 -9.102425812579491E-003  3.565810893056756E-004  1.352575892979165E-006
   1024   1067  2.167598409621895E-002 -1.173132981051990E-002  6.074723856627297E-004  2.511743465327149E-006
   1024   1068 -7.679151856751762E-003  2.196036984948190E-002  5.412272171650878E-004  2.339194698452111E-006
   1024   1069 -3.977605286871384E-002  9.561687135881587E-003  1.673560242699201E-003  7.285505736353964E-006
   1024   1070  1.390995434008124E-002 -1.430624145162498E-002  3.981553742153380E-004  1.733386214038744E-006
   1024   1071  1.124608372464090E-002 -3.299978891754400E-002  1.215460467744093E-003  5.350775949576083E-006
   1024   1072 -4.488036566429884E-002  5.228528935778836E-003  2.041584736993451E-003  8.987783856589082E-006
   1024   1073  3.589188961257657E-002 -6.776283844686718E-003  1.334145762705144E-003  5.887758115334122E-006
   1024   1074  1.623599419210483E-002 -4.157200530238000E-002  1.991839132267172E-003  8.939982595204951E-006
   1024   1075  2.544702661818873E-002 -1.348132244537585E-003  6.493686242555676E-004  2.914605650537494E-006
   1024   1076 -2.586120757554302E-002  7.768129099280105E-003  7.291458869684058E-004  3.275217854739287E-006
   1024   1077  1.952820418258952E-002 -8.857352905176112E-004  3.821352856017751E-004  1.742693731449039E-006
   1024   1078  7.077735103654518E-004 -1.521026719047981E-002  2.318531713477615E-004  1.064037649095231E-006
   1024   1079 -3.148256996773573E-003  8.988636053376317E-003  9.070710021779032E-005  4.162873521351180E-007
   1024   1080  1.487227362530202E-002  2.166092866015664E-002  6.903803532062495E-004  3.403608561418502E-006
   1024   1081 -2.812535599421182E-002  4.179813393907307E-003  8.085064898090336E-004  4.009845604940617E-006
   1024   1082  2.763706082445524E-003 -2.188971336296678E-002  4.867976224229926E-004  2.416465984284150E-006
   1024   1083  5.198571346057365E-003 -3.776263198906554E-002  1.453041518781645E-003  7.212948038840051E-006
   1024   1084  1.467502760123861E-002  9.361416685850785E-003  3.029925574632407E-004  1.533908859717026E-006
   1024   1085  9.682488311749862E-003  2.548517509314013E-003  1.002455214024528E-004  5.074980791040556E-007
   1024   1086  2.048776366858261E-003 -5.652722552158851E-003  3.615075685308221E-005  1.837587220757418E-007
   1024   1087 -9.737641959473209E-004  5.104460461078191E-003  2.700373330801951E-005  1.381818537956363E-007
   1024   1088  3.006524990987084E-002 -3.414830991705264E-002  2.070026322334065E-003  1.059288179309278E-005
