# Total number of k-points, k-point index, spin index Format : '(3i10)'
        27        18         2
# Cell volume (a.u.)^3. Format: '(a51, ES24.15E3)'   7.062330632076545E+004
# Total number of <f|i> elements, Initial States (bandI, bandF), Final States (bandI, bandF) Format : '(5i10)'
        64      1025      1088      1024      1024
# Final Band, Initial Band, Complex <f|i>, |<f|i>|^2, |dE*<f|i>|^2 (Hartree^2) Format : '(2i10,3ES24.15E3)'
   1024   1025 -1.179053142749610E-002 -1.219385610405967E-002  2.877067580292865E-004  2.916923924746959E-007
   1024   1026  7.279734105234324E-002  3.268944055711689E-002  6.368052388228457E-003  6.467487211065709E-006
   1024   1027  3.433530540103163E-001 -4.738752011917939E-001  3.424490260027743E-001  3.563825239431821E-004
   1024   1028  1.124592136318423E-001  2.849381303074739E-001  9.383681283381134E-002  1.018635934317132E-004
   1024   1029  1.479332056213097E-001  1.524979659470108E-001  4.513986294337236E-002  4.975440205345262E-005
   1024   1030 -9.447037716619383E-002 -2.167874842606038E-002  9.394620295243333E-003  1.107672781378541E-005
   1024   1031 -4.525793353604893E-002 -5.108195998708705E-002  4.657647184075784E-003  6.966634409316797E-006
   1024   1032  7.733428627585096E-003  2.825615478164888E-002  8.582162013824517E-004  1.300518537591221E-006
   1024   1033  7.261585686548658E-002 -1.926255897715135E-002  5.644108846657069E-003  8.569211971074572E-006
   1024   1034 -1.966616972628905E-002 -1.651331636171641E-003  3.894851278758293E-004  6.235701497660990E-007
   1024   1035  1.907014598997607E-002 -3.146909960910286E-002  1.353974698286638E-003  2.170518811989878E-006
   1024   1036 -2.714320142513019E-002 -1.430407530265652E-002  9.413599538692579E-004  1.512258548943309E-006
   1024   1037  5.017091810701001E-002  2.462723661519550E-002  3.123621807001131E-003  5.091093920341158E-006
   1024   1038 -5.994333546379629E-002 -5.473480943282242E-002  6.589102830172604E-003  1.081699857682556E-005
   1024   1039 -6.363124342261774E-003  9.711383624932708E-002  9.471586542456199E-003  1.555165377883817E-005
   1024   1040  3.355253453585836E-002 -6.500667934196806E-002  5.351640932849425E-003  8.927461010193639E-006
   1024   1041  4.511687595292910E-002 -2.373857605657140E-002  2.599052488945618E-003  4.342624829519371E-006
   1024   1042 -6.884131567086364E-002 -5.194312543459879E-002  7.437215023209960E-003  1.263578144579732E-005
   1024   1043  5.514228282889090E-003 -5.092674028709736E-003  5.634204231850863E-005  1.009486457730278E-007
   1024   1044  5.798410155063258E-003  4.392646091858393E-003  5.291690001465953E-005  9.547931955661921E-008
   1024   1045 -8.134213697034630E-002 -9.303915634694741E-003  6.703106093040094E-003  1.211088268335052E-005
   1024   1046  1.342387513100013E-002 -7.267303922779146E-003  2.330141298387250E-004  4.227200391778798E-007
   1024   1047  6.456563361017567E-003  6.781941417826632E-003  8.768193982966677E-005  1.591622037071735E-007
   1024   1048  1.413810260638978E-002  7.064845706729445E-003  2.497979901686989E-004  4.599793076689524E-007
   1024   1049  1.024080624785304E-002 -6.370887205334629E-002  4.163694490915713E-003  7.823061218623149E-006
   1024   1050  6.181714985360021E-002  2.378124799759230E-002  4.386907772345452E-003  8.279008686724005E-006
   1024   1051 -9.250611106219510E-002  2.577339417974429E-002  9.221648431395653E-003  1.790431288012563E-005
   1024   1052  6.800725576339151E-003  1.444450438023767E-003  4.833630543258053E-005  1.084059215305824E-007
   1024   1053 -1.811165611800370E-002  7.830136669967007E-002  6.459136114373022E-003  1.460111887777722E-005
   1024   1054 -2.274065266734668E-002  1.073287160417159E-002  6.323318166085348E-004  1.443758865339903E-006
   1024   1055 -2.388341549944907E-002 -1.540702854492739E-002  8.077940645035313E-004  2.197699670307133E-006
   1024   1056  5.116341317697920E-003  5.458352020528451E-003  5.597055525918991E-005  1.534391758397893E-007
   1024   1057  3.189476748365620E-002  2.234427217214606E-002  1.516542691739433E-003  4.168309848792741E-006
   1024   1058  1.617022935911553E-002 -1.889879829588059E-002  6.186408945547810E-004  1.716392407180390E-006
   1024   1059  5.756981527818595E-002 -2.582583332694881E-002  3.981257298195793E-003  1.108539548348589E-005
   1024   1060 -3.482843198473366E-002 -1.383170191276454E-002  1.404335652318793E-003  3.931743125654206E-006
   1024   1061 -9.506760919433288E-003  3.625679764068783E-002  1.404933878337051E-003  3.972158477563998E-006
   1024   1062  3.615755888621793E-002 -6.631990629420572E-003  1.351352364319040E-003  3.854917466590595E-006
   1024   1063  5.416126299423017E-003  4.005810547155145E-004  2.949488927269866E-005  8.509015385662367E-008
   1024   1064  2.926066558960368E-003 -2.527433027341771E-002  6.473536362772651E-004  1.985074212455497E-006
   1024   1065  2.615036208786545E-002  2.431653388727137E-002  1.275135257617287E-003  3.933766629180592E-006
   1024   1066  1.011636978221004E-002  2.148763165035114E-002  5.640592515115847E-004  1.747320243378756E-006
   1024   1067  1.451347096483796E-002 -2.070899804120632E-003  2.149294654459014E-004  7.241011985002314E-007
   1024   1068  9.806067197197668E-003  5.393179899973558E-003  1.252453433094349E-004  4.460366998485236E-007
   1024   1069  2.111004047352020E-003  4.419659855774151E-003  2.398973132867821E-005  8.610421909304116E-008
   1024   1070  2.052514025667959E-002 -2.735701908775867E-002  1.169687875924361E-003  4.203897764031256E-006
   1024   1071  3.864412294162010E-002  5.793088715669854E-003  1.526928114794671E-003  5.532884803416251E-006
   1024   1072 -2.133501923283599E-003  3.624394633783176E-003  1.768806691805109E-005  6.428498583100724E-008
   1024   1073  8.463610479909208E-003  1.823332196779868E-002  4.040867323370388E-004  1.476598066764360E-006
   1024   1074 -2.537105343277309E-003 -7.312837665873480E-003  5.991449825030416E-005  2.207765182424127E-007
   1024   1075  7.585070999294662E-003 -2.380498221222859E-002  6.242104801888607E-004  2.301699069986597E-006
   1024   1076 -2.499122011898337E-002  5.065085284683327E-002  3.190069977147038E-003  1.185233341311771E-005
   1024   1077 -5.468208598460881E-003 -1.089166155854708E-002  1.485295967822137E-004  5.621958511391123E-007
   1024   1078 -1.001030745471483E-002 -1.342200106038875E-003  1.020077564625701E-004  3.880745108792675E-007
   1024   1079 -1.954685175589491E-002 -1.637273548951428E-002  6.501458809765323E-004  2.474752612206543E-006
   1024   1080 -7.227656902387693E-003 -9.184671796243944E-003  1.365972203033514E-004  5.601640759031202E-007
   1024   1081 -1.970352909376367E-003 -1.840027882033698E-002  3.424525512536294E-004  1.416631921419708E-006
   1024   1082 -2.534517678514442E-002 -7.887198120331318E-003  7.045858804595816E-004  2.923869359117802E-006
   1024   1083 -9.817249886094214E-003 -1.554562746778942E-002  3.380449286933057E-004  1.403522886374933E-006
   1024   1084 -4.193805509678563E-003 -7.290711704304838E-003  7.074248180829783E-005  2.991371416008113E-007
   1024   1085 -2.199504671758896E-002  1.678641977379592E-002  7.655659689310079E-004  3.245219261340949E-006
   1024   1086  6.323586828387777E-004  2.608169555212062E-003  7.202425932496677E-006  3.058777764660623E-008
   1024   1087  1.770964056076206E-002 -1.307066786648066E-002  4.844737272672389E-004  2.078152345301610E-006
   1024   1088  5.734909596264493E-003  8.205651346003182E-003  1.002219020894904E-004  4.301349836657795E-007
