# Total number of k-points, k-point index, spin index Format : '(3i10)'
        27        25         1
# Cell volume (a.u.)^3. Format: '(a51, ES24.15E3)'   7.062330632076545E+004
# Total number of <f|i> elements, Initial States (bandI, bandF), Final States (bandI, bandF) Format : '(5i10)'
        64      1025      1088      1024      1024
# Final Band, Initial Band, Complex <f|i>, |<f|i>|^2, |dE*<f|i>|^2 (Hartree^2) Format : '(2i10,3ES24.15E3)'
   1024   1025 -6.556740969127040E-002  6.760991719922303E-002  8.870186117308693E-003  8.993065814568840E-006
   1024   1026  2.796945722169921E-002 -1.085355699564538E-002  9.000902367341850E-004  9.211700937429892E-007
   1024   1027  1.711442269938310E-002  2.039598879135342E-002  7.088998231101739E-004  7.550540413115746E-007
   1024   1028 -7.177234781841041E-006  1.670587296193923E-005  3.305988905341210E-010  3.566620027036074E-013
   1024   1029 -9.103588589790690E-002  3.432546180132397E-003  8.299314894495466E-003  8.962711503595929E-006
   1024   1030 -6.735384765393083E-002 -5.955071611671564E-004  4.536895422567925E-003  6.110763968830992E-006
   1024   1031  3.495979203796128E-002 -1.898229388877299E-002  1.582514540617249E-003  2.165317148450800E-006
   1024   1032  2.569334474493483E-002 -7.330352787401334E-002  6.033555162958322E-003  8.509911027747927E-006
   1024   1033  5.419462030943700E-003 -4.813451817765179E-002  2.346302408899531E-003  3.319341311060149E-006
   1024   1034  1.866195526094388E-002  1.301460678934412E-002  5.176485640427129E-004  7.797175108577992E-007
   1024   1035 -7.564461047284965E-002 -2.204818274555868E-002  6.208229455970707E-003  1.004451900076038E-005
   1024   1036  4.583465058101387E-003 -3.094151279280259E-002  9.783853658460026E-004  1.647793639507502E-006
   1024   1037  3.568603976961278E-005 -1.351540719638150E-004  1.954011660283846E-008  3.626188401071075E-011
   1024   1038  3.108170429837506E-003  5.564497323005682E-002  3.106023769194657E-003  5.788642707751051E-006
   1024   1039 -5.728786677392414E-002  1.441483071246939E-002  3.489687023976032E-003  6.731661170710173E-006
   1024   1040  4.509880890601730E-003 -3.016572534875781E-002  9.303100114641044E-004  1.801674394196782E-006
   1024   1041 -2.931836420253041E-002 -1.469343477990086E-002  1.075463505143417E-003  2.450099972428717E-006
   1024   1042  6.667765001524087E-004  3.070594079201361E-002  9.432993908238009E-004  2.156161992326392E-006
   1024   1043  5.020220297609700E-002 -3.734448066303176E-002  3.914871419644795E-003  8.995134409376710E-006
   1024   1044 -5.394847826565673E-002  1.085201424551245E-002  3.028204520364841E-003  7.140171590199738E-006
   1024   1045 -8.365686709682781E-005  1.580636866816802E-004  3.198260045986069E-008  7.564137375900522E-011
   1024   1046 -4.573194454111816E-002 -3.852156252514713E-002  3.575321530890727E-003  8.497715526292640E-006
   1024   1047 -2.216951078044687E-002 -7.609683488815275E-003  5.493944910442977E-004  1.317115003924809E-006
   1024   1048  3.100029206973907E-002  5.935632233068973E-003  9.962498384153743E-004  2.410028644183903E-006
   1024   1049  8.112377913093046E-003  9.738414617097456E-003  1.606473946593373E-004  3.925825260309266E-007
   1024   1050 -4.359140353403731E-002 -3.468402016060956E-002  3.103191716568851E-003  7.587832427254026E-006
   1024   1051  7.387653020209790E-003 -3.477611778140582E-002  1.263955785093225E-003  3.106345829645547E-006
   1024   1052 -1.936929464043636E-002  6.623836994561282E-003  4.190447913985553E-004  1.035644051984061E-006
   1024   1053 -1.674684818629097E-002  2.358967856171234E-002  8.369298588195876E-004  2.078529249707550E-006
   1024   1054  4.662921546897175E-002  8.836774160787937E-003  2.252372312820564E-003  5.605667221704349E-006
   1024   1055 -4.000439551584953E-002  2.809975365864829E-002  2.389947816265240E-003  6.203577835619818E-006
   1024   1056 -4.254059467470208E-003 -2.135278600329509E-002  4.740384920552878E-004  1.319218270966799E-006
   1024   1057  2.676980089747805E-002 -6.540370987568249E-004  7.170500046171671E-004  1.996980210776803E-006
   1024   1058  3.576292098695016E-006 -1.171900270924587E-004  1.374629231510639E-008  3.879654031584832E-011
   1024   1059  1.275562758004493E-004  9.720777541253222E-005  2.571995509673359E-008  7.313506841017883E-011
   1024   1060  4.885866655053677E-003  1.390245547953288E-002  2.171499613313591E-004  6.227950121593435E-007
   1024   1061  2.483875674509296E-003  6.129373311502221E-002  3.763091357541990E-003  1.083720437897433E-005
   1024   1062  8.745122686971585E-003 -7.840659558831066E-003  1.379531131276741E-004  4.148754742310649E-007
   1024   1063 -3.287159747413140E-002 -3.792078109910890E-002  2.518527559667857E-003  7.629892286823805E-006
   1024   1064  1.377732669007111E-002  5.252946045042819E-002  2.949158945938045E-003  9.485687004676299E-006
   1024   1065 -4.495288987582868E-003  6.948553207754501E-003  6.849001476287918E-005  2.237083480198458E-007
   1024   1066  1.957591008225426E-002  2.865177021900037E-002  1.204140192230900E-003  4.128989440535941E-006
   1024   1067  2.161290864909520E-003  1.046314021941181E-003  5.765951235252069E-006  1.977897925618095E-008
   1024   1068  1.097970525138990E-004 -6.912546580648723E-005  1.683372276370373E-008  5.919529144165432E-011
   1024   1069  1.122833645619196E-004 -5.990800249282453E-005  1.619652272002522E-008  5.734072809215565E-011
   1024   1070 -5.050270492970547E-002 -2.027192367064898E-002  2.961474094525516E-003  1.049099867556833E-005
   1024   1071  2.207915166473787E-002  4.051556094634347E-003  5.039040450224659E-004  1.791112047646293E-006
   1024   1072  2.639139595857922E-002 -5.028130033564013E-003  7.217878722769403E-004  2.665802138806800E-006
   1024   1073  2.637450387204037E-002 -4.437070119325297E-003  7.153020457400818E-004  2.647912905546861E-006
   1024   1074 -3.466355653960105E-003 -3.724482794497697E-002  1.399192830170678E-003  5.184317143799322E-006
   1024   1075 -1.184518262189543E-002 -1.174325027803002E-003  1.416873906169779E-004  5.263406639355252E-007
   1024   1076 -1.221281896592341E-003 -6.265426604889389E-003  4.074710001219995E-005  1.519818798294334E-007
   1024   1077  2.164689111170738E-002 -4.849001425271242E-002  2.819869377030370E-003  1.058449611725260E-005
   1024   1078 -1.347846663696900E-002  4.827169765927565E-003  2.049706308329716E-004  7.724519903616224E-007
   1024   1079  1.791505418684569E-002 -1.814610309881558E-002  6.502302241904616E-004  2.471610069701145E-006
   1024   1080 -3.214946396677431E-002  3.206326292933269E-002  2.061640863026440E-003  7.856245009640544E-006
   1024   1081  1.804499175501333E-002  1.190430706367877E-002  4.673342541048512E-004  1.816982848149500E-006
   1024   1082  9.787848323860416E-005  4.390075238497584E-003  1.928234079715071E-005  7.540436488857322E-008
   1024   1083  1.931307945235357E-002  3.924335077548499E-002  1.913035618020680E-003  7.521256078150027E-006
   1024   1084 -3.436103862478956E-002 -8.418959910065280E-004  1.181389764233953E-003  4.645816158000623E-006
   1024   1085  7.327684655702093E-003  3.438208443104156E-002  1.235822692236682E-003  5.061055394455066E-006
   1024   1086  4.912852067444158E-003 -4.246092005104254E-003  4.216541275240060E-005  1.742053678094935E-007
   1024   1087  3.999456942729827E-003  3.577073912652889E-002  1.295541433494934E-003  5.413776523995820E-006
   1024   1088 -1.011688778506203E-002  8.979052636935712E-003  1.829748047123994E-004  7.658910438002942E-007
