# Total number of k-points, k-point index, spin index Format : '(3i10)'
        27        22         1
# Cell volume (a.u.)^3. Format: '(a51, ES24.15E3)'   7.062330632076545E+004
# Total number of <f|i> elements, Initial States (bandI, bandF), Final States (bandI, bandF) Format : '(5i10)'
        64      1025      1088      1024      1024
# Final Band, Initial Band, Complex <f|i>, |<f|i>|^2, |dE*<f|i>|^2 (Hartree^2) Format : '(2i10,3ES24.15E3)'
   1024   1025 -2.553077433307935E-002 -9.158086916927258E-002  9.038876035846044E-003  1.225660711726855E-005
   1024   1026  3.653023954739541E-002 -1.248091590163706E-002  1.490231663133828E-003  2.061954958418027E-006
   1024   1027  5.900107914986127E-002 -5.057383818507914E-002  6.038840449618763E-003  8.660191081872339E-006
   1024   1028  1.477856353608514E-002 -1.428915328070587E-002  4.225858416696124E-004  6.098875394303643E-007
   1024   1029 -8.428664772657771E-002  2.690468570433997E-002  7.828101097833523E-003  1.134617560364877E-005
   1024   1030  1.256952579016184E-003 -2.992189487446085E-003  1.053312771467830E-005  1.842275465866468E-008
   1024   1031  7.901413173733658E-002  4.025611974766533E-002  7.863788191343550E-003  1.399911647641661E-005
   1024   1032 -5.647694039419095E-002 -9.159067304897621E-003  3.273533310184641E-003  5.960728398905597E-006
   1024   1033 -1.635227347894288E-002 -5.426305538066121E-002  3.211876027174844E-003  5.896592578333891E-006
   1024   1034 -3.550776117867604E-002 -4.834905914706792E-002  3.598432624328566E-003  6.993276593412605E-006
   1024   1035  1.247350777969003E-002 -1.384963236166648E-002  3.474007128833073E-004  7.156486970151037E-007
   1024   1036  1.106487227245327E-002 -1.915716611621543E-002  4.894284120099777E-004  1.033079873501136E-006
   1024   1037  2.790625325223933E-002  1.440301250764516E-002  9.862057398735010E-004  2.289399401473562E-006
   1024   1038 -1.470866037823823E-002 -3.485817304672919E-002  1.431436918278072E-003  3.334198669312254E-006
   1024   1039  1.802018481974839E-002 -6.582013250699073E-002  4.657016904175707E-003  1.112135288730802E-005
   1024   1040 -1.914867446968339E-003  3.169688966265768E-002  1.008359531626154E-003  2.445866085010825E-006
   1024   1041 -5.923070509673381E-002 -1.192097742634637E-002  3.650386129055709E-003  1.018678645253952E-005
   1024   1042  5.542717569690856E-003 -8.667177456430286E-003  1.058416831186131E-004  2.963118111931734E-007
   1024   1043  8.577679299510570E-003  2.378311125690877E-002  6.392129632237526E-004  1.800808413629122E-006
   1024   1044  2.495921143281336E-004 -7.044384777166674E-004  5.585297924225638E-007  1.611712872681834E-009
   1024   1045  2.275291485285194E-003 -3.102191826371264E-003  1.480054547061599E-005  4.287869042342142E-008
   1024   1046 -5.267992190170421E-003 -5.712944585212316E-002  3.291525325086369E-003  9.577420246608519E-006
   1024   1047 -1.069276566479865E-002  9.335891157680005E-003  2.014941012703446E-004  5.894132402224722E-007
   1024   1048 -5.933344688066312E-002 -7.150888335312060E-003  3.571593122724574E-003  1.053044223306741E-005
   1024   1049  4.488198484786527E-003 -8.606257211879699E-003  9.421158883587139E-005  2.803194884024136E-007
   1024   1050 -3.500767635286137E-002 -3.880067102533956E-002  2.731029475643314E-003  8.156452040262907E-006
   1024   1051 -1.314955419583751E-003 -2.073282952140157E-002  4.315793277189931E-004  1.293094554845032E-006
   1024   1052  1.357155281059294E-002  2.465818715825443E-002  7.922132396222167E-004  2.375609907166896E-006
   1024   1053  3.799578844653431E-002 -3.722470262002169E-002  2.829358424822841E-003  8.532945254940382E-006
   1024   1054 -5.337800645190398E-003  1.756057872811536E-002  3.368660409941327E-004  1.020194198126592E-006
   1024   1055 -1.311616026873845E-002  5.612575807791418E-003  2.035346673934385E-004  6.356790498420935E-007
   1024   1056  6.623569758954526E-004  5.165688207189458E-003  2.712305141741360E-005  9.086862075586888E-008
   1024   1057 -3.715548675901339E-002  1.270072948648672E-002  1.541838725788132E-003  5.170708162173488E-006
   1024   1058  7.502813856401105E-003 -6.197733794016527E-003  9.470411994529893E-005  3.220943189309448E-007
   1024   1059 -1.964153414634856E-002  1.351335004357330E-002  5.684004930223189E-004  1.937891799465165E-006
   1024   1060  4.767212757810733E-002 -3.122097698902728E-002  3.247381151972713E-003  1.116761843009954E-005
   1024   1061 -8.269850531924647E-003  4.370718331799590E-003  8.749360655630335E-005  3.029153272710059E-007
   1024   1062  1.338211247451532E-002 -7.146638035873416E-005  1.790860417241002E-004  6.423929977830390E-007
   1024   1063  5.556011128394628E-002  7.043408815015004E-003  3.136535573619926E-003  1.138249231103984E-005
   1024   1064  3.014304265482516E-002 -1.887416422238983E-002  1.264837095584349E-003  4.843489403905084E-006
   1024   1065  3.162767393961001E-002 -1.531939344790522E-002  1.234993574442008E-003  4.785967514153243E-006
   1024   1066  9.923155628678886E-003 -3.472379185873942E-002  1.304210738680040E-003  5.293986927173428E-006
   1024   1067 -2.133182273513556E-002  5.887139775007047E-003  4.897050759337165E-004  1.990495868273037E-006
   1024   1068  2.721812771349679E-003  2.446772372223691E-002  6.060777689099970E-004  2.519829247423220E-006
   1024   1069 -1.140296177162793E-002  3.762653501408965E-004  1.301691127789246E-004  5.434508400031188E-007
   1024   1070  3.801640366544541E-002 -2.548019674607526E-002  2.094487373872795E-003  8.763841125193275E-006
   1024   1071 -1.007968845259635E-002  2.441054284864393E-002  6.974747214668853E-004  2.932231530667274E-006
   1024   1072 -7.226569458991745E-003 -1.419289830453168E-002  2.536616684284105E-004  1.100375460146181E-006
   1024   1073 -1.268049110093702E-002 -1.248112253551235E-002  3.165732743074172E-004  1.378756354304119E-006
   1024   1074 -1.019959152261260E-002 -2.499202817270375E-002  7.286331394133687E-004  3.177469687414996E-006
   1024   1075  3.356793568614757E-002 -1.287581589838874E-002  1.292592941278540E-003  5.650878560258285E-006
   1024   1076 -2.482305740511955E-002  2.136397085472297E-002  1.072603429619313E-003  4.716472498652515E-006
   1024   1077  2.685811087853367E-002  1.094170606354437E-002  8.410790515446125E-004  3.710760304271359E-006
   1024   1078  1.716676664526349E-002  2.775027105109535E-002  1.064775420462192E-003  4.723627262212725E-006
   1024   1079  1.527412054902664E-002 -2.391276763480475E-002  8.051192145023634E-004  3.588251856606106E-006
   1024   1080  2.630248185374581E-002  1.722278228745021E-002  9.884447813875367E-004  4.423939549081118E-006
   1024   1081 -3.436943651312221E-002  1.571125685724413E-002  1.428101758263839E-003  6.493498286106208E-006
   1024   1082  4.539109517993339E-003  2.791350174448085E-002  7.997670948554731E-004  3.658588381597757E-006
   1024   1083 -8.510470367635654E-003 -4.234840593686468E-003  9.036198073233929E-005  4.157929918910383E-007
   1024   1084  2.510404885212832E-002 -9.396515963643956E-003  7.185077810250612E-004  3.311570345125849E-006
   1024   1085  1.981455675629380E-002  3.067358966940292E-002  1.333485762655289E-003  6.381226320232954E-006
   1024   1086 -8.359298684114440E-003 -6.649543702895954E-003  1.140943059469606E-004  5.486807242522051E-007
   1024   1087 -4.052311721964592E-002  1.351186342335677E-002  1.824693482368610E-003  8.872055700906011E-006
   1024   1088  2.504075587895926E-002 -7.148970871442312E-003  6.781472395103635E-004  3.302676725053777E-006
