# Total number of k-points, k-point index, spin index Format : '(3i10)'
        27        16         1
# Cell volume (a.u.)^3. Format: '(a51, ES24.15E3)'   7.062330632076545E+004
# Total number of <f|i> elements, Initial States (bandI, bandF), Final States (bandI, bandF) Format : '(5i10)'
        64      1025      1088      1024      1024
# Final Band, Initial Band, Complex <f|i>, |<f|i>|^2, |dE*<f|i>|^2 (Hartree^2) Format : '(2i10,3ES24.15E3)'
   1024   1025 -8.415450724737408E-002  5.422090107279692E-002  1.002188720319437E-002  1.016072154660243E-005
   1024   1026 -2.225569924879043E-002 -1.837625400472632E-003  4.986930161650731E-004  5.175404347408843E-007
   1024   1027 -7.118806701991395E-002 -3.111730313895441E-002  6.036027440673344E-003  6.528076050162916E-006
   1024   1028  1.852659346874435E-002  8.425952415400983E-003  4.142313396627224E-004  4.513041347780445E-007
   1024   1029 -6.540132682877835E-002  5.965331432386554E-002  7.835851460786584E-003  8.579052426342830E-006
   1024   1030  5.495505898140461E-003  4.327602423811309E-003  4.892872781507411E-005  6.639902391953960E-008
   1024   1031  4.478497786639829E-002  7.628796488868037E-002  7.825547829350313E-003  1.083519300937632E-005
   1024   1032  2.974159716353850E-002  4.072193364644947E-002  2.542838481744034E-003  3.612142226860309E-006
   1024   1033 -5.148288746823682E-002  3.585251378944627E-002  3.935890447089571E-003  5.643011707948884E-006
   1024   1034 -4.884018822114789E-002  3.492013304874060E-002  3.604779677618899E-003  5.511611054367381E-006
   1024   1035 -4.438104549120090E-003 -1.660830077994114E-002  2.955324267859139E-004  4.824933948865956E-007
   1024   1036  8.470720456614707E-003 -2.144247432717571E-002  5.315328103257001E-004  8.917428643231103E-007
   1024   1037 -2.343228292634205E-002  2.092456306069175E-002  9.869092224210070E-004  1.841691471945024E-006
   1024   1038 -2.442323296966737E-002 -2.868313089539933E-002  1.419216306653259E-003  2.658462110629623E-006
   1024   1039  1.079709558112571E-002  7.024460703487893E-003  1.659203211628100E-004  3.195519370322563E-007
   1024   1040 -4.741541083087615E-002 -5.703994756332689E-002  5.501776802287850E-003  1.078157450580774E-005
   1024   1041  2.634746009169513E-002  3.299030308950598E-002  1.782548751220936E-003  4.079958512872485E-006
   1024   1042 -3.370990884886457E-002 -2.668810699276892E-002  1.848613009456239E-003  4.246718130557753E-006
   1024   1043  2.696614015513771E-002  4.409518871524654E-004  7.273671534333140E-004  1.682600135878894E-006
   1024   1044 -4.372629191762852E-003 -3.377367761818258E-003  3.052649904722592E-005  7.250410242953484E-008
   1024   1045 -4.117395941505649E-003  5.962483159008996E-005  1.695650445966934E-005  4.045003145446345E-008
   1024   1046 -4.882504864603165E-002  3.019659681023939E-002  3.295719834207517E-003  7.899866289997209E-006
   1024   1047  8.123211657890135E-003 -1.349905722939551E-002  2.482111137213774E-004  5.984572590488864E-007
   1024   1048 -3.620746017845454E-002 -4.710638177782932E-002  3.529991376772981E-003  8.585180656582658E-006
   1024   1049 -9.928989659952045E-003  1.107006922947434E-002  2.211312684127893E-004  5.431959935436591E-007
   1024   1050  5.083005064540293E-002 -5.451976176823104E-003  2.613418092846874E-003  6.446878549433612E-006
   1024   1051  3.874939458519988E-002  3.400886816003329E-002  2.658118694246044E-003  6.580438084443695E-006
   1024   1052 -2.071027527074389E-003 -2.337761005504020E-002  5.508018069034165E-004  1.364822279165556E-006
   1024   1053  1.056372591815454E-002 -1.103943285832248E-002  2.334613831073000E-004  5.821601750074156E-007
   1024   1054 -5.984346675303720E-003 -3.030733619638642E-002  9.543470324510132E-004  2.390520730912870E-006
   1024   1055  9.210911975336016E-003 -1.120937155197797E-002  2.104909100076814E-004  5.454142280957281E-007
   1024   1056 -1.075122404179164E-002  4.154901553026885E-003  1.328520253121437E-004  3.717590354457257E-007
   1024   1057  3.176281251518702E-002  2.077197375129798E-002  1.440351152399533E-003  4.034934421451781E-006
   1024   1058  2.187466181719089E-002 -3.695197213516243E-003  4.921553120632475E-004  1.400046968553586E-006
   1024   1059  1.739613779631361E-003  1.304025746177366E-002  1.730745707716269E-004  4.936734797000618E-007
   1024   1060 -3.779711285241340E-002 -4.345895527898793E-002  3.317302533919147E-003  9.551801140825445E-006
   1024   1061 -7.720040065208068E-004  5.492025735324273E-003  3.075833686354831E-005  8.921992064051593E-008
   1024   1062 -5.293412286728402E-002  2.143147150082667E-002  3.261329334419467E-003  9.833113758859770E-006
   1024   1063 -6.320212478451045E-003  3.966396350304427E-003  5.567738578047658E-005  1.700153758117979E-007
   1024   1064 -2.982135218669336E-003 -3.529561061978304E-002  1.254673259485770E-003  4.061979346078882E-006
   1024   1065 -3.211848207149139E-002  1.469935566358154E-002  1.247667947501180E-003  4.092117686643002E-006
   1024   1066  1.277740260178856E-003 -1.089473064397517E-002  1.203277759772536E-004  4.150269213917059E-007
   1024   1067  2.836441126670923E-002 -2.949556449525224E-002  1.674528151400606E-003  5.784203300168245E-006
   1024   1068 -1.663613195182258E-003 -1.015434097603294E-002  1.058782495207261E-004  3.747902136301199E-007
   1024   1069  1.467494031985230E-002  2.035666534490624E-002  6.297476973557334E-004  2.239301303680982E-006
   1024   1070 -3.476462800100066E-002  3.727277254358541E-002  2.597838933133814E-003  9.259944388343606E-006
   1024   1071  9.222664128319470E-003  1.003610337693600E-002  1.857809046163369E-004  6.655965298151401E-007
   1024   1072 -2.962638412559519E-002 -2.646794965520167E-002  1.578274995307609E-003  5.849797697012618E-006
   1024   1073  1.361404650132078E-003  6.376033439800935E-003  4.250722504686099E-005  1.582316402409111E-007
   1024   1074 -1.558678884571074E-002  2.663814497548751E-002  9.525387542558631E-004  3.550753217142117E-006
   1024   1075 -3.132704431665237E-004 -1.972830283763771E-003  3.990197699097191E-006  1.491433287889418E-008
   1024   1076 -3.790231536687800E-002  1.427358038801561E-002  1.640320607263420E-003  6.169684220077852E-006
   1024   1077  1.414491231024639E-002  8.808494228288659E-003  2.776681148343545E-004  1.048172451828941E-006
   1024   1078  2.033619286725994E-002 -2.539531804561364E-002  1.058482918972265E-003  4.019437780622420E-006
   1024   1079 -4.771152633010554E-003 -8.038602498524623E-003  8.738302757676986E-005  3.334858686884518E-007
   1024   1080  1.732433995069162E-002  3.747088504150855E-002  1.704199980521079E-003  6.533517914898650E-006
   1024   1081 -1.766366098432363E-002  8.210318762199366E-003  3.794142535460400E-004  1.479617786574684E-006
   1024   1082 -4.521141601040306E-003 -8.494917425449023E-003  9.260434344185477E-005  3.635076690167143E-007
   1024   1083 -3.204098600304518E-002 -2.800360581148683E-002  1.810826722492476E-003  7.153331226722972E-006
   1024   1084 -1.973893087078412E-002  1.905746047632069E-002  7.528121917281194E-004  2.979060329157703E-006
   1024   1085  1.557986006234553E-002 -3.270364112874814E-002  1.312260182640216E-003  5.407653161529068E-006
   1024   1086 -1.066456287757115E-002 -2.348128815443421E-003  1.192466103035845E-004  4.940261539984639E-007
   1024   1087  8.707534506670793E-004  2.401995734438782E-003  6.527795080110730E-006  2.736569636722918E-008
   1024   1088 -2.063118838574587E-002 -8.745056501173640E-003  5.021219474168546E-004  2.108671352701636E-006
