# Total number of k-points, k-point index, spin index Format : '(3i10)'
        27        24         1
# Cell volume (a.u.)^3. Format: '(a51, ES24.15E3)'   7.062330632076545E+004
# Total number of <f|i> elements, Initial States (bandI, bandF), Final States (bandI, bandF) Format : '(5i10)'
        64      1025      1088      1024      1024
# Final Band, Initial Band, Complex <f|i>, |<f|i>|^2, |dE*<f|i>|^2 (Hartree^2) Format : '(2i10,3ES24.15E3)'
   1024   1025 -1.938498226806823E-002  1.693012075009002E-002  6.624065261459486E-004  6.715829191008979E-007
   1024   1026 -6.486308626492951E-003 -2.165873421015217E-002  5.111729671841329E-004  5.193142726658515E-007
   1024   1027  1.031060724590126E-001  4.256744067291766E-002  1.244284918336552E-002  1.264315984740257E-005
   1024   1028  3.788520608790327E-002  3.478630397734384E-002  2.645375784727070E-003  2.858712231658393E-006
   1024   1029 -5.803625074445247E-002  6.468401330006826E-002  7.552227977076368E-003  8.319192091490591E-006
   1024   1030 -3.592491532699380E-002  4.113332701346657E-002  2.982550132448453E-003  3.302796716500511E-006
   1024   1031 -4.181956296719240E-002  2.716439339171415E-002  2.486780115106773E-003  3.715910218365687E-006
   1024   1032 -3.617096698394558E-002  2.803309110563854E-002  2.094193049490712E-003  3.167854388843488E-006
   1024   1033  5.181015793959916E-002  1.161241798383531E-002  2.819140717157512E-003  4.272168956569817E-006
   1024   1034 -1.789068817900107E-002 -2.368254974502852E-003  3.256853551425061E-004  5.216856828482075E-007
   1024   1035  8.987473448529107E-003  3.883666460635210E-003  9.585754416547852E-005  1.536111700893350E-007
   1024   1036  1.273361935389144E-002  2.911891055089517E-002  1.010056013520833E-003  1.623553463750123E-006
   1024   1037  2.941134534764748E-002  3.697757737388568E-002  2.232368463600287E-003  3.623676361144944E-006
   1024   1038 -8.969110484033760E-003 -2.326465849611727E-002  6.216892778157659E-004  1.020390937871217E-006
   1024   1039  6.927097171610958E-002 -1.917778381454669E-002  5.166254914531542E-003  8.488560425116952E-006
   1024   1040 -4.008293990389859E-002  1.934271960070435E-002  1.980782872891018E-003  3.293867964503527E-006
   1024   1041 -2.020402548930144E-002 -4.248152201558202E-002  2.212882358732722E-003  3.695444169929236E-006
   1024   1042  4.375845885555079E-002  4.422018798554922E-002  3.870227746890243E-003  6.508690750780253E-006
   1024   1043  1.646793933020437E-002  3.747379969929377E-003  2.852358824223198E-004  5.097142524305923E-007
   1024   1044  6.992686231081562E-003 -1.395162157828218E-002  2.435454053899467E-004  4.385113866841036E-007
   1024   1045 -5.079391389898483E-002  5.398520105975695E-002  5.494423622639867E-003  9.913251377148489E-006
   1024   1046  1.253930339345301E-002  7.992890643000076E-004  1.578729926013718E-004  2.864303887445717E-007
   1024   1047  1.219039103108712E-003 -4.566475626230914E-003  2.233875597986911E-005  4.055721468513539E-008
   1024   1048 -9.844596726826124E-003 -1.519126267089766E-002  3.276905462500444E-004  5.983910747902884E-007
   1024   1049 -3.696713939316644E-002  3.985966148940695E-002  2.955362008963909E-003  5.527914127243745E-006
   1024   1050 -5.823658885632558E-002 -3.566531213262572E-002  4.663514771138323E-003  8.796834202264869E-006
   1024   1051  4.398941301913949E-003  2.997068201880531E-002  9.175924652500241E-004  1.745411678194983E-006
   1024   1052 -2.504669495716599E-002  5.239084768431965E-002  3.372137849358906E-003  7.558251266767331E-006
   1024   1053  3.436327085781560E-003  3.779217771094535E-002  1.440057039976151E-003  3.253590386700831E-006
   1024   1054 -3.917969020380341E-002  4.042659244435207E-003  1.551391218232627E-003  3.515973367444877E-006
   1024   1055 -2.521048174258598E-003 -2.903463162498380E-003  1.478578223291770E-005  4.016702249079692E-008
   1024   1056 -2.601673888927120E-003 -2.653406604704388E-002  7.108253680132121E-004  1.949631925406533E-006
   1024   1057  4.351207431769724E-003  3.671251425221989E-002  1.366741708833736E-003  3.754115816113912E-006
   1024   1058  5.094097371169686E-003  7.372215818706789E-003  8.029939410454850E-005  2.229192357754981E-007
   1024   1059  1.248166896585144E-002  6.280057797356853E-003  1.952311861112416E-004  5.437327038194524E-007
   1024   1060  6.719391952809784E-003 -9.637143063667896E-003  1.380247546450871E-004  3.851607837170789E-007
   1024   1061  1.042063814677744E-002  4.214302621252562E-002  1.884624357735694E-003  5.307032735898985E-006
   1024   1062  5.657033996390196E-002 -2.802650282031337E-002  3.985688223968476E-003  1.136532918534907E-005
   1024   1063  2.070967861627783E-002 -3.936070353067910E-002  1.978155770819529E-003  5.676062395561810E-006
   1024   1064  1.033410541340740E-002 -4.794158857936056E-002  2.405189650208091E-003  7.372706857738307E-006
   1024   1065 -6.856486469588642E-004  2.127578212877239E-002  4.531290192580671E-004  1.397295657796076E-006
   1024   1066  2.690277930814530E-002  5.928301429648177E-003  7.589042923435396E-004  2.340869211743287E-006
   1024   1067 -2.690106104548474E-002  1.015452308590140E-002  8.267814244750009E-004  2.785016900666216E-006
   1024   1068  1.636214700686433E-003 -1.595402554479840E-003  5.222507857583192E-006  1.857228705550291E-008
   1024   1069  1.796841444899551E-002 -3.032435273416983E-002  1.242430286557224E-003  4.460347645126173E-006
   1024   1070 -1.976935369396222E-002 -1.059288725312634E-003  3.919494380805520E-004  1.407899100532366E-006
   1024   1071  2.670697330858450E-002 -2.681545911545467E-003  7.204531117811714E-004  2.611960440465901E-006
   1024   1072  2.998640034802207E-002  1.402748171066863E-002  1.095954448975001E-003  3.984267610383443E-006
   1024   1073  2.219848088543292E-003 -4.458086833695721E-002  1.992381547213323E-003  7.259581506170168E-006
   1024   1074 -1.286593251927503E-002  2.542551260955580E-002  8.119889110492195E-004  2.990062273772213E-006
   1024   1075  1.650158424930962E-002 -2.109999958818856E-002  7.175122653586210E-004  2.643181726969190E-006
   1024   1076  2.436391685783042E-002  1.307720265163950E-002  7.646136738473206E-004  2.832204834456532E-006
   1024   1077 -2.243622516160464E-002 -5.208042230175350E-003  5.305079033735111E-004  2.006939217636928E-006
   1024   1078  2.971928181219895E-002  8.025419082360159E-003  9.476430628804098E-004  3.601075545016577E-006
   1024   1079  1.289726454647287E-002  2.512241681121954E-002  7.974752592183525E-004  3.035281935778891E-006
   1024   1080 -2.438882420192942E-002 -4.641061258008341E-003  6.163541955532041E-004  2.526476436005861E-006
   1024   1081 -2.325790892144276E-002 -4.831912578989196E-003  5.642777065691209E-004  2.333740131906473E-006
   1024   1082 -1.955217600566480E-002  2.138748455609081E-002  8.397120821935172E-004  3.484913430072417E-006
   1024   1083  2.012921671730897E-002 -2.392872275510109E-002  9.777691383428837E-004  4.059563998323508E-006
   1024   1084  2.215347436324630E-002  7.869521788123095E-003  5.527057995367552E-004  2.333188207965805E-006
   1024   1085  7.381711293248946E-003  2.005923405980939E-002  4.568625326830961E-004  1.935842724870235E-006
   1024   1086 -1.906119891331755E-002  2.672840644463803E-002  1.077737015082826E-003  4.575134085225047E-006
   1024   1087 -3.480072839173864E-002  5.922932812130955E-003  1.246171829692581E-003  5.337712659937800E-006
   1024   1088  7.333359383370462E-003  1.163837237079914E-003  5.513267696008142E-005  2.365854276144461E-007
