# Total number of k-points, k-point index, spin index Format : '(3i10)'
        27        18         1
# Cell volume (a.u.)^3. Format: '(a51, ES24.15E3)'   7.062330632076545E+004
# Total number of <f|i> elements, Initial States (bandI, bandF), Final States (bandI, bandF) Format : '(5i10)'
        64      1025      1088      1024      1024
# Final Band, Initial Band, Complex <f|i>, |<f|i>|^2, |dE*<f|i>|^2 (Hartree^2) Format : '(2i10,3ES24.15E3)'
   1024   1025  5.587660674355004E-003 -4.129093661586634E-003  4.827136627788834E-005  4.894007500576791E-008
   1024   1026 -1.770310054833436E-002  2.824028537170284E-002  1.110913486899650E-003  1.128583474255839E-006
   1024   1027  1.020940500707692E-001  4.490729952444697E-002  1.243986061043111E-002  1.264006451743701E-005
   1024   1028 -7.867359539148201E-002  3.348499812111069E-002  7.310779710993406E-003  7.900481512407360E-006
   1024   1029 -5.525223830243047E-002  4.240488326823591E-002  4.850983962421279E-003  5.343820267195126E-006
   1024   1030  3.073453232425797E-003 -3.143355157553806E-002  9.975142794239197E-004  1.104562489918434E-006
   1024   1031  3.620780958974412E-002 -4.510375398849526E-002  3.345354099141869E-003  4.998818349910588E-006
   1024   1032 -1.747034865565162E-002  1.343262147214526E-002  4.856484017639663E-004  7.345919332786125E-007
   1024   1033  2.341046580903440E-002  5.496809369899092E-002  3.569541234297014E-003  5.409413240515392E-006
   1024   1034 -6.300992049136062E-003 -1.292626138790147E-002  2.067907342716282E-004  3.312385370611054E-007
   1024   1035  2.704153511852483E-002  2.870008218784139E-004  7.313269910381705E-004  1.171983296207436E-006
   1024   1036 -1.172164742062008E-003 -2.244238860148941E-002  5.050347763227952E-004  8.118276679071892E-007
   1024   1037 -4.862422474000472E-003  3.664759566621412E-002  1.366689420429980E-003  2.218345781652718E-006
   1024   1038  2.509023091829311E-002 -4.285542164575901E-002  2.466106851969061E-003  4.047623103313962E-006
   1024   1039 -6.416008873762544E-002  8.128428332907726E-003  4.182588333983187E-003  6.872281831282842E-006
   1024   1040  5.134571022555723E-002 -7.697422108943410E-004  2.636974461638125E-003  4.385052384176050E-006
   1024   1041  1.427188340510636E-002  2.001049863817663E-002  6.041067116774190E-004  1.008829062059046E-006
   1024   1042  3.963297160366571E-002 -5.699080635864921E-002  4.818724447546024E-003  8.104009683945793E-006
   1024   1043  1.350740373523796E-002  9.544274136981785E-003  2.735431244685799E-004  4.888317991114185E-007
   1024   1044 -7.075720398087208E-003  1.419832338266543E-002  2.516582060306512E-004  4.531215938613642E-007
   1024   1045  6.488939486512317E-003 -7.390595574492673E-002  5.504196630230686E-003  9.930924635875747E-006
   1024   1046  1.456746775627323E-002  1.716628751182953E-004  2.122405849727540E-004  3.850754213771676E-007
   1024   1047  1.991934810741660E-003  8.778088731624265E-003  8.102264607051330E-005  1.471071281639067E-007
   1024   1048  8.443200169935584E-003  1.250591740019823E-002  2.276855991301811E-004  4.157747153692358E-007
   1024   1049  4.230055302797140E-002  1.333490374694995E-003  1.791114983051625E-003  3.350174552852237E-006
   1024   1050 -2.616496742858458E-003  4.516060060044389E-002  2.046325901798202E-003  3.859941831201617E-006
   1024   1051 -3.600810457576314E-002 -5.837728159575582E-002  4.704490601649266E-003  8.948566112946929E-006
   1024   1052  6.669895467019167E-003  7.281658966359493E-005  4.449280779669306E-005  9.972439781403533E-008
   1024   1053 -7.304991920929678E-002 -2.009572222967006E-002  5.740128748416843E-003  1.296891665751717E-005
   1024   1054 -1.084314582922320E-002 -2.138060542564732E-002  5.747040998410202E-004  1.302457075871794E-006
   1024   1055  1.674876294319154E-002 -1.992728371389423E-002  6.776176963412604E-004  1.840826935554199E-006
   1024   1056 -5.529133902729433E-003  3.908987604565941E-003  4.585150580696218E-005  1.257620731908712E-007
   1024   1057 -2.327357450998361E-002  2.884119747415121E-002  1.373473942214744E-003  3.772673550106694E-006
   1024   1058  2.661085434439327E-002  1.065106294248954E-002  8.215827107433885E-004  2.280830029140197E-006
   1024   1059  2.754065507732485E-002  4.974072632357487E-002  3.232627537284954E-003  9.003187616862045E-006
   1024   1060  5.432256424800989E-003 -3.735080892311506E-002  1.424592337075843E-003  3.975349571044114E-006
   1024   1061 -2.658673945493093E-002 -8.651826144820953E-003  7.817088104845885E-004  2.201236982751809E-006
   1024   1062  2.001693215889249E-002  3.823522753124148E-002  1.862610197419511E-003  5.311199455636679E-006
   1024   1063  9.879632600266834E-003  6.345696554081627E-003  1.378750050727386E-004  3.955991407490054E-007
   1024   1064  2.161745522977184E-002 -1.193278566374097E-003  4.687382843481577E-004  1.436834019759597E-006
   1024   1065 -1.646330570451441E-002  4.108955216005045E-002  1.959391731433804E-003  6.042080161616285E-006
   1024   1066 -2.329197636832420E-002  2.523308801098277E-002  1.179224893712576E-003  3.637337477416254E-006
   1024   1067  6.270430862507388E-003  2.793852326227881E-002  8.198793852783794E-004  2.761754934887941E-006
   1024   1068 -3.351832804944943E-003  1.582058401280804E-002  2.615256616586226E-004  9.300220948429069E-007
   1024   1069 -5.706027943318780E-003  8.940427447046036E-003  1.124899978258288E-004  4.038584638555992E-007
   1024   1070  2.950182747690995E-002  2.009728430835801E-002  1.274258661048332E-003  4.577010885314006E-006
   1024   1071  8.195101317981360E-003  3.561320592668927E-002  1.335460121988756E-003  4.841589654138282E-006
   1024   1072 -1.728490216016275E-002 -3.093449040953832E-003  3.083372696553769E-004  1.120937268078582E-006
   1024   1073 -1.965845908022155E-002  1.010438012631160E-002  4.885535111457459E-004  1.780173742891578E-006
   1024   1074  2.604407659693215E-003  4.853721200589542E-003  3.034154875092107E-005  1.117314325478536E-007
   1024   1075  2.893431487219352E-002 -1.847655687604596E-003  8.406084086631767E-004  3.096607710354603E-006
   1024   1076 -5.426426411179983E-002 -1.317124578179419E-002  3.118092075039598E-003  1.154948027952212E-005
   1024   1077  1.763397091529681E-002 -8.581207086295457E-003  3.845940452994212E-004  1.454920249472514E-006
   1024   1078 -3.010898327283659E-003 -1.501820336787011E-002  2.346119411359447E-004  8.915353019616443E-007
   1024   1079  1.702369858731183E-002 -3.670264209756414E-002  1.636890250533531E-003  6.230239894547875E-006
   1024   1080  1.525488962562669E-002 -2.000081705288774E-002  6.327443402731377E-004  2.593664473847600E-006
   1024   1081  1.623412877330352E-002  3.407553984000554E-003  2.751583611820793E-004  1.137982486540504E-006
   1024   1082  1.248802866345424E-002 -3.759543523018623E-002  1.569367610046383E-003  6.513074312942744E-006
   1024   1083  1.441180911238257E-002 -1.817982690497112E-002  5.382063481864650E-004  2.234591926694935E-006
   1024   1084  1.177371569958122E-002 -2.486391244665225E-003  1.448025227961131E-004  6.112604514182479E-007
   1024   1085 -2.871844002437408E-002 -3.269510265219609E-002  1.893718534871211E-003  8.024280718056046E-006
   1024   1086 -1.785110801901021E-003  5.732532096259050E-003  3.604854480970388E-005  1.530306570761604E-007
   1024   1087  1.985501652650799E-002  2.542730557286324E-002  1.040769549963667E-003  4.457861384943094E-006
   1024   1088 -6.624194461589373E-003 -6.700644301002223E-004  4.432893860543685E-005  1.902248421046537E-007
