# Total number of k-points, k-point index, spin index Format : '(3i10)'
        27        19         1
# Cell volume (a.u.)^3. Format: '(a51, ES24.15E3)'   7.062330632076545E+004
# Total number of <f|i> elements, Initial States (bandI, bandF), Final States (bandI, bandF) Format : '(5i10)'
        64      1025      1088      1024      1024
# Final Band, Initial Band, Complex <f|i>, |<f|i>|^2, |dE*<f|i>|^2 (Hartree^2) Format : '(2i10,3ES24.15E3)'
   1024   1025 -3.695760217644837E-002  9.331496064256974E-002  1.007354623835696E-002  1.021309622025531E-005
   1024   1026 -3.956484645272319E-002  7.726284835161303E-002  7.534924810231916E-003  8.200179963841222E-006
   1024   1027  7.797270932685907E-002  1.027665301899182E-002  6.185352997043608E-003  8.617778555805846E-006
   1024   1028  9.134880239693766E-003  3.863721746801822E-002  1.576280610664480E-003  2.461514273622163E-006
   1024   1029  2.808947483995658E-002  3.138494117182022E-002  1.774033129143170E-003  2.791609679291473E-006
   1024   1030  7.096502197812561E-002 -5.452493473277824E-002  8.009002851969576E-003  1.271996416732086E-005
   1024   1031  8.606743420842844E-002  2.792258876803196E-002  8.187274194730783E-003  1.307723987543192E-005
   1024   1032 -1.748256519320618E-005 -2.352166353163575E-004  5.563250561528304E-008  1.014152221717712E-010
   1024   1033  4.523903569971274E-002 -7.956513370272039E-002  8.377180852171656E-003  1.542863627852045E-005
   1024   1034  1.576144319951293E-002 -6.629297679048737E-003  2.923706794489133E-004  5.401592347838697E-007
   1024   1035  3.348597934561116E-002 -2.718744582557100E-002  1.860468023253056E-003  3.438942281025309E-006
   1024   1036 -1.455503742532630E-003 -6.107007155216328E-002  3.731672130530869E-003  7.004214749085060E-006
   1024   1037 -3.681330660921089E-002  2.258065440619733E-002  1.865105496915889E-003  3.640153865388384E-006
   1024   1038 -1.296266065697019E-002  2.575858642972611E-002  8.315353461654328E-004  2.405319212861485E-006
   1024   1039  1.662416041060773E-002 -2.781266547572358E-003  2.840981529662626E-004  8.424058180044629E-007
   1024   1040 -3.895263354246457E-003  5.127650631018717E-002  2.644453175977600E-003  7.890172419171345E-006
   1024   1041  1.729391167978955E-002  7.000184482718692E-003  3.480819639804570E-004  1.039663449448705E-006
   1024   1042 -3.657414022265131E-002 -1.606176722687501E-002  1.595648099476476E-003  4.788173127061791E-006
   1024   1043 -2.918602138546821E-002 -3.396819046257994E-003  8.633622239460290E-004  2.666671228446916E-006
   1024   1044 -5.544910038513539E-002 -1.603797198202943E-002  3.331819278817182E-003  1.031948703768143E-005
   1024   1045 -1.914256800896179E-003  1.210413302987964E-003  5.129479463827507E-006  1.617757195535694E-008
   1024   1046  5.673289874423318E-003  1.508881198760555E-003  3.446294047120724E-005  1.089666689296633E-007
   1024   1047 -1.180871241569470E-002 -1.476588465025181E-002  3.574770384211241E-004  1.151660391066573E-006
   1024   1048 -9.222125267837715E-003 -3.702617214477935E-002  1.455985018150525E-003  4.708923467746175E-006
   1024   1049  3.189428432890207E-002  1.274119260719342E-002  1.179583361906448E-003  3.827460806963817E-006
   1024   1050  3.557173147952206E-002 -5.159807164849243E-002  3.927709078294179E-003  1.275785890536665E-005
   1024   1051 -1.503646722615117E-003  1.764438449829109E-003  5.374196509666535E-006  1.805425448311559E-008
   1024   1052  6.874085216277417E-002 -3.028037616958715E-002  5.642205937036075E-003  1.900130057955496E-005
   1024   1053  3.115048282751434E-002  1.422203819740675E-002  1.172618950875762E-003  3.980185288871989E-006
   1024   1054 -2.835440931674995E-003 -1.357519639631169E-003  9.882584849002301E-006  3.357275625653504E-008
   1024   1055 -2.053733385460687E-004  1.800345006123758E-004  7.459062959630570E-008  2.581233895779821E-010
   1024   1056 -4.023445075524356E-002  4.393486896892671E-002  3.549083738892878E-003  1.238137865509525E-005
   1024   1057  4.883365972044591E-003  2.246214214107936E-002  5.283950927829763E-004  1.848814163410903E-006
   1024   1058 -1.263811187465132E-002 -1.983590819991998E-002  5.531851258718556E-004  1.938696864786269E-006
   1024   1059 -2.240103926830706E-002  1.261915465234689E-002  6.610496244400830E-004  2.335931527125895E-006
   1024   1060 -5.598092163118154E-003  1.484229154834987E-004  3.136066522860552E-005  1.110445684999858E-007
   1024   1061 -3.979523586064429E-002  3.352635127468312E-002  2.707677026997756E-003  9.788227014186443E-006
   1024   1062  1.030487120567955E-002 -9.499367820576268E-003  1.964283595562434E-004  7.138712926439832E-007
   1024   1063 -2.407516687991102E-002 -2.839501751026699E-002  1.385890679703934E-003  5.278812449637017E-006
   1024   1064  2.482612293283006E-002 -3.551215871501354E-002  1.877449796476302E-003  7.811692785455155E-006
   1024   1065 -3.385104855915287E-003  1.130423594876545E-002  1.392446852709024E-004  5.817251998154163E-007
   1024   1066 -5.757735821932916E-003  1.403663959866372E-002  2.301787730179440E-004  9.631672225417547E-007
   1024   1067  2.027462076947778E-002 -3.083580510482280E-002  1.361907123808756E-003  5.715914056348863E-006
   1024   1068 -4.455817059112409E-004  5.585645721575373E-003  3.139798118359605E-005  1.328533178075952E-007
   1024   1069 -2.609076481577414E-003  9.687938616933235E-004  7.745841633175040E-006  3.284437960909121E-008
   1024   1070  9.429545001302527E-003  5.586572063964504E-003  1.201261063574581E-004  5.101161959274752E-007
   1024   1071 -1.606435211261351E-003  1.128450636516143E-002  1.299207179933492E-004  5.523387612758279E-007
   1024   1072 -2.969815823456957E-002  1.025485988950568E-002  9.871427538789249E-004  4.225816826806895E-006
   1024   1073 -1.943079054578301E-002  3.910294163990743E-002  1.906595666128097E-003  8.176063320233713E-006
   1024   1074  6.474151323482074E-003 -4.687474891695535E-002  2.239156721386951E-003  9.613885826941175E-006
   1024   1075 -1.386269324071813E-003  3.496322636131250E-002  1.224348940231240E-003  5.262949778323693E-006
   1024   1076 -1.959446658997820E-004  1.135841329891426E-002  1.290519469810468E-004  5.631178961910194E-007
   1024   1077 -2.195401066894583E-002  9.070321631624289E-003  5.642493189532986E-004  2.489017531256444E-006
   1024   1078  3.240744329155769E-002  3.261208445171625E-003  1.060877861218386E-003  4.705434017849860E-006
   1024   1079 -3.288641098218993E-002  1.054312397458764E-002  1.192673490433027E-003  5.299504142365401E-006
   1024   1080 -1.058327803758262E-002  5.062206637647079E-002  2.674599378244592E-003  1.290151190510556E-005
   1024   1081 -7.634056769994386E-003 -7.129145090369922E-004  5.878706986469258E-005  2.843136381355909E-007
   1024   1082  4.682322397794506E-003 -5.860144821735230E-003  5.626544036859832E-005  2.722298021518052E-007
   1024   1083  1.518074478262224E-003 -1.143691609416760E-003  3.612580619001421E-006  1.767498853683101E-008
   1024   1084 -9.342053360707243E-003 -7.784277808259633E-003  1.478689419904649E-004  7.619644024473523E-007
   1024   1085 -1.631706714891111E-002 -2.404536547397517E-002  8.444262811191113E-004  4.371082924218575E-006
   1024   1086  5.010188815869122E-005  1.405370967576579E-002  1.975092658499101E-004  1.022764913228364E-006
   1024   1087  7.382407299750379E-003  9.228665731329657E-003  1.396682087200260E-004  7.286441860384611E-007
   1024   1088 -2.411087560472068E-002  1.727160943409416E-002  8.796428148702052E-004  4.593216212826505E-006
