# Total number of k-points, k-point index, spin index Format : '(3i10)'
        27        11         2
# Cell volume (a.u.)^3. Format: '(a51, ES24.15E3)'   7.062330632076545E+004
# Total number of <f|i> elements, Initial States (bandI, bandF), Final States (bandI, bandF) Format : '(5i10)'
        64      1025      1088      1024      1024
# Final Band, Initial Band, Complex <f|i>, |<f|i>|^2, |dE*<f|i>|^2 (Hartree^2) Format : '(2i10,3ES24.15E3)'
   1024   1025 -6.523326981179681E-002 -2.668556430352895E-001  7.546731371011652E-002  7.651277099129353E-005
   1024   1026  5.478998376559376E-001 -1.278741874739863E-001  3.165460399255350E-001  3.283278938873872E-004
   1024   1027  1.231274974521927E-001 -2.141422907654529E-002  1.561894983578248E-002  1.653092600787794E-005
   1024   1028  3.452698882330353E-004  5.425387393152080E-004  4.135595793781878E-007  4.420469696123226E-010
   1024   1029 -2.173909614253259E-002  3.409914671377446E-001  1.167477689618459E-001  1.319150455489630E-004
   1024   1030  1.052276005355712E-002 -4.706151489671802E-002  2.325514663518749E-003  3.138427811788849E-006
   1024   1031 -2.610713276382189E-002 -1.646748518409230E-001  2.779938920997775E-002  3.778582901086956E-005
   1024   1032 -5.534795774982414E-002  8.665186440893700E-002  1.057194203262112E-002  1.479587257565568E-005
   1024   1033 -9.483002384932072E-002 -5.471255865195732E-002  1.198619749750661E-002  1.722165483208518E-005
   1024   1034 -3.136688720615203E-002  1.402633646984691E-002  1.180619727768821E-003  1.775214309684553E-006
   1024   1035 -6.363049249876028E-002 -1.372728257861162E-002  4.237277862627844E-003  6.798705245629193E-006
   1024   1036  6.092560376644020E-002 -6.913962497427535E-002  8.492216935888712E-003  1.433808375730283E-005
   1024   1037  7.286253445184267E-006 -1.264679839180912E-004  1.604724044557405E-008  2.961426937167085E-011
   1024   1038  2.274032086597026E-002 -5.573106382033564E-002  3.623073667633606E-003  6.705514314398312E-006
   1024   1039  1.927419593079221E-002  6.464834205882551E-002  4.550902759733476E-003  8.754741100431272E-006
   1024   1040  1.016731460931931E-002 -2.763336457797781E-002  8.669771242643166E-004  1.675161791650496E-006
   1024   1041  2.936418938263353E-003  4.881217352559268E-003  3.244883902391738E-005  7.342353704580176E-008
   1024   1042  3.854556960182336E-002 -5.981139894656198E-002  5.063164379873804E-003  1.149217257792056E-005
   1024   1043 -2.448267096146164E-003  4.916479796654022E-002  2.423171370864789E-003  5.535633487105346E-006
   1024   1044  1.971096248408010E-002 -2.526916095778364E-002  1.027052537559190E-003  2.413732646298826E-006
   1024   1045  1.389365229995341E-004  7.138722292285602E-005  2.439949301983761E-008  5.745037045331785E-011
   1024   1046 -7.421460765645784E-003  5.674034084820666E-002  3.274544359466689E-003  7.732958020937350E-006
   1024   1047 -2.909743455087761E-002  3.244020952138092E-002  1.899027891233700E-003  4.547511700730422E-006
   1024   1048 -7.071672218060062E-003 -2.743257321918902E-004  5.008380256702513E-005  1.207078919938482E-007
   1024   1049  7.058545387320410E-003  2.658392774054688E-002  7.565282770994805E-004  1.837210789943622E-006
   1024   1050 -7.512450523299202E-003 -5.773531102235890E-002  3.389803051713535E-003  8.245399465483015E-006
   1024   1051 -2.571753772601341E-002  1.577047117365648E-002  9.100995077280527E-004  2.226110639498007E-006
   1024   1052 -3.292704949402068E-002 -1.531865076728710E-002  1.318851649711793E-003  3.239944279698667E-006
   1024   1053 -2.255245044017288E-002  2.055245961333068E-002  9.310166170140426E-004  2.299653079457820E-006
   1024   1054  1.168793340176590E-002  2.777972865684548E-003  1.443249204465946E-004  3.602433447777685E-007
   1024   1055 -5.347742075344535E-002 -5.400818118113833E-003  2.889003366785974E-003  7.495623847181407E-006
   1024   1056  1.279559770398310E-002 -1.102612629685052E-002  2.853027817162761E-004  7.896993241447725E-007
   1024   1057 -1.543381805157435E-002  5.504519087758950E-003  2.685024700366049E-004  7.435736202115840E-007
   1024   1058  6.526433528865226E-005 -1.329139190928305E-004  2.192554334928511E-008  6.173379522063323E-011
   1024   1059  5.283333378531183E-006  7.365463930701465E-005  5.452919503035128E-009  1.542394020305041E-011
   1024   1060 -6.725778047812237E-003 -1.037228744614104E-002  1.528204372138081E-004  4.380099623381396E-007
   1024   1061 -3.577483547101456E-002 -3.200720981302869E-002  2.304300332993401E-003  6.608489052793638E-006
   1024   1062  1.640955534686982E-002 -3.203479694617040E-002  1.295501722064352E-003  3.885549573677756E-006
   1024   1063 -3.274964635435544E-002 -1.833907928457456E-002  1.408861165341258E-003  4.245641269252673E-006
   1024   1064  1.719880466015819E-002 -5.033986146615305E-002  2.829900534169760E-003  9.065068144099295E-006
   1024   1065  5.112454932095855E-003  7.046894776329988E-003  7.579592142137812E-005  2.469377395798929E-007
   1024   1066 -1.232673215535742E-002 -1.078274606346456E-002  2.682159382990831E-004  9.150478397539056E-007
   1024   1067 -1.378717130167414E-002  1.453098121427150E-002  4.012355075512183E-004  1.370710126989409E-006
   1024   1068  1.479160501138788E-004  1.654527485740552E-004  4.925376989200103E-008  1.727113161428952E-010
   1024   1069  1.758399562731398E-004 -2.182598146952503E-005  3.139606368924774E-008  1.105802427910179E-010
   1024   1070  3.039552043170326E-002 -3.737531117089135E-002  2.320801547435046E-003  8.197489374332141E-006
   1024   1071 -1.384289572196481E-002 -1.304998118667565E-002  3.619277709417800E-004  1.279983642259589E-006
   1024   1072  6.262167717843835E-003 -1.724476549087611E-002  3.365966813617171E-004  1.238788627540160E-006
   1024   1073  2.908023370112556E-003 -8.048438642868647E-003  7.323396450914209E-005  2.699593464489235E-007
   1024   1074  1.938223568838670E-002 -2.124405649641935E-002  8.269809967032286E-004  3.048487202944743E-006
   1024   1075 -1.820350298374929E-003  1.412019850537337E-002  2.026936810399421E-004  7.492074435403168E-007
   1024   1076 -1.131369849148190E-002  3.041769680488739E-002  1.053236052470216E-003  3.911114849843552E-006
   1024   1077  2.775947988711501E-002 -1.058283464939933E-002  8.825851128196698E-004  3.295607484293581E-006
   1024   1078  1.123744096517879E-002  3.306144628144600E-003  1.372106717480878E-004  5.147761942036719E-007
   1024   1079 -3.319995262894049E-002 -2.054175076367874E-002  1.524200379000988E-003  5.767567369137852E-006
   1024   1080  7.760403555781404E-005  3.136182959800221E-003  9.841665943676130E-006  3.738275491034270E-008
   1024   1081 -5.786666172879630E-003 -7.183766615888361E-003  8.509200818790149E-005  3.296898641735893E-007
   1024   1082  9.067055392153646E-003  5.493210855571721E-003  1.123868589881535E-004  4.374507591275494E-007
   1024   1083  4.227822136357641E-003  2.145813647928172E-002  4.783261011801567E-004  1.873252624922509E-006
   1024   1084 -3.492747918977263E-002  2.612105909225483E-002  1.902238530653069E-003  7.482856381242561E-006
   1024   1085 -1.921299554000321E-002 -2.120546024631469E-002  8.188107418782157E-004  3.338694599163063E-006
   1024   1086 -2.626032539706616E-003  8.306252856997832E-003  7.588988342398264E-005  3.120348403276061E-007
   1024   1087 -9.855674695083111E-003  4.134446474688850E-003  1.142279713473686E-004  4.751566479488597E-007
   1024   1088  2.904393651720873E-003 -2.858457146193525E-002  8.255132281466395E-004  3.453578952788348E-006
