# Total number of k-points, k-point index, spin index Format : '(3i10)'
        27        25         2
# Cell volume (a.u.)^3. Format: '(a51, ES24.15E3)'   7.062330632076545E+004
# Total number of <f|i> elements, Initial States (bandI, bandF), Final States (bandI, bandF) Format : '(5i10)'
        64      1025      1088      1024      1024
# Final Band, Initial Band, Complex <f|i>, |<f|i>|^2, |dE*<f|i>|^2 (Hartree^2) Format : '(2i10,3ES24.15E3)'
   1024   1025  4.227509508503230E-001  4.197577958200822E-001  3.549149735965861E-001  3.598316510971336E-004
   1024   1026 -6.692889724719100E-002 -1.784855330463370E-001  3.633656279356012E-002  3.768467994167710E-005
   1024   1027  1.118118917906629E-001 -5.602401599776823E-002  1.564058951432510E-002  1.655278019550513E-005
   1024   1028 -1.529557187612738E-004  1.498461037051323E-004  4.584930669738714E-008  4.900509744408873E-011
   1024   1029 -4.990996842147431E-002  3.380680816648972E-001  1.167810327884162E-001  1.319482510308070E-004
   1024   1030 -1.673508923796777E-002  1.543737644078233E-001  2.411132234924488E-002  3.253606246678377E-005
   1024   1031 -3.714591955063832E-002 -6.841787692232065E-002  6.060825221820312E-003  8.237906223908397E-006
   1024   1032 -1.056292877211868E-001 -7.177825261965302E-002  1.630966397361599E-002  2.282380153439743E-005
   1024   1033 -7.413820651680897E-002 -2.911778251109534E-002  6.344318923892465E-003  9.115444467893652E-006
   1024   1034  2.497547778333681E-002 -2.350592524461163E-002  1.176303012111221E-003  1.768643901414914E-006
   1024   1035 -6.831900603975266E-002  8.038441383447248E-002  1.112914057377149E-002  1.785692493766985E-005
   1024   1036 -3.532263718862710E-002 -2.250671128963583E-002  1.754240751034404E-003  2.961526380282922E-006
   1024   1037 -1.105733149672652E-004 -8.271943230312588E-005  1.906896246340146E-008  3.518911189597076E-011
   1024   1038  5.955303413541552E-002 -9.071180941252468E-004  3.547386737970656E-003  6.565244447086309E-006
   1024   1039  1.507299406470603E-002  6.290716308691520E-002  4.184506317718410E-003  8.049532224109824E-006
   1024   1040 -3.291557672954069E-002 -5.250396100535450E-003  1.111001850650798E-003  2.146538520958155E-006
   1024   1041 -2.162680858352559E-002  1.552359129896548E-002  7.087007363257727E-004  1.603583949444340E-006
   1024   1042  2.328464780196783E-002  1.158879089435380E-002  6.764748976547430E-004  1.535471225103775E-006
   1024   1043 -1.645161459533774E-002 -6.277215560677096E-002  4.210999142314196E-003  9.618667540934349E-006
   1024   1044 -9.502261201683692E-003  5.476238706310177E-002  3.089212004793999E-003  7.259825165709006E-006
   1024   1045  1.354566462268870E-004  1.157440334148832E-004  3.174518427818162E-008  7.474149832851540E-011
   1024   1046 -5.389232328155141E-002  1.808069263874934E-002  3.231293954980173E-003  7.630509564730319E-006
   1024   1047 -1.470068318561561E-002  1.722962003471702E-002  5.129698926645635E-004  1.228302429176455E-006
   1024   1048  2.295648774710933E-002 -3.030341444670764E-002  1.445297256812110E-003  3.483096445643240E-006
   1024   1049  1.418805010443301E-002 -2.649211481080802E-003  2.083190872373919E-004  5.058950846119330E-007
   1024   1050 -5.853004539446086E-002  2.426390338726325E-002  4.014503221464093E-003  9.764906530363649E-006
   1024   1051 -2.671506948547371E-002 -7.224694473477908E-003  7.658911478487908E-004  1.873361032331984E-006
   1024   1052  5.442678470265782E-003  1.484387608431054E-002  2.499634061370609E-004  6.140680804869711E-007
   1024   1053  1.820965859878764E-002  1.843065464319340E-002  6.712806968610671E-004  1.658011167187572E-006
   1024   1054  1.244496844070333E-002 -3.763342796770072E-002  1.571152140090220E-003  3.921439035860563E-006
   1024   1055  2.903258284272757E-002  4.517702430131655E-002  2.883854391241586E-003  7.481809360693060E-006
   1024   1056 -1.489724156639992E-002  1.272859723613578E-003  2.235479781636710E-004  6.187533570812142E-007
   1024   1057  1.574428951626524E-003 -1.827429832269120E-002  3.364288057104343E-004  9.316142116088196E-007
   1024   1058 -1.312250578204792E-004 -5.200974712107210E-005  1.992502959558599E-008  5.609889508600957E-011
   1024   1059  6.896844738529989E-005 -9.965305044565964E-005  1.468737719786406E-008  4.154327770172940E-011
   1024   1060  3.441234290273255E-003 -9.312045197318299E-003  9.855627919745126E-005  2.824799848041593E-007
   1024   1061  4.748004438173770E-002  5.566711625985430E-003  2.285342892818662E-003  6.553850781961728E-006
   1024   1062 -1.936190384344152E-003 -1.186624598624836E-002  1.445566270105820E-004  4.335472322579626E-007
   1024   1063 -5.057238234610556E-002  7.547751544629203E-003  2.614534409540142E-003  7.878692390444842E-006
   1024   1064  5.226039335205899E-002 -1.049903056751716E-002  2.841378356169591E-003  9.101500405485488E-006
   1024   1065  4.969300002551290E-003  7.559438960281353E-003  8.183905990957588E-005  2.666136481493095E-007
   1024   1066  2.528291708618716E-002  4.055984058825001E-003  6.556769030724573E-004  2.236928291272693E-006
   1024   1067  1.750137762662700E-003 -6.602824445907473E-004  3.498955094932735E-006  1.195217285654594E-008
   1024   1068 -6.303548292480814E-005 -8.875475270430729E-005  1.185087823516652E-008  4.155483190169499E-011
   1024   1069 -2.127415915655780E-005 -1.190843067804228E-004  1.463366196919240E-008  5.153980215063592E-011
   1024   1070 -3.918361412545673E-002  3.021956439245603E-002  2.448577688002489E-003  8.648227230594666E-006
   1024   1071  1.435923886698300E-002 -8.944305865536763E-003  2.861883482553505E-004  1.012112484721433E-006
   1024   1072  6.693194483866525E-004 -1.847330933417994E-002  3.417111462802884E-004  1.257540727669959E-006
   1024   1073  1.369691720905205E-003 -1.560475061617161E-002  2.453842972032245E-004  9.045082436431498E-007
   1024   1074 -2.659214243961315E-002 -5.986172468703070E-004  7.075003821369254E-004  2.607989989482052E-006
   1024   1075 -2.820265187612279E-003  1.130209003397725E-002  1.356911348645857E-004  5.015285829864348E-007
   1024   1076 -4.977717220746749E-003 -1.605506939852211E-003  2.735532126363236E-005  1.015809789649679E-007
   1024   1077 -2.626862575390124E-002 -3.435304293493500E-002  1.870172257888011E-003  6.983255649187764E-006
   1024   1078 -1.461480921328647E-005  1.198982395501866E-002  1.437560920649876E-004  5.393166526904236E-007
   1024   1079 -9.744094523705961E-003 -1.655527130148739E-002  3.690243859527684E-004  1.396350118863336E-006
   1024   1080  1.722928833456663E-002  2.963149202420145E-002  1.174873696095947E-003  4.462681117644729E-006
   1024   1081  1.257803615147186E-002 -2.565237140077494E-003  1.647874350125660E-004  6.384640939513458E-007
   1024   1082  5.819423533387586E-003 -1.828649038228501E-004  3.389912983399540E-005  1.319418609276126E-007
   1024   1083  3.752854030677410E-002 -2.130186205644063E-005  1.408391791326495E-003  5.515462880066373E-006
   1024   1084 -1.451265765242252E-002  2.765859349275393E-002  9.756150261338279E-004  3.837645750079856E-006
   1024   1085  2.816138790099490E-002 -3.899262176598479E-003  8.082680140321537E-004  3.295603263176108E-006
   1024   1086 -7.844679025633315E-003  1.398254278519326E-003  6.349410404260886E-005  2.610578182596918E-007
   1024   1087  2.364299421315483E-002 -4.504369567019616E-003  5.792805205595652E-004  2.409544970106976E-006
   1024   1088  4.975587749932619E-003  7.915296140881947E-003  8.740838645514017E-005  3.656737007704217E-007
