# Total number of k-points, k-point index, spin index Format : '(3i10)'
        27        27         2
# Cell volume (a.u.)^3. Format: '(a51, ES24.15E3)'   7.062330632076545E+004
# Total number of <f|i> elements, Initial States (bandI, bandF), Final States (bandI, bandF) Format : '(5i10)'
        64      1025      1088      1024      1024
# Final Band, Initial Band, Complex <f|i>, |<f|i>|^2, |dE*<f|i>|^2 (Hartree^2) Format : '(2i10,3ES24.15E3)'
   1024   1025 -1.251096977176225E-004 -1.574767719855300E-004  4.045137017797748E-008  4.101174761036625E-011
   1024   1026 -1.878891585301753E-004  1.369117841581818E-004  5.404717253455390E-008  5.479692088730858E-011
   1024   1027  2.969294061268112E-001 -2.251548182277951E-001  1.388617643940123E-001  1.424932391817443E-004
   1024   1028 -1.301487148109027E-001 -2.385979643780327E-001  7.386767657227063E-002  8.135997548422996E-005
   1024   1029 -2.233249130128481E-001  5.542104991812563E-002  5.294550954622354E-002  5.831901291098025E-005
   1024   1030 -7.262718882105793E-002  2.522799934653751E-001  6.891990365893930E-002  7.826040415978798E-005
   1024   1031 -5.358378150366498E-002 -2.697073211525313E-002  3.598642031065256E-003  5.430475336015997E-006
   1024   1032 -3.519239310792184E-002  1.851590261032458E-002  1.581343182137529E-003  2.395999549442473E-006
   1024   1033  2.265319679995395E-002 -3.363991137738448E-002  1.644810962735726E-003  2.492260931440810E-006
   1024   1034 -2.158070905724571E-004 -1.735254509565417E-004  7.668378247101985E-008  1.228677932718128E-010
   1024   1035 -2.112986509411804E-004  2.274863702104999E-004  9.639716852111144E-008  1.544651212674146E-010
   1024   1036 -3.488260441678909E-005 -1.100522139714094E-005  1.337910988898282E-009  2.148873039054914E-012
   1024   1037 -4.605208238287186E-002 -1.195923348316141E-001  1.642312084227572E-002  2.659792429334622E-005
   1024   1038  1.071598937088518E-002 -8.187963512338874E-002  6.819107076136199E-003  1.118444376129406E-005
   1024   1039 -1.262385590129032E-001  9.176366164381825E-002  2.435674337993541E-002  3.995072817603469E-005
   1024   1040 -6.041645725620442E-002 -9.773695527144913E-002  1.320266073312402E-002  2.216705793052305E-005
   1024   1041  8.958553933197938E-002 -2.160306689189236E-002  8.492261356537200E-003  1.425903409867540E-005
   1024   1042 -3.154248522406574E-002 -7.450503732220724E-002  6.545928960493900E-003  1.109745620595652E-005
   1024   1043  1.965846432019134E-004 -8.511961265163478E-005  4.589087040078795E-008  8.192864434148172E-011
   1024   1044  1.043037852636946E-004 -1.996449145790478E-004  5.073737153761021E-008  9.104837706092631E-011
   1024   1045  3.344057379915835E-002 -6.593452724098928E-002  5.465633858509714E-003  9.808269044590824E-006
   1024   1046 -2.425777144758708E-004 -2.535904041349059E-004  1.231520406296420E-007  2.234273032289835E-010
   1024   1047 -2.169372284719422E-004  1.999206577125670E-004  8.703003047731301E-008  1.579325510689133E-010
   1024   1048  8.794596401929857E-006  2.213262088588201E-004  4.906263565369089E-008  8.903557279664683E-011
   1024   1049 -4.413307924490292E-002 -1.214486125919574E-001  1.669749418414823E-002  3.172890465377952E-005
   1024   1050  6.671794887188019E-002 -4.327433133725091E-002  6.323952454356995E-003  1.201747047652850E-005
   1024   1051  8.522446400642975E-002 -3.188930806848896E-002  8.280137234270233E-003  1.638110837535140E-005
   1024   1052  5.531765182915946E-003  2.119396363385202E-003  3.509226698405152E-005  7.938322751094974E-008
   1024   1053  9.016689269482708E-002 -3.503046317415050E-002  9.357201888435977E-003  2.116739280987827E-005
   1024   1054  6.547999177325728E-004 -2.017652070771082E-002  4.075207508009460E-004  9.292185274943715E-007
   1024   1055 -5.274279341862939E-005 -1.926050664461141E-004  3.987851387831223E-008  1.097192472354429E-010
   1024   1056 -1.861412488352376E-005  1.692390212980871E-004  2.898833197511379E-008  7.975788534271803E-011
   1024   1057  8.411634498219613E-002  3.997397250370385E-002  8.673477970890704E-003  2.390518444230337E-005
   1024   1058  5.369374552193915E-002  4.680219917219171E-003  2.904922766648296E-003  8.059987828638390E-006
   1024   1059 -1.105138065151458E-002  4.078182739378871E-002  1.785290459881446E-003  4.953588508460022E-006
   1024   1060  2.008769886839276E-005  2.557236475429545E-003  6.539861906913151E-006  1.821381319103252E-008
   1024   1061 -3.869242468033868E-002 -1.518076552273570E-002  1.727559369499963E-003  4.967811885790614E-006
   1024   1062  2.924792290266908E-002 -3.528897417690522E-002  2.100752692578758E-003  6.041210831030204E-006
   1024   1063  1.676525396860896E-002 -3.458547235437955E-002  1.477228638607510E-003  4.248285421098804E-006
   1024   1064 -7.252010559233974E-003 -1.365054434205644E-002  2.389290179856902E-004  7.351957083293325E-007
   1024   1065  9.804233847729424E-003 -3.433237409716705E-002  1.274834912488791E-003  3.922754468021728E-006
   1024   1066  3.602492703096948E-002  8.584985123786880E-003  1.371497337162317E-003  4.234570523029673E-006
   1024   1067 -1.025821796710374E-002 -2.691480924635837E-002  8.296379926284677E-004  2.820769960387407E-006
   1024   1068 -4.528220492733067E-002 -9.319707966496454E-003  2.137335039661547E-003  7.621580514546802E-006
   1024   1069 -2.584709973814996E-003  1.856589134741992E-002  3.513730471729407E-004  1.259025266924298E-006
   1024   1070  7.312155554001153E-003  9.028761169322634E-003  1.349861470985781E-004  4.837038777548040E-007
   1024   1071 -1.784895145199247E-002  6.631279272997511E-004  3.190248065835489E-004  1.156770736627420E-006
   1024   1072  2.263759768446105E-002 -1.238530782323916E-002  6.658566787999055E-004  2.414395576073506E-006
   1024   1073  3.484256946124167E-002 -1.210831822856433E-002  1.360616016985633E-003  4.945365109675424E-006
   1024   1074  1.707108075909135E-002  2.964410712581934E-002  1.170194885570472E-003  4.341207023531054E-006
   1024   1075  3.904358497471265E-002 -3.315290027993284E-002  2.623516324648779E-003  9.732902302891301E-006
   1024   1076  7.985483969256101E-003 -4.208170579937077E-003  8.147665385309412E-005  3.026470198667257E-007
   1024   1077 -1.218470128209797E-002  3.070406272981150E-003  1.578943400151219E-004  5.977481017279067E-007
   1024   1078  1.536529728567567E-003 -1.263778281742190E-002  1.620744781470961E-004  6.153006517767323E-007
   1024   1079 -1.857566920606452E-002  3.905779236536748E-003  3.603105978976952E-004  1.367920345605260E-006
   1024   1080  2.762317551057506E-002 -8.976184934128006E-003  8.436117212597005E-004  3.471919175004857E-006
   1024   1081 -3.672002834794103E-002 -9.518033027165144E-003  1.438953434579799E-003  5.954955680897196E-006
   1024   1082 -3.284242041107177E-002  5.970088647512116E-003  1.114266536916737E-003  4.611316411034251E-006
   1024   1083  2.741645552477015E-002  1.047533428271063E-002  8.613946618762323E-004  3.582356893687536E-006
   1024   1084 -1.716248860050494E-002 -9.600238367778575E-003  3.867155916806297E-004  1.635620918800509E-006
   1024   1085  3.298416709842722E-003 -4.442587210632129E-003  3.061613391584185E-005  1.294921294980634E-007
   1024   1086  2.206796979835797E-003  5.103250933101553E-003  3.091312299641426E-005  1.317991823539720E-007
   1024   1087  2.488494670063650E-002 -5.931785757104182E-003  6.544466545617036E-004  2.799557805601224E-006
   1024   1088  8.763408388247912E-003 -7.028710343614990E-003  1.262000956736542E-004  5.398603930695568E-007
