# Total number of k-points, k-point index, spin index Format : '(3i10)'
        27        16         2
# Cell volume (a.u.)^3. Format: '(a51, ES24.15E3)'   7.062330632076545E+004
# Total number of <f|i> elements, Initial States (bandI, bandF), Final States (bandI, bandF) Format : '(5i10)'
        64      1025      1088      1024      1024
# Final Band, Initial Band, Complex <f|i>, |<f|i>|^2, |dE*<f|i>|^2 (Hartree^2) Format : '(2i10,3ES24.15E3)'
   1024   1025 -1.100548813891573E-001  5.646285413519044E-001  3.309174666267608E-001  3.355017039335568E-004
   1024   1026 -9.439512908790483E-002  7.743698478246186E-002  1.490692700772145E-002  1.568649218878633E-005
   1024   1027 -2.645574940238001E-001  1.105508799786872E-001  8.221216470821516E-002  8.889521927766044E-005
   1024   1028  6.633059762775866E-003 -2.222243674886769E-003  4.893584876713048E-005  5.318355442637550E-008
   1024   1029 -1.104096334086299E-002  3.861772308559868E-001  1.492547565030924E-001  1.764725349805176E-004
   1024   1030 -2.132711298359578E-003  1.789339571334301E-002  3.247220676364325E-004  4.399691886067934E-007
   1024   1031  1.391968891221894E-001  3.176748238282457E-002  2.038494687823815E-002  2.827915252066943E-005
   1024   1032  7.208005009601717E-002  3.657915639106626E-002  6.533568304126428E-003  9.261719764907480E-006
   1024   1033  2.428770391168318E-003  1.175185275263376E-001  1.381650323757159E-002  2.021712191432154E-005
   1024   1034 -1.069883431224035E-002  7.374833032467015E-002  5.553281281317434E-003  8.622046680616561E-006
   1024   1035 -2.503051766194683E-002 -1.357002460269804E-002  8.106723821428626E-004  1.322541618849629E-006
   1024   1036 -1.304187296292876E-002 -2.953598914161910E-002  1.042465104955013E-003  1.749263283524984E-006
   1024   1037 -1.022137546281315E-003  2.668846030350030E-002  7.133186785350295E-004  1.329693163127288E-006
   1024   1038 -3.179744013623644E-002 -1.977160573311472E-003  1.014986363150197E-003  1.897259779006471E-006
   1024   1039  1.379491882150494E-002 -3.676203657595519E-003  2.038142586240300E-004  3.921183456237176E-007
   1024   1040 -7.360355147273771E-002 -5.547610776321482E-003  5.448258774725510E-003  1.073684949013918E-005
   1024   1041  3.907429730855901E-002  1.295677805501542E-003  1.528479491133331E-003  3.492125705890332E-006
   1024   1042 -4.888323289054412E-002  3.531181256586092E-003  2.402039698898040E-003  5.512514441200186E-006
   1024   1043  2.902173587182737E-002 -3.146945546094851E-002  1.832587780022734E-003  4.248171594608030E-006
   1024   1044 -1.209848213285483E-002 -6.919911004089473E-005  1.463780584358380E-004  3.480782140417198E-007
   1024   1045  7.753883727090201E-003 -1.189480523367612E-002  2.016091044003230E-004  4.803447628840656E-007
   1024   1046 -1.442207661704141E-002  6.611408161173610E-002  4.579068081311113E-003  1.096648830653075E-005
   1024   1047 -2.680601591790553E-003 -6.070346516924724E-003  4.403473172945018E-005  1.061345067076235E-007
   1024   1048 -4.824195034381494E-002 -5.676523848008835E-003  2.359508695972119E-003  5.729785222805039E-006
   1024   1049 -8.861379756923696E-003  4.248111547548832E-003  9.657050291683481E-005  2.366983431052961E-007
   1024   1050  2.808769397268190E-002 -4.062848430598830E-002  2.439592289704969E-003  6.017409314407617E-006
   1024   1051  4.381808563272983E-002 -7.840506484807238E-003  1.981498170455549E-003  4.902082071374135E-006
   1024   1052 -7.238073387965395E-003 -1.176815358934893E-002  1.908791452720791E-004  4.728245320642392E-007
   1024   1053  1.365862875311869E-003 -1.099744657699324E-002  1.228094126079755E-004  3.059117879107202E-007
   1024   1054 -1.837239423427938E-002 -1.504263831747560E-002  5.638258374501674E-004  1.422769915079059E-006
   1024   1055 -1.894811071598462E-003 -1.651617454338549E-002  2.763743305446271E-004  7.163249672888370E-007
   1024   1056 -7.371804957400327E-003  1.027412973850474E-002  1.599012502135795E-004  4.467001931588720E-007
   1024   1057  2.768379674689875E-002 -7.146251465021952E-003  8.174615123249300E-004  2.285097060626722E-006
   1024   1058  4.179035268745806E-003 -5.321749779682890E-003  4.578535649497622E-005  1.301862751695360E-007
   1024   1059  8.559084238622238E-003  5.830754686377153E-003  1.072556232165407E-004  3.056207098560926E-007
   1024   1060 -4.781787008183926E-002 -2.532685937821252E-003  2.292963197223296E-003  6.602027254798585E-006
   1024   1061  2.818205673654285E-003  3.300927167625708E-003  1.883840338498669E-005  5.478456116114394E-008
   1024   1062 -1.922132532888336E-002  4.629056964515610E-002  2.512276185471821E-003  7.569632162028126E-006
   1024   1063  4.793082835530545E-003 -8.312101785438650E-004  2.366455342917245E-005  7.232688813660233E-008
   1024   1064 -1.600148195464809E-002 -1.312589811776315E-002  4.283366261428267E-004  1.385258482041812E-006
   1024   1065 -1.015117088847914E-002  2.892540512449103E-002  9.397253320230383E-004  3.080369889066343E-006
   1024   1066 -9.455730986825065E-003 -1.881114770824695E-002  4.432701265966884E-004  1.527362196484352E-006
   1024   1067 -2.498483820065827E-003 -3.642873151310503E-002  1.333294901053022E-003  4.598426822768012E-006
   1024   1068 -1.972075946473273E-002 -6.982614371457957E-003  4.376652573263366E-004  1.548276712491187E-006
   1024   1069  1.644676395061252E-002  4.859344637829640E-003  2.941092747563712E-004  1.044785273953397E-006
   1024   1070  3.098953647809962E-003  4.125373050873691E-002  1.711473794598765E-003  6.094668986795772E-006
   1024   1071  1.761697762179903E-002  3.534070503864417E-003  3.228475548532522E-004  1.156836426906458E-006
   1024   1072 -2.603723263184763E-002  1.327958882480084E-004  6.779551178728865E-004  2.510282665419311E-006
   1024   1073  4.253726338279399E-003  6.719697699011644E-004  1.854573113263289E-005  6.893007437744160E-008
   1024   1074  6.910961797459219E-003  1.928159825881703E-002  4.195414243803567E-004  1.561489251646110E-006
   1024   1075 -1.440190896045573E-003  6.731807957901894E-003  4.739138819912383E-005  1.769020298653639E-007
   1024   1076 -1.415334783228280E-002  3.800533911208843E-002  1.644723055886423E-003  6.184301180296560E-006
   1024   1077  3.674690767563042E-003  4.949935488197449E-003  3.800521357452958E-005  1.432785147952872E-007
   1024   1078 -2.446435456425036E-003 -1.949930652801407E-002  3.862080015159057E-004  1.465285163145397E-006
   1024   1079  1.452341312680664E-003  1.117933884029040E-003  3.359071457579248E-006  1.280535697668039E-008
   1024   1080  3.103703166070629E-002  1.107548973738372E-002  1.085963807230577E-003  4.167574563734334E-006
   1024   1081 -2.980970568575055E-003  2.314486972636928E-002  5.445711801813159E-004  2.121004407132927E-006
   1024   1082 -4.208045852148271E-003 -5.400781603037901E-003  4.687609181749490E-005  1.840089064970063E-007
   1024   1083 -3.606529324680260E-002  7.615987040436953E-003  1.358708635577969E-003  5.366031335628355E-006
   1024   1084 -9.103760840165004E-003  1.620171660196316E-002  3.453740822852505E-004  1.372538611641454E-006
   1024   1085 -6.381409093551144E-003 -1.739704469869671E-002  3.433795462677086E-004  1.412996956874562E-006
   1024   1086 -1.028353579687278E-002  6.764353343578538E-003  1.515075846423460E-004  6.269472775699949E-007
   1024   1087  2.690706971611041E-004  1.022258990598397E-003  1.117412483930015E-006  4.677504143591876E-009
   1024   1088 -1.024407169944553E-002  5.300403156376958E-003  1.330352786035117E-004  5.585279620711722E-007
