# Total number of k-points, k-point index, spin index Format : '(3i10)'
        27        24         2
# Cell volume (a.u.)^3. Format: '(a51, ES24.15E3)'   7.062330632076545E+004
# Total number of <f|i> elements, Initial States (bandI, bandF), Final States (bandI, bandF) Format : '(5i10)'
        64      1025      1088      1024      1024
# Final Band, Initial Band, Complex <f|i>, |<f|i>|^2, |dE*<f|i>|^2 (Hartree^2) Format : '(2i10,3ES24.15E3)'
   1024   1025  5.650465658552654E-002  2.227920965630904E-002  3.689139398758061E-003  5.280137069715906E-006
   1024   1026 -3.916441515443626E-002  3.777025338677274E-002  2.960443455290054E-003  4.243431651463458E-006
   1024   1027  1.557680719491251E-001 -5.639448912969875E-001  3.422975326587190E-001  5.008272462993821E-004
   1024   1028  5.500327516368752E-002 -1.514908462673381E-001  2.597483678152658E-002  3.938205636885986E-005
   1024   1029  2.836155436528214E-001  1.301323210274992E-001  9.737219757748958E-002  1.495441418922847E-004
   1024   1030  1.535225425620464E-001  4.003655226998115E-002  2.517209659238227E-002  4.093354743920781E-005
   1024   1031  3.795203157640525E-002  4.143100243014076E-002  3.156884663142792E-003  6.298046294835274E-006
   1024   1032  4.579926612897025E-002  4.143739256895929E-002  3.814630280866284E-003  7.696706131901378E-006
   1024   1033  4.392377434597293E-003 -6.454472744403630E-002  4.185314820352892E-003  8.459033163428373E-006
   1024   1034 -8.020215366611679E-003  2.336752009096336E-002  6.103648497284106E-004  1.291669245683236E-006
   1024   1035  7.482752703435239E-003 -1.125054092700562E-002  1.825662591709958E-004  3.868015155826258E-007
   1024   1036  4.258930409325695E-002 -9.317756307840347E-003  1.900669405760212E-003  4.034168448588416E-006
   1024   1037  4.997517966818193E-002 -5.088248911972788E-002  5.086546281886290E-003  1.093388868396414E-005
   1024   1038 -3.690183096370044E-002  2.545086817929303E-002  2.009491819553271E-003  4.346491145856538E-006
   1024   1039 -3.950931558023284E-002 -1.027656081346634E-001  1.212175623290563E-002  2.622272197457114E-005
   1024   1040  4.615350306598749E-002  5.927660675694500E-002  5.643861953879615E-003  1.237980709054094E-005
   1024   1041 -5.918265230069222E-002  1.128691187887941E-002  3.629980713106219E-003  7.973544992031677E-006
   1024   1042  3.687007881757501E-002 -6.876468589549120E-002  6.087984738319761E-003  1.356815172322296E-005
   1024   1043  6.498503857904159E-004 -7.539686490277855E-003  5.726917789559035E-005  1.337076457341531E-007
   1024   1044 -6.851255143444090E-003 -2.283284298138712E-003  5.215308422669590E-005  1.225127651922158E-007
   1024   1045  7.378588744574553E-002  3.523115253225532E-002  6.685591294907268E-003  1.572401354542301E-005
   1024   1046  9.536748839919774E-003 -9.469160753329726E-003  1.806145838081112E-004  4.262957788975857E-007
   1024   1047 -2.896943405891886E-003 -3.933384482701413E-003  2.386379458569675E-005  5.635497473046936E-008
   1024   1048 -1.907421398608596E-002 -2.779433994322708E-003  3.715508925157940E-004  8.885455839343147E-007
   1024   1049  6.465968214113306E-002  5.432922406422758E-002  7.132539082013408E-003  1.736073756745276E-005
   1024   1050 -4.310427470633200E-002  8.510399204810715E-002  9.100667960483217E-003  2.223775133089456E-005
   1024   1051  3.656571185138809E-002 -1.417628041438353E-002  1.538018209585977E-003  3.853144586255558E-006
   1024   1052  5.569719416826432E-002  7.863343834694315E-003  3.164009614479963E-003  9.004898240412074E-006
   1024   1053  3.854044876665400E-002 -2.639625306060193E-002  2.182128366774418E-003  6.254128746667871E-006
   1024   1054  1.766323338851311E-002  3.860533596751201E-002  1.802361778901561E-003  5.211702086717397E-006
   1024   1055 -1.735338866284300E-003  3.846610756758104E-003  1.780781529484403E-005  6.021599509494350E-008
   1024   1056 -2.465179924049732E-002  1.557078428266573E-002  8.501605289710943E-004  2.894431543855073E-006
   1024   1057  3.366870803120111E-002 -1.938800545225440E-002  1.509476655906912E-003  5.151147534837096E-006
   1024   1058 -2.411412690145148E-003 -5.486214068637589E-003  3.591345596911006E-005  1.235910583435453E-007
   1024   1059  9.846133363345611E-003 -9.439231713155144E-003  1.860454375434214E-004  6.423242673688084E-007
   1024   1060 -1.177709787187277E-002 -4.093365204988065E-003  1.554556729850772E-004  5.393748745421710E-007
   1024   1061  4.627621556289254E-002 -2.384996536371383E-002  2.710308974673647E-003  9.486715780074625E-006
   1024   1062 -3.936935567748718E-002 -5.602194598640335E-002  4.688404598563987E-003  1.654289211370478E-005
   1024   1063 -3.036397418541612E-002 -9.646353255158851E-003  1.015023059455930E-003  3.617950248235095E-006
   1024   1064 -3.488362109347198E-002 -7.026698177243233E-003  1.266241507866997E-003  4.768405267485827E-006
   1024   1065  1.884001410681225E-002 -3.054763489778301E-003  3.642777115233671E-004  1.379271053272918E-006
   1024   1066  9.938236862976253E-003 -2.781077289503855E-002  8.722076409640313E-004  3.314786112855099E-006
   1024   1067  8.548092649587639E-003  1.197710275481153E-002  2.165208783452482E-004  8.878071828478598E-007
   1024   1068  7.401048155211100E-004  5.103562940238422E-003  2.659410982293258E-005  1.146793057220370E-007
   1024   1069 -3.143378272983907E-002 -9.206531477065995E-003  1.072842918544936E-003  4.659017225743438E-006
   1024   1070  1.861910949236031E-003  1.462628349706787E-002  2.173948813194849E-004  9.453019341410086E-007
   1024   1071 -7.992428379706356E-003 -3.513070998410472E-002  1.298045695392010E-003  5.686288550146949E-006
   1024   1072  1.580865094085052E-002 -2.489562682632264E-002  8.697056796451695E-004  3.820233059774486E-006
   1024   1073 -4.143212939472627E-002  3.961156560134627E-003  1.732312107475238E-003  7.646826685796442E-006
   1024   1074  3.026935905466097E-002  1.147746355926847E-002  1.047966267334322E-003  4.661404407931958E-006
   1024   1075 -1.153127177053876E-002 -6.826256090135607E-003  1.795680008541376E-004  7.992104957347535E-007
   1024   1076  1.085419767595034E-002 -2.378951623150478E-002  6.837546897176354E-004  3.064322588382998E-006
   1024   1077 -2.468660546038056E-003  1.361379933999479E-002  1.914298173612074E-004  8.725768048246279E-007
   1024   1078  1.995267950748815E-003 -1.740364343745785E-002  3.068678990934552E-004  1.405225032954222E-006
   1024   1079  1.677325677746845E-002 -1.118202134741477E-002  4.063797443369308E-004  1.861849230876239E-006
   1024   1080 -1.193721879956896E-003  1.143406998085735E-002  1.321629282538311E-004  6.481197685947532E-007
   1024   1081  7.558821464141751E-003  1.477582953076765E-002  2.754609202490752E-004  1.361685701927357E-006
   1024   1082  2.027639653844962E-002  5.508248425594770E-003  4.414730573025191E-004  2.188594592659044E-006
   1024   1083 -2.032039387460364E-002 -1.598069545209617E-002  6.683010343516764E-004  3.314559683886747E-006
   1024   1084 -4.915092491564556E-004 -1.351989000534859E-002  1.830290070987309E-004  9.231207153885326E-007
   1024   1085  8.513381546036217E-003 -6.469289035364097E-003  1.143293659714721E-004  5.779173110948949E-007
   1024   1086  2.181737333698249E-002  8.599087195702610E-003  5.499420799245712E-004  2.784633872530967E-006
   1024   1087  9.534954952814766E-003  1.821935944494362E-002  4.228604245362632E-004  2.160850661901060E-006
   1024   1088  1.575986493806987E-003 -5.484119680820108E-003  3.255930210222048E-005  1.664649449141200E-007
