# Total number of k-points, k-point index, spin index Format : '(3i10)'
        27        20         1
# Cell volume (a.u.)^3. Format: '(a51, ES24.15E3)'   7.062330632076545E+004
# Total number of <f|i> elements, Initial States (bandI, bandF), Final States (bandI, bandF) Format : '(5i10)'
        64      1025      1088      1024      1024
# Final Band, Initial Band, Complex <f|i>, |<f|i>|^2, |dE*<f|i>|^2 (Hartree^2) Format : '(2i10,3ES24.15E3)'
   1024   1025  3.811587310381220E-002 -8.455034670203632E-002  8.601580909900458E-003  8.720739588668734E-006
   1024   1026 -2.625267486944046E-002 -3.543946377711688E-002  1.945158530610130E-003  2.018468907537457E-006
   1024   1027 -4.772819472107374E-002  6.109086369173883E-002  6.010074197935344E-003  6.499609032842312E-006
   1024   1028 -1.587736185538761E-002 -1.328160936451670E-002  4.284917667985353E-004  4.668194088643094E-007
   1024   1029  3.193036001667632E-004 -8.853771073342095E-002  7.839028176704003E-003  8.582088684801580E-006
   1024   1030 -8.679738083732684E-002 -1.475999471822994E-002  7.751642764302127E-003  1.051955584996172E-005
   1024   1031  4.143984044400911E-003 -6.871343085047521E-003  6.438795955267971E-005  8.914527072010281E-008
   1024   1032 -3.376056428180966E-002  7.307365855619004E-002  6.479535275412848E-003  9.203180673003115E-006
   1024   1033  4.668428574334553E-003 -2.833627550561716E-003  2.982367044896574E-005  4.275993915309160E-008
   1024   1034  4.994163548009285E-002 -3.286073468106215E-002  3.573994838205630E-003  5.464410080938409E-006
   1024   1035  6.769038142351890E-003  7.656974008492293E-003  1.044491283393413E-004  1.705187456539270E-007
   1024   1036  4.857339584942701E-003  2.648554665109442E-002  7.250779292507499E-004  1.216423631803530E-006
   1024   1037  2.553732427052752E-002 -1.821195333640635E-002  9.838301752255166E-004  1.835854126550208E-006
   1024   1038  2.104237575265285E-002 -3.155119897859361E-002  1.438259734302639E-003  2.694021166901707E-006
   1024   1039  1.140854657884777E-002 -3.428201190347664E-002  1.305411275191853E-003  2.514056280811197E-006
   1024   1040 -3.704484120080188E-002  5.483178251942090E-002  4.378844633849701E-003  8.580809449059230E-006
   1024   1041  2.029712152021438E-002  2.008819821443666E-002  8.155088495088462E-004  1.866552678965952E-006
   1024   1042  2.390818909454458E-003  8.695674010602315E-003  8.133076155646955E-005  1.868335249207445E-007
   1024   1043 -9.102717625678316E-003 -3.071253329972106E-004  8.295379414300331E-005  1.918858094744133E-007
   1024   1044 -1.416196919047419E-002  5.639289171475281E-002  3.380719607303776E-003  8.029464388791972E-006
   1024   1045  3.407498729763662E-004 -3.466382766186509E-003  1.213191995764824E-005  2.894120583756359E-008
   1024   1046  5.226446513299116E-002  2.380271761325445E-002  3.298143681413982E-003  7.905536609604524E-006
   1024   1047 -1.089015672979581E-002 -4.693006706633347E-002  2.321026708450074E-003  5.595885128908151E-006
   1024   1048  1.550616915510301E-002  3.430938907225182E-002  1.417575460377821E-003  3.447416986633611E-006
   1024   1049 -4.410538698567352E-002 -3.044397016581831E-003  1.954553514350592E-003  4.801058277824905E-006
   1024   1050  2.331835336403101E-002 -1.893182980123297E-002  9.021597832326692E-004  2.225428097855241E-006
   1024   1051  4.366350112733713E-002  3.689777497765943E-002  3.267947128998961E-003  8.089708142403396E-006
   1024   1052  2.300920992277206E-002  6.481149470285484E-004  5.298437942547542E-004  1.312798824431494E-006
   1024   1053 -2.234738081899230E-002 -1.683419575072500E-003  5.022393309348024E-004  1.252360508272972E-006
   1024   1054  1.301404662053690E-003  1.089121346845058E-002  1.203121849097744E-004  3.013700823624300E-007
   1024   1055 -1.412520921996624E-002 -1.760727994369638E-004  1.995525371385208E-004  5.170531633553764E-007
   1024   1056 -1.207543943105163E-002  5.063821754527579E-004  1.460726603606128E-004  4.087312715836860E-007
   1024   1057 -1.618140931153469E-002 -3.413948032560456E-002  1.427342124209763E-003  3.998559775065077E-006
   1024   1058 -9.361141511789545E-003  1.229124279959224E-002  2.387056199622774E-004  6.790437196063004E-007
   1024   1059 -7.887409720063771E-003 -1.896931336782013E-002  4.220460817387159E-004  1.203805672915401E-006
   1024   1060 -9.116804486126687E-003  5.259223302312240E-002  2.849059098396666E-003  8.203325258836023E-006
   1024   1061 -7.140096304512318E-003  2.137037377810480E-002  5.076738506536197E-004  1.472494233885256E-006
   1024   1062 -1.342685607695183E-002  4.075177978859472E-002  1.840988020049295E-003  5.550505654372915E-006
   1024   1063  4.241641527751634E-003 -3.864527327485318E-002  1.511448669338028E-003  4.615133991949373E-006
   1024   1064 -1.636259250606008E-002  3.127269340999238E-002  1.245715786634754E-003  4.032882087720737E-006
   1024   1065 -2.904601537003065E-002 -1.912192865940799E-002  1.209319164531545E-003  3.966257965539579E-006
   1024   1066  5.489374653597286E-003  2.724010440529049E-002  7.721565220986827E-004  2.663134313964765E-006
   1024   1067 -1.898508142153128E-002 -2.565300994151193E-002  1.018510235641482E-003  3.518198751771203E-006
   1024   1068  5.908511747959219E-003 -3.121202602019616E-003  4.465241675862613E-005  1.580598276026561E-007
   1024   1069 -4.518289535307014E-003  2.605650571158324E-002  6.993564302226347E-004  2.486783383560556E-006
   1024   1070  3.726999122546822E-002  2.605512803971663E-002  2.067921943112506E-003  7.370846509995758E-006
   1024   1071  2.591191986172440E-002 -7.824345604898328E-003  7.326479750653193E-004  2.624729796191659E-006
   1024   1072 -2.937794969110433E-002 -5.630790437889934E-003  8.947697290084897E-004  3.316376128532862E-006
   1024   1073  1.971285167548131E-002  5.658838615751855E-003  4.206189756586506E-004  1.565722859197071E-006
   1024   1074  2.463155597539817E-002 -9.350413046630413E-003  6.941437739117693E-004  2.587387214567906E-006
   1024   1075 -2.270998182698446E-002 -8.254785726870969E-003  5.838847619785171E-004  2.182435777824566E-006
   1024   1076  2.112868954638724E-002  3.823643683804893E-002  1.908446624017719E-003  7.177556092986501E-006
   1024   1077  3.688501682541865E-003  5.790745284175352E-004  1.394037197157616E-005  5.262119788959043E-008
   1024   1078 -7.782285783608322E-003  3.151850984310499E-002  1.053980434747658E-003  4.002303541537497E-006
   1024   1079 -2.453548653379795E-002 -7.962093811167909E-004  6.026240488287588E-004  2.299752664677193E-006
   1024   1080 -3.114818012488102E-002  1.544791134769353E-002  1.208847090098232E-003  4.634248391894848E-006
   1024   1081 -7.201237738232084E-003 -1.257238548252884E-002  2.099227016838398E-004  8.186290507953799E-007
   1024   1082 -8.950342624217990E-003  4.669430755687219E-002  2.260466991306665E-003  8.873087099479084E-006
   1024   1083  9.072833148159778E-003  1.926385529214434E-002  4.534124220510245E-004  1.791159078274645E-006
   1024   1084  5.621179130758625E-003 -9.251714530634461E-003  1.171918765764291E-004  4.637374734525031E-007
   1024   1085  1.568846704483799E-002 -3.277040031651592E-002  1.320027135121674E-003  5.439499391666347E-006
   1024   1086  1.026684872083796E-002 -2.976009249587297E-003  1.142648137102012E-004  4.733789481561965E-007
   1024   1087 -3.372712801777840E-002  2.117558181788140E-002  1.585924429653402E-003  6.648223553746700E-006
   1024   1088 -1.091141569396943E-002  8.534947395887582E-003  1.919043194971705E-004  8.058794851535792E-007
