# Total number of k-points, k-point index, spin index Format : '(3i10)'
        27        12         1
# Cell volume (a.u.)^3. Format: '(a51, ES24.15E3)'   7.062330632076545E+004
# Total number of <f|i> elements, Initial States (bandI, bandF), Final States (bandI, bandF) Format : '(5i10)'
        64      1025      1088      1024      1024
# Final Band, Initial Band, Complex <f|i>, |<f|i>|^2, |dE*<f|i>|^2 (Hartree^2) Format : '(2i10,3ES24.15E3)'
   1024   1025  2.941057142639429E-002 -4.172774661955682E-002  2.606186549572976E-003  2.642290348295991E-006
   1024   1026  2.704654846682587E-002 -8.510246450739928E-002  7.973945249201515E-003  8.274472390761212E-006
   1024   1027  6.027052009245391E-002  4.869679639838573E-002  6.003913571680725E-003  6.492946608662822E-006
   1024   1028 -1.787380311759430E-002  9.180122154904814E-003  4.037474806654979E-004  4.398618009744521E-007
   1024   1029  6.529740096271033E-002  5.985116948774413E-002  7.845913061535637E-003  8.589626187376777E-006
   1024   1030 -3.190761561382529E-003  2.028794749402664E-002  4.217817728619779E-004  5.723892407325212E-007
   1024   1031  4.485786771331705E-002 -7.342213159845332E-002  7.403037704246050E-003  1.024952188111930E-005
   1024   1032 -5.423549890816144E-002  5.940050067246364E-002  6.469908821956534E-003  9.189507780347402E-006
   1024   1033 -3.200767663906043E-003 -2.680973453411488E-003  1.743253229620367E-005  2.499404027399941E-008
   1024   1034 -5.030141646369409E-002 -3.244514727681319E-002  3.582920080068094E-003  5.478056206510733E-006
   1024   1035 -9.529374803959147E-004  3.900027081436737E-003  1.611830107748326E-005  2.631398198956702E-008
   1024   1036  1.390584428619648E-002  2.462688040695935E-002  7.998557438906216E-004  1.341874286411355E-006
   1024   1037 -1.029349139876905E-002  2.985917453381807E-002  9.975262690175423E-004  1.861411413769974E-006
   1024   1038  2.571134593051746E-002 -2.786192927921505E-002  1.437360412718718E-003  2.692336637000976E-006
   1024   1039  7.493884686712947E-002 -7.602939182860180E-004  5.616408816617262E-003  1.081648989074849E-005
   1024   1040 -4.088560209651556E-003 -9.116431227918788E-003  9.982564292131884E-005  1.956189112954205E-007
   1024   1041 -4.184293461488570E-003 -3.086648761534455E-003  2.703571234893818E-005  6.187986965995971E-008
   1024   1042  2.543939334469315E-003 -8.862905569177579E-003  8.502272246561911E-005  1.953147202083031E-007
   1024   1043 -3.590192215196306E-002  4.682101052278261E-002  3.481155040580135E-003  8.052485842745788E-006
   1024   1044 -2.473499234622858E-002 -1.154477019109339E-002  7.451015651331451E-004  1.769672489374775E-006
   1024   1045  2.041707913447257E-003 -3.682796505953799E-003  1.773156130809866E-005  4.229938603617344E-008
   1024   1046  1.848654078630487E-002  5.433215910263138E-002  3.293735702997364E-003  7.894970838019444E-006
   1024   1047  7.478059014206101E-003  7.250935536445028E-003  1.084974327736305E-004  2.615821560344992E-007
   1024   1048  5.301133562011369E-002  2.868465618661787E-002  3.633011204772809E-003  8.835158967374479E-006
   1024   1049 -5.237289566063495E-002 -5.646966176710075E-003  2.774808426880662E-003  6.815887551914138E-006
   1024   1050  8.645184538059104E-003  1.103410383265364E-003  7.595673017099404E-005  1.873684071282774E-007
   1024   1051  3.627527512739176E-004  8.386459909767108E-003  7.046429937668773E-005  1.744323252355151E-007
   1024   1052  2.712168144090817E-002  8.749755414326869E-003  8.121438239926453E-004  2.012256195297966E-006
   1024   1053 -2.515706319896603E-003  2.607403162418173E-003  1.312732953935600E-005  3.273369503712564E-008
   1024   1054  3.023414504190055E-002  5.096217268945294E-002  3.511246571644302E-003  8.795324175675049E-006
   1024   1055  1.443171372883800E-002 -5.163549458168197E-004  2.085409835812006E-004  5.403427929324229E-007
   1024   1056 -1.254605662654004E-002  2.382120538392251E-002  7.248533628193682E-004  2.028238795511685E-006
   1024   1057 -2.497776565226714E-002  1.481580750247150E-002  8.433969289298670E-004  2.362694253409590E-006
   1024   1058 -1.916958119042173E-002 -1.418543515362596E-002  5.686994135138979E-004  1.617774081614391E-006
   1024   1059  1.899457440804476E-003 -9.786981161883250E-003  9.939293883248509E-005  2.834993352307871E-007
   1024   1060 -5.574939359680822E-002  1.228531712633972E-002  3.258923903306577E-003  9.383453221041583E-006
   1024   1061 -7.303215446362282E-003  6.922248324678495E-003  1.012544777244989E-004  2.936858662666215E-007
   1024   1062  4.947071085917173E-003 -4.935875903637579E-002  2.460760605940127E-003  7.419095349210799E-006
   1024   1063 -5.390635929439888E-004 -2.964014660688135E-002  8.788288804346576E-004  2.683460657038009E-006
   1024   1064 -3.356298263455230E-002  1.063920690184237E-002  1.239666526827469E-003  4.013298205400508E-006
   1024   1065 -2.448288545891224E-003 -3.502457778924239E-002  1.232715166118634E-003  4.042990874946257E-006
   1024   1066 -3.431877003911556E-002  4.997930200971456E-003  1.202757283291479E-003  4.148257640638711E-006
   1024   1067  2.192502408874520E-002 -1.035985750204820E-002  5.880333287548016E-004  2.031219766764118E-006
   1024   1068 -2.522142670005377E-002 -5.197947854340158E-003  6.631390266826245E-004  2.347367686735903E-006
   1024   1069 -7.179697345443855E-003 -4.828814661118085E-003  7.486550500360248E-005  2.662080247090859E-007
   1024   1070 -5.770060204428872E-003 -4.346201719827131E-002  1.922240533705565E-003  6.851583531336265E-006
   1024   1071  5.572421081716171E-003 -2.904927512848648E-002  8.749122622024580E-004  3.134395182922921E-006
   1024   1072 -1.233723293765121E-003 -2.184433259751862E-002  4.786969397965930E-004  1.774243196288252E-006
   1024   1073 -4.736312524693062E-004 -1.297142185296567E-002  1.684821114509109E-004  6.271621313911819E-007
   1024   1074  1.213448652162910E-002 -2.342219772957259E-002  6.958451096267937E-004  2.593728860926322E-006
   1024   1075 -2.326867639882233E-003 -3.541252541240551E-002  1.259461269097797E-003  4.707595596952312E-006
   1024   1076  6.510673092326090E-003 -1.709577907665089E-002  3.346545263527935E-004  1.258616093552793E-006
   1024   1077 -3.786632982146435E-004  3.985852692201614E-002  1.588845554286500E-003  5.997469544093613E-006
   1024   1078 -2.266270504738094E-002 -2.304583852711156E-002  1.044708873482285E-003  3.967096434012739E-006
   1024   1079 -1.854186036251393E-002 -3.086010695134397E-002  1.296146786751354E-003  4.946395737628355E-006
   1024   1080  1.820789283857280E-002 -1.316055364557829E-002  5.047275338790947E-004  1.934928562310344E-006
   1024   1081 -2.793926201775577E-003  4.176895844165286E-003  2.525248251397334E-005  9.847632307065791E-008
   1024   1082  2.429781452888656E-003  5.114417945803167E-002  2.621630930344150E-003  1.029077605502590E-005
   1024   1083 -1.297931386581606E-002  1.211690987087388E-002  3.152820932462459E-004  1.245489439865031E-006
   1024   1084  8.582922932224476E-003  5.353849201775997E-003  1.023302673358623E-004  4.049289167403378E-007
   1024   1085 -3.606184742518078E-002  3.336550818684546E-005  1.300457952974154E-003  5.358859720530537E-006
   1024   1086 -2.482340336859337E-003 -1.078918181898413E-002  1.225684578710967E-004  5.077794797945406E-007
   1024   1087  4.424423052627295E-003 -1.175779570504561E-002  1.578212791902088E-004  6.615896230920056E-007
   1024   1088  8.444263282890534E-003 -3.280334854444459E-002  1.147365258119088E-003  4.818224654325297E-006
