# Total number of k-points, k-point index, spin index Format : '(3i10)'
        27        12         2
# Cell volume (a.u.)^3. Format: '(a51, ES24.15E3)'   7.062330632076545E+004
# Total number of <f|i> elements, Initial States (bandI, bandF), Final States (bandI, bandF) Format : '(5i10)'
        64      1025      1088      1024      1024
# Final Band, Initial Band, Complex <f|i>, |<f|i>|^2, |dE*<f|i>|^2 (Hartree^2) Format : '(2i10,3ES24.15E3)'
   1024   1025 -2.922725812448151E-001 -5.589076608266258E-002  8.854703948081394E-002  8.977369169090152E-005
   1024   1026 -5.052992659829473E-001  4.881398891801331E-002  2.577101537169932E-001  2.711895967361045E-004
   1024   1027  7.605316847468199E-002 -2.756857382040409E-001  8.178671068414532E-002  8.843469002597200E-005
   1024   1028  5.022502358988009E-003  4.970381192397929E-003  4.993021914378317E-005  5.426474967303449E-008
   1024   1029  1.266457876654786E-001 -3.652504387096743E-001  1.494470385110191E-001  1.766974680140087E-004
   1024   1030  4.311179711971305E-002 -2.814272165088455E-002  2.650639832810464E-003  3.591593439132413E-006
   1024   1031 -1.319990037186697E-001 -2.256562676491647E-002  1.793294449401490E-002  2.487783754082468E-005
   1024   1032  1.321897261656651E-001  4.448356861471593E-002  1.945291158045366E-002  2.757416402717118E-005
   1024   1033 -1.749781980594448E-002 -2.549435069104023E-002  9.561356151190463E-004  1.399122327124441E-006
   1024   1034 -1.205567406157295E-002  7.325603375197294E-002  5.511785758149081E-003  8.557875933235063E-006
   1024   1035  2.878416064020365E-003  8.520108086936164E-004  9.011201455741241E-006  1.470097368109330E-008
   1024   1036  2.604681901429647E-002 -3.405550450840957E-002  1.838214168085821E-003  3.084580337909751E-006
   1024   1037  2.680290938263665E-002 -2.021783429895894E-003  7.224835596112334E-004  1.346765427374729E-006
   1024   1038 -3.028646084189836E-002 -1.067501627889156E-002  1.031225682882442E-003  1.927614130814538E-006
   1024   1039 -3.055048867666266E-002 -6.841835723754736E-002  5.614403965467541E-003  1.080164298604879E-005
   1024   1040 -6.445529698533901E-003  5.890658999304597E-003  7.624471654077075E-005  1.502568930186622E-007
   1024   1041 -3.315258090017039E-004  5.041821906913294E-003  2.552987750306504E-005  5.833019902138024E-008
   1024   1042 -2.468369596294105E-003 -4.793468954267654E-004  6.322621910064400E-006  1.451015844256292E-008
   1024   1043  6.072932041914659E-002  1.357883102584545E-002  3.872435010599838E-003  8.976779132888073E-006
   1024   1044 -4.961153608643213E-003  4.398343299170523E-002  1.959155422864377E-003  4.658972266115717E-006
   1024   1045  1.404589645212650E-002  4.505401603131132E-004  1.974901935799149E-004  4.705394423624583E-007
   1024   1046  5.015189784949417E-002 -4.536778465995252E-002  4.573448742857920E-003  1.095327826692902E-005
   1024   1047 -5.803931696887482E-004 -2.636975283693241E-003  7.290494878230398E-006  1.757181524632219E-008
   1024   1048  4.498452844574697E-003 -4.846146306838756E-002  2.368749480723554E-003  5.752032199063436E-006
   1024   1049  1.484399400371784E-002  4.782878699914701E-002  2.507937023792185E-003  6.146919146724052E-006
   1024   1050  4.991814095580262E-004  6.063274000223745E-003  3.701247368143760E-005  9.129416807685817E-008
   1024   1051  5.293942060162335E-003 -1.742257240650762E-003  3.106128282895583E-005  7.684510671777744E-008
   1024   1052  2.532097964324239E-003 -2.546906836189479E-002  6.550849633238053E-004  1.622641688307617E-006
   1024   1053 -3.999825031706692E-003 -2.277639823752432E-003  2.118624345101045E-005  5.277394014427925E-008
   1024   1054  2.536085449636112E-002 -3.902277022897929E-002  2.165949537129313E-003  5.465809741230876E-006
   1024   1055 -6.943160864786226E-003 -1.507347927892837E-002  2.754172603665819E-004  7.138448191435295E-007
   1024   1056  2.157120102633334E-002  4.809159585100952E-003  4.884447296334529E-004  1.364514189929172E-006
   1024   1057  1.940370906472059E-002  1.047707622720972E-002  4.862730517390830E-004  1.359355253906637E-006
   1024   1058 -4.076042448977525E-003  1.159394989745758E-002  1.510337962706233E-004  4.294551505636156E-007
   1024   1059  6.017586549692481E-004  2.698411147641939E-003  7.643536200548683E-006  2.178025927031232E-008
   1024   1060  2.765270066903590E-002  3.855645974093973E-002  2.251272442046005E-003  6.482040493722241E-006
   1024   1061  7.939289118004020E-003  3.021026729977323E-003  7.215891420249452E-005  2.098411723461346E-007
   1024   1062 -3.936944205749023E-002  8.273557191425113E-003  1.618404716517862E-003  4.876332267829712E-006
   1024   1063 -2.409801504661292E-002  1.868867714680544E-002  9.299809826843106E-004  2.842294366317213E-006
   1024   1064  1.339547992666811E-002  1.551870624729974E-002  4.202691260557484E-004  1.359177553324583E-006
   1024   1065 -2.707703068665612E-002  1.397352232716479E-002  9.284249170338902E-004  3.043363268317405E-006
   1024   1066  1.892072214108422E-002  2.184946884657001E-002  8.353930152173480E-004  2.878512592185924E-006
   1024   1067 -1.800856270420973E-002 -2.471104001239509E-002  9.349438291656449E-004  3.224577181256182E-006
   1024   1068  1.935595377314668E-004  2.231724903347591E-002  4.980970697168282E-004  1.762089673284231E-006
   1024   1069  1.119162541836358E-002  1.065619434938619E-002  2.388069575168518E-004  8.483500687728768E-007
   1024   1070 -2.765132835218508E-002  1.920037622939100E-002  1.133250406990517E-003  4.035560387213896E-006
   1024   1071 -3.001994240848974E-002  3.361366406830067E-003  9.124957263300066E-004  3.269629357811957E-006
   1024   1072 -1.256754315200110E-002  6.365041666122277E-003  1.984568962888824E-004  7.348458553364392E-007
   1024   1073 -7.882037457060360E-003  5.123866953406343E-003  8.838052703071215E-005  3.285008832603446E-007
   1024   1074 -2.069915078351884E-002 -6.712285088302928E-003  4.735096142655025E-004  1.762277784875561E-006
   1024   1075 -1.644931487290469E-002  1.213483412949155E-002  4.178341591382363E-004  1.559753646029560E-006
   1024   1076 -2.332488578689098E-002 -1.037553587205162E-002  6.517020416037387E-004  2.450278761743090E-006
   1024   1077  2.725395688277121E-002 -1.700972907305014E-002  1.032109048906519E-003  3.891018048637138E-006
   1024   1078 -7.392713049949958E-003  1.798782811217072E-002  3.782141664318998E-004  1.434979652345456E-006
   1024   1079 -1.117420085016901E-002  2.154000870302095E-002  5.888347395661363E-004  2.244719521334570E-006
   1024   1080 -1.582140902073244E-002 -1.617773162401638E-002  5.120359839000134E-004  1.964998542425506E-006
   1024   1081  3.917102565895060E-003 -6.817945347749095E-003  6.182807127663519E-005  2.408095873514552E-007
   1024   1082  3.423499415818941E-002 -1.688547951191843E-002  1.457154243358680E-003  5.720057535018466E-006
   1024   1083  2.067883466726316E-002  1.500814634664367E-002  6.528586599582783E-004  2.578467503140626E-006
   1024   1084 -3.162509099840168E-003 -1.155951500126426E-002  1.436238508710253E-004  5.707768634577035E-007
   1024   1085  7.208791999078867E-003  1.695277359809130E-002  3.393632147541248E-004  1.396467314254034E-006
   1024   1086 -9.995078915113031E-003  7.345534432165209E-003  1.538584786134618E-004  6.366829622018371E-007
   1024   1087 -6.255694821950999E-003 -1.126243055383242E-003  4.040214112518353E-005  1.691222686278515E-007
   1024   1088 -2.196424630801691E-002  3.783377503426787E-003  4.967420612126703E-004  2.085466927245216E-006
