# Total number of k-points, k-point index, spin index Format : '(3i10)'
        27        17         1
# Cell volume (a.u.)^3. Format: '(a51, ES24.15E3)'   7.062330632076545E+004
# Total number of <f|i> elements, Initial States (bandI, bandF), Final States (bandI, bandF) Format : '(5i10)'
        64      1025      1088      1024      1024
# Final Band, Initial Band, Complex <f|i>, |<f|i>|^2, |dE*<f|i>|^2 (Hartree^2) Format : '(2i10,3ES24.15E3)'
   1024   1025 -1.998719405761305E-002  7.986304873434356E-003  4.632689918281238E-004  4.696867098684218E-007
   1024   1026  6.398199868467170E-004  2.667379046322331E-002  7.119004672915111E-004  7.232387021660672E-007
   1024   1027 -5.306003215666644E-002 -9.794675836211930E-002  1.240893448611386E-002  1.260869917549773E-005
   1024   1028 -2.760475614538689E-002  4.282218167521097E-002  2.595761805271049E-003  2.805097130519589E-006
   1024   1029 -5.461734630851096E-002 -8.075092654604971E-002  9.503766655829332E-003  1.046891866223951E-005
   1024   1030  2.122148629489823E-002  2.531784603102877E-002  1.091344808215433E-003  1.208526224060416E-006
   1024   1031 -1.327402309041343E-002 -4.655142572728060E-002  2.343234926247351E-003  3.501415567398331E-006
   1024   1032  8.799976996188548E-003 -2.671139687981030E-002  7.909383184041873E-004  1.196440520888545E-006
   1024   1033 -4.016230370630897E-002  5.168179672012571E-002  4.284018751218195E-003  6.492067532364028E-006
   1024   1034 -3.601416085445181E-003 -2.920301149510112E-002  8.657860782035114E-004  1.386823798802772E-006
   1024   1035 -4.055502631011192E-003 -9.776250174112649E-004  1.740285226480707E-005  2.788797191747825E-008
   1024   1036  2.288175585769718E-002 -9.266284458387684E-004  5.244333914078969E-004  8.429687440780985E-007
   1024   1037 -3.686171090932598E-002 -1.483063203617012E-002  1.578733377754998E-003  2.562667819184540E-006
   1024   1038 -3.163248495005718E-002  3.632833619356701E-002  2.320362114708425E-003  3.808456344694868E-006
   1024   1039  1.626739044621247E-002 -6.169950850547721E-002  4.071457341746979E-003  6.689722484891758E-006
   1024   1040  4.906440368841045E-002 -2.827318059870736E-002  3.206688450466427E-003  5.332441280674603E-006
   1024   1041  3.036431344230214E-002  4.077806488664868E-002  2.584842106722100E-003  4.316605288956813E-006
   1024   1042  4.567690582363415E-002 -1.223290983810160E-002  2.236023808728266E-003  3.760395624153715E-006
   1024   1043  2.842779734600307E-003  1.779196711948352E-002  3.246354906002369E-004  5.801210387703829E-007
   1024   1044 -1.048333384689377E-002 -9.778940246260734E-003  2.055279608853665E-004  3.700597471329908E-007
   1024   1045  3.467952084997410E-002  6.569887808332060E-002  5.519011747790812E-003  9.957614222374742E-006
   1024   1046  4.388939875001246E-003 -1.071188511600870E-002  1.340072759649447E-004  2.431306046584345E-007
   1024   1047 -4.512111446538146E-003  9.472068091353597E-003  1.100792236332195E-004  1.998547595660672E-007
   1024   1048 -2.372320608669220E-003 -1.516612294924203E-002  2.356391903818423E-004  4.302973949433702E-007
   1024   1049 -2.275863197448394E-002  7.968098525220624E-002  6.867014740112309E-003  1.284454076307053E-005
   1024   1050  2.271516518025693E-002  3.285017798210353E-003  5.267700711009158E-004  9.936516137572651E-007
   1024   1051  3.102816839964282E-003 -3.445404455011695E-002  1.196708658203809E-003  2.276336550931309E-006
   1024   1052  4.123819453017397E-002 -1.345426798973509E-002  1.881606015248081E-003  4.217399075463947E-006
   1024   1053 -1.089956023486168E-002  2.605857504311450E-002  7.978497465910080E-004  1.802620447227521E-006
   1024   1054  4.746454427891326E-004  6.086428830779860E-002  3.704686879511190E-003  8.396064287882403E-006
   1024   1055 -2.411625705752695E-002  6.061876069718441E-003  6.183401959493435E-004  1.679781574485032E-006
   1024   1056 -2.994731409310080E-003  1.072973870273218E-002  1.240957088428171E-004  3.403662371442907E-007
   1024   1057  8.237317918020126E-003 -3.613290445872721E-002  1.373440191106044E-003  3.772514960834335E-006
   1024   1058  1.983498476990766E-002 -1.209487947916628E-002  5.397127304380265E-004  1.498297101102009E-006
   1024   1059 -4.112293275220768E-002 -1.164916799776690E-002  1.826798713182791E-003  5.087764017224625E-006
   1024   1060  4.526576907144910E-002  2.889683423953444E-002  2.884016878696887E-003  8.047905639285571E-006
   1024   1061 -7.505885658506663E-003  3.171830545052549E-002  1.062389220171411E-003  2.991648891070776E-006
   1024   1062 -1.573653221745575E-002  3.401413399778939E-002  1.404599757850595E-003  4.005265270571109E-006
   1024   1063  3.516882934500215E-003  2.147172880924048E-002  4.734036036325464E-004  1.358370474308161E-006
   1024   1064 -2.815594362189144E-002 -7.824533175387916E-003  8.539804806518752E-004  2.617734425064324E-006
   1024   1065 -1.879095645308291E-002 -3.260629794517508E-002  1.416270710111187E-003  4.367296795222449E-006
   1024   1066 -2.996333626730936E-002  2.113699105855064E-002  1.344573911277106E-003  4.147389471368633E-006
   1024   1067 -8.646470301798105E-003  2.726342954105785E-002  8.180560390201022E-004  2.755625400964642E-006
   1024   1068  1.574613048588901E-002  2.767042237734017E-003  2.555971480240473E-004  9.089548035370647E-007
   1024   1069 -6.413438423583676E-003  2.858195541135341E-002  8.580603675496938E-004  3.080452546498676E-006
   1024   1070  1.765325102467755E-002  1.520489964740410E-002  5.428262450279084E-004  1.949855027037975E-006
   1024   1071 -1.370434809108918E-003 -2.718294003179569E-002  7.407903203382180E-004  2.685691795653601E-006
   1024   1072  4.828708568489034E-002  6.491499574724814E-003  2.373782210668594E-003  8.629723238117183E-006
   1024   1073  1.957638404149705E-002  2.839538798972848E-002  1.189532871227397E-003  4.334265615658399E-006
   1024   1074 -2.293401894380062E-002 -2.642957710216639E-002  1.224491770713964E-003  4.509059912577798E-006
   1024   1075  4.895880542100261E-003 -6.523972108831147E-003  6.653185835932267E-005  2.450909911520740E-007
   1024   1076 -6.810160194972699E-003  2.249915734420747E-002  5.525903630805954E-004  2.046849476291590E-006
   1024   1077  1.453907136982442E-002  2.911334546715146E-002  1.058971480586556E-003  4.006144642481185E-006
   1024   1078  2.376192705119966E-002  1.185478300010032E-002  7.051650571660018E-004  2.679650959407362E-006
   1024   1079  2.173662663437689E-002 -3.443302749993883E-003  4.843372712704180E-004  1.843442982528571E-006
   1024   1080  2.399168614852423E-002  7.316881693690458E-003  6.291377619687522E-004  2.578877116624994E-006
   1024   1081  2.903545751703507E-003  4.030316137494670E-002  1.632775394747231E-003  6.752833615324977E-006
   1024   1082 -9.063419345210152E-003 -1.035940694758271E-002  1.894628825327546E-004  7.862953955564748E-007
   1024   1083 -2.334782418732216E-002  6.057299379822391E-003  5.818117700589023E-004  2.415603052887155E-006
   1024   1084  2.240240758930817E-002 -9.772723068204989E-003  5.973739819653182E-004  2.521750145805495E-006
   1024   1085  3.784566221610890E-003  1.202704239163574E-003  1.576943897266016E-005  6.681912287673632E-008
   1024   1086 -3.801292242049752E-002 -3.672364787529562E-003  1.458468534079450E-003  6.191389002338684E-006
   1024   1087  2.140580546052850E-002 -2.751026139795349E-002  1.215022989597722E-003  5.204293211515261E-006
   1024   1088 -5.803227206134300E-003 -4.021268648306656E-003  4.984804754787136E-005  2.139080178189201E-007
