unknown system                          
Point 1:  0.10002  1.05573  0.45869
Point 2:  0.89999  0.05558  0.45868
181
  0.000000E+00   2.712701E-03
  1.157907E-01   3.369288E-03
  2.315829E-01   4.206241E-03
  3.473736E-01   4.199118E-03
  4.631642E-01   3.302662E-03
  5.789565E-01   2.176052E-03
  6.947471E-01   1.340341E-03
  8.105394E-01   8.244446E-04
  9.263300E-01   4.990954E-04
  1.042121E+00   2.923642E-04
  1.157913E+00   1.576420E-04
  1.273704E+00   7.281585E-05
  1.389495E+00   2.494528E-05
  1.505286E+00   3.664521E-06
  1.621077E+00   2.899759E-06
  1.736869E+00   1.935188E-05
  1.852660E+00   5.132566E-05
  1.968451E+00   9.846633E-05
  2.084242E+00   1.614361E-04
  2.200034E+00   2.405564E-04
  2.315825E+00   3.361187E-04
  2.431616E+00   4.426898E-04
  2.547407E+00   5.481512E-04
  2.663199E+00   6.102392E-04
  2.778990E+00   5.601701E-04
  2.894781E+00   3.213043E-04
  3.010572E+00   7.432568E-05
  3.126364E+00   1.025619E-04
  3.242154E+00   5.351797E-04
  3.357946E+00   1.092946E-03
  3.473737E+00   1.350989E-03
  3.589529E+00   1.271674E-03
  3.705320E+00   1.032793E-03
  3.821111E+00   7.661626E-04
  3.936902E+00   5.348828E-04
  4.052694E+00   3.582394E-04
  4.168484E+00   2.307974E-04
  4.284276E+00   1.363539E-04
  4.400067E+00   7.085416E-05
  4.515858E+00   2.924761E-05
  4.631649E+00   6.507336E-06
  4.747441E+00   2.925252E-07
  4.863232E+00   8.768671E-06
  4.979024E+00   3.075727E-05
  5.094814E+00   6.608600E-05
  5.210606E+00   1.147661E-04
  5.326397E+00   1.748300E-04
  5.442188E+00   2.435155E-04
  5.557980E+00   3.118160E-04
  5.673771E+00   3.641546E-04
  5.789562E+00   3.818044E-04
  5.905354E+00   3.560474E-04
  6.021144E+00   2.800123E-04
  6.136936E+00   1.680273E-04
  6.252728E+00   6.041901E-05
  6.368518E+00   3.576407E-06
  6.484309E+00   1.704878E-05
  6.600101E+00   7.847406E-05
  6.715891E+00   1.535719E-04
  6.831683E+00   2.114513E-04
  6.947474E+00   2.378779E-04
  7.063265E+00   2.372942E-04
  7.179057E+00   2.156152E-04
  7.294848E+00   1.821456E-04
  7.410639E+00   1.445867E-04
  7.526431E+00   1.080384E-04
  7.642221E+00   7.683865E-05
  7.758013E+00   5.006083E-05
  7.873804E+00   2.836566E-05
  7.989595E+00   1.227392E-05
  8.105388E+00   2.630816E-06
  8.221178E+00   2.878489E-07
  8.336968E+00   5.552353E-06
  8.452761E+00   1.920995E-05
  8.568551E+00   4.148769E-05
  8.684343E+00   7.106001E-05
  8.800135E+00   1.042512E-04
  8.915926E+00   1.366908E-04
  9.031716E+00   1.621028E-04
  9.147508E+00   1.741539E-04
  9.263299E+00   1.685740E-04
  9.379090E+00   1.498190E-04
  9.494882E+00   1.215057E-04
  9.610672E+00   9.020854E-05
  9.726464E+00   6.070164E-05
  9.842255E+00   3.528930E-05
  9.958046E+00   1.771479E-05
  1.007384E+01   6.589893E-06
  1.018963E+01   5.394998E-06
  1.030542E+01   1.400792E-05
  1.042121E+01   2.881282E-05
  1.053700E+01   4.802691E-05
  1.065279E+01   6.741308E-05
  1.076859E+01   8.367708E-05
  1.088438E+01   9.447522E-05
  1.100017E+01   9.879172E-05
  1.111596E+01   9.787287E-05
  1.123175E+01   9.095874E-05
  1.134754E+01   7.945293E-05
  1.146333E+01   6.542398E-05
  1.157912E+01   5.101944E-05
  1.169491E+01   3.790879E-05
  1.181071E+01   2.700329E-05
  1.192650E+01   1.854735E-05
  1.204229E+01   1.235620E-05
  1.215808E+01   8.013374E-06
  1.227387E+01   5.036137E-06
  1.238966E+01   3.092691E-06
  1.250545E+01   1.823897E-06
  1.262125E+01   9.822294E-07
  1.273704E+01   4.141205E-07
  1.285283E+01   1.168148E-07
  1.296862E+01   5.713022E-08
  1.308441E+01   3.111404E-07
  1.320020E+01   1.041603E-06
  1.331599E+01   2.516124E-06
  1.343178E+01   5.328498E-06
  1.354757E+01   9.996423E-06
  1.366337E+01   1.745807E-05
  1.377916E+01   2.875449E-05
  1.389495E+01   4.478764E-05
  1.401074E+01   6.781821E-05
  1.412653E+01   9.693058E-05
  1.424232E+01   1.303247E-04
  1.435811E+01   1.635412E-04
  1.447390E+01   1.905157E-04
  1.458970E+01   2.081494E-04
  1.470549E+01   2.089701E-04
  1.482128E+01   1.945873E-04
  1.493707E+01   1.705612E-04
  1.505286E+01   1.427641E-04
  1.516865E+01   1.144153E-04
  1.528444E+01   8.919444E-05
  1.540023E+01   6.767722E-05
  1.551603E+01   5.162526E-05
  1.563182E+01   4.392091E-05
  1.574761E+01   4.423014E-05
  1.586340E+01   4.757366E-05
  1.597919E+01   4.710073E-05
  1.609498E+01   3.866562E-05
  1.621077E+01   2.422318E-05
  1.632656E+01   1.286061E-05
  1.644236E+01   1.129775E-05
  1.655815E+01   2.341825E-05
  1.667394E+01   5.049435E-05
  1.678973E+01   9.342447E-05
  1.690552E+01   1.579858E-04
  1.702131E+01   2.540259E-04
  1.713710E+01   3.925912E-04
  1.725289E+01   5.839386E-04
  1.736869E+01   8.166004E-04
  1.748448E+01   9.921779E-04
  1.760027E+01   9.459439E-04
  1.771606E+01   6.841022E-04
  1.783185E+01   3.571171E-04
  1.794764E+01   1.162280E-04
  1.806343E+01   1.747217E-05
  1.817922E+01   2.018736E-06
  1.829502E+01   5.605414E-06
  1.841081E+01   1.030895E-05
  1.852660E+01   1.334301E-05
  1.864239E+01   1.470867E-05
  1.875818E+01   1.454318E-05
  1.887397E+01   1.367577E-05
  1.898976E+01   1.264567E-05
  1.910555E+01   1.175011E-05
  1.922135E+01   1.109871E-05
  1.933714E+01   1.088455E-05
  1.945293E+01   1.115914E-05
  1.956872E+01   1.198564E-05
  1.968451E+01   1.345700E-05
  1.980030E+01   1.565722E-05
  1.991609E+01   1.897408E-05
  2.003188E+01   2.423155E-05
  2.014767E+01   3.264824E-05
  2.026347E+01   4.456877E-05
  2.037926E+01   6.320985E-05
  2.049505E+01   1.086211E-04
  2.061084E+01   1.908991E-04
  2.072663E+01   2.777306E-04
  2.084242E+01   3.110137E-04
