unknown system                          
Point 1:  0.10002  1.05573  0.45869
Point 2:  0.89999  0.05558  0.45868
181
  0.000000E+00   2.038616E-03
  1.157907E-01   1.677212E-03
  2.315829E-01   9.648917E-04
  3.473736E-01   3.817776E-04
  4.631642E-01   1.241175E-04
  5.789565E-01   6.986341E-05
  6.947471E-01   4.980874E-05
  8.105394E-01   3.151225E-05
  9.263300E-01   2.021520E-05
  1.042121E+00   1.341269E-05
  1.157913E+00   9.127079E-06
  1.273704E+00   6.434336E-06
  1.389495E+00   4.644095E-06
  1.505286E+00   3.415211E-06
  1.621077E+00   2.520920E-06
  1.736869E+00   1.827921E-06
  1.852660E+00   1.320544E-06
  1.968451E+00   9.429182E-07
  2.084242E+00   7.378218E-07
  2.200034E+00   8.670042E-07
  2.315825E+00   1.803977E-06
  2.431616E+00   5.601148E-06
  2.547407E+00   1.582313E-05
  2.663199E+00   3.818136E-05
  2.778990E+00   8.286466E-05
  2.894781E+00   1.941722E-04
  3.010572E+00   3.891431E-04
  3.126364E+00   5.863184E-04
  3.242154E+00   6.565684E-04
  3.357946E+00   5.666771E-04
  3.473737E+00   4.058952E-04
  3.589529E+00   2.693846E-04
  3.705320E+00   1.675448E-04
  3.821111E+00   9.916962E-05
  3.936902E+00   5.694112E-05
  4.052694E+00   3.205269E-05
  4.168484E+00   1.746619E-05
  4.284276E+00   8.841631E-06
  4.400067E+00   3.994215E-06
  4.515858E+00   1.499359E-06
  4.631649E+00   3.763025E-07
  4.747441E+00   5.257902E-08
  4.863232E+00   1.152724E-07
  4.979024E+00   3.125867E-07
  5.094814E+00   4.736092E-07
  5.210606E+00   5.067339E-07
  5.326397E+00   3.868564E-07
  5.442188E+00   1.676747E-07
  5.557980E+00   3.233136E-08
  5.673771E+00   3.667571E-07
  5.789562E+00   1.822818E-06
  5.905354E+00   5.131451E-06
  6.021144E+00   1.088115E-05
  6.136936E+00   1.910352E-05
  6.252728E+00   2.857202E-05
  6.368518E+00   3.674804E-05
  6.484309E+00   4.160216E-05
  6.600101E+00   4.208193E-05
  6.715891E+00   3.855468E-05
  6.831683E+00   3.261053E-05
  6.947474E+00   2.580915E-05
  7.063265E+00   1.967930E-05
  7.179057E+00   1.421764E-05
  7.294848E+00   9.781917E-06
  7.410639E+00   6.405103E-06
  7.526431E+00   3.935955E-06
  7.642221E+00   2.296587E-06
  7.758013E+00   1.169618E-06
  7.873804E+00   4.513036E-07
  7.989595E+00   8.852523E-08
  8.105388E+00   7.498279E-08
  8.221178E+00   5.347001E-07
  8.336968E+00   1.586142E-06
  8.452761E+00   3.510163E-06
  8.568551E+00   6.715031E-06
  8.684343E+00   1.174734E-05
  8.800135E+00   1.909484E-05
  8.915926E+00   2.912665E-05
  9.031716E+00   4.189118E-05
  9.147508E+00   5.680587E-05
  9.263299E+00   7.233427E-05
  9.379090E+00   8.582235E-05
  9.494882E+00   9.526758E-05
  9.610672E+00   9.901919E-05
  9.726464E+00   9.662780E-05
  9.842255E+00   8.905161E-05
  9.958046E+00   7.889624E-05
  1.007384E+01   6.678691E-05
  1.018963E+01   5.405592E-05
  1.030542E+01   4.203496E-05
  1.042121E+01   3.178827E-05
  1.053700E+01   2.382576E-05
  1.065279E+01   1.736067E-05
  1.076859E+01   1.226142E-05
  1.088438E+01   8.438025E-06
  1.100017E+01   5.725382E-06
  1.111596E+01   3.866926E-06
  1.123175E+01   2.526011E-06
  1.134754E+01   1.580364E-06
  1.146333E+01   9.460419E-07
  1.157912E+01   5.463728E-07
  1.169491E+01   3.148010E-07
  1.181071E+01   1.899083E-07
  1.192650E+01   1.321152E-07
  1.204229E+01   1.176780E-07
  1.215808E+01   1.372334E-07
  1.227387E+01   1.938779E-07
  1.238966E+01   3.040643E-07
  1.250545E+01   4.978116E-07
  1.262125E+01   8.198040E-07
  1.273704E+01   1.324939E-06
  1.285283E+01   2.113547E-06
  1.296862E+01   3.279655E-06
  1.308441E+01   4.967140E-06
  1.320020E+01   7.384998E-06
  1.331599E+01   1.081238E-05
  1.343178E+01   1.573531E-05
  1.354757E+01   2.263486E-05
  1.366337E+01   3.234173E-05
  1.377916E+01   4.560162E-05
  1.389495E+01   6.252981E-05
  1.401074E+01   8.362085E-05
  1.412653E+01   1.066733E-04
  1.424232E+01   1.286316E-04
  1.435811E+01   1.444363E-04
  1.447390E+01   1.489123E-04
  1.458970E+01   1.403589E-04
  1.470549E+01   1.176158E-04
  1.482128E+01   8.735679E-05
  1.493707E+01   5.755696E-05
  1.505286E+01   3.346553E-05
  1.516865E+01   1.680565E-05
  1.528444E+01   7.354340E-06
  1.540023E+01   4.863542E-06
  1.551603E+01   9.462588E-06
  1.563182E+01   1.927837E-05
  1.574761E+01   2.955470E-05
  1.586340E+01   3.586049E-05
  1.597919E+01   3.543247E-05
  1.609498E+01   2.863904E-05
  1.621077E+01   1.857535E-05
  1.632656E+01   9.322474E-06
  1.644236E+01   3.240180E-06
  1.655815E+01   5.574633E-07
  1.667394E+01   2.869940E-07
  1.678973E+01   1.393617E-06
  1.690552E+01   3.480290E-06
  1.702131E+01   6.541254E-06
  1.713710E+01   1.066762E-05
  1.725289E+01   1.515216E-05
  1.736869E+01   1.888476E-05
  1.748448E+01   2.574997E-05
  1.760027E+01   3.266703E-05
  1.771606E+01   2.920086E-05
  1.783185E+01   1.553976E-05
  1.794764E+01   3.296710E-06
  1.806343E+01   6.075717E-08
  1.817922E+01   1.367276E-06
  1.829502E+01   1.946982E-06
  1.841081E+01   2.314270E-06
  1.852660E+01   3.040423E-06
  1.864239E+01   4.155736E-06
  1.875818E+01   5.546379E-06
  1.887397E+01   7.230451E-06
  1.898976E+01   9.244770E-06
  1.910555E+01   1.164831E-05
  1.922135E+01   1.460121E-05
  1.933714E+01   1.857760E-05
  1.945293E+01   2.438012E-05
  1.956872E+01   3.302491E-05
  1.968451E+01   4.561734E-05
  1.980030E+01   6.266186E-05
  1.991609E+01   8.663456E-05
  2.003188E+01   1.222749E-04
  2.014767E+01   1.765153E-04
  2.026347E+01   2.604258E-04
  2.037926E+01   3.744901E-04
  2.049505E+01   4.730777E-04
  2.061084E+01   4.957528E-04
  2.072663E+01   4.390516E-04
  2.084242E+01   3.874637E-04
