# Cell volume (a.u.)^3. Format: '(a51, ES24.15E3)'   7.062330632076545E+004
# Total number of initial states, Initial states (bandI, bandF) Format : '(3i10)'
        64      1025      1088
# Temperature (K):   300.0
# Initial state, dEPlot (eV), Transition rate Format : '(i10, f10.5, ES24.15E3)'
      1025   1.03347   2.11751877317167E+009
      1026   1.03436   1.63399358268387E+009
      1027   1.03444   3.97742559392766E+010
      1028   1.06153   8.44125285979701E+009
      1029   1.07015   2.40862217286201E+010
      1030   1.07253   9.51088245146034E+009
      1031   1.21889   7.87050442534141E+009
      1032   1.22538   6.62622343042273E+009
      1033   1.22633   8.91962729815823E+009
      1034   1.25609   1.02917658544652E+009
      1035   1.25632   3.02909219267620E+008
      1036   1.25799   3.19150544814663E+009
      1037   1.26335   7.05218126002854E+009
      1038   1.26944   1.96348691645846E+009
      1039   1.27003   1.63163871707026E+010
      1040   1.27668   6.25426419847552E+009
      1041   1.27905   6.98627191745939E+009
      1042   1.28296   1.22170582945768E+010
      1043   1.31734   8.99241193040128E+008
      1044   1.32168   7.67701759043946E+008
      1045   1.32285   1.73183948252803E+010
      1046   1.32608   4.97556658358387E+008
      1047   1.32649   7.04040974082308E+007
      1048   1.32984   1.03264243484007E+009
      1049   1.34385   9.30841435704525E+009
      1050   1.34884   1.46863242306849E+010
      1051   1.35381   2.88921799651914E+009
      1052   1.45529   1.05847057449521E+010
      1053   1.46045   4.51942164378282E+009
      1054   1.46244   4.86859561739334E+009
      1055   1.58531   4.62568197688441E+007
      1056   1.59212   2.22345518662716E+009
      1057   1.59316   4.27520452334044E+009
      1058   1.60075   2.51135951642217E+008
      1059   1.60308   6.10536021263359E+008
      1060   1.60449   4.31622849930819E+008
      1061   1.61100   5.89279692037526E+009
      1062   1.62010   1.24596229797306E+010
      1063   1.62464   6.18343644260398E+009
      1064   1.67359   7.51056729097247E+009
      1065   1.67808   1.41481161564335E+009
      1066   1.67829   2.36956172398734E+009
      1067   1.74633   2.57812904586250E+009
      1068   1.78974   1.62732400409925E+007
      1069   1.79743   3.87078464097660E+009
      1070   1.79789   1.22114104789791E+009
      1071   1.80546   2.24429428025544E+009
      1072   1.80772   3.41382577305460E+009
      1073   1.80958   6.20608622781484E+009
      1074   1.81828   2.52893509296139E+009
      1075   1.81860   2.23461095459190E+009
      1076   1.82315   2.38119314458923E+009
      1077   1.84070   1.65165262370440E+009
      1078   1.84446   2.95010454723656E+009
      1079   1.84580   2.48256922989387E+009
      1080   1.90920   1.91690223111512E+009
      1081   1.91700   1.75471304214965E+009
      1082   1.92002   2.61115874114283E+009
      1083   1.92038   3.04037169323037E+009
      1084   1.93500   1.71831829673522E+009
      1085   1.93832   1.42029350957916E+009
      1086   1.93996   3.35031936365900E+009
      1087   1.94792   3.87360273138321E+009
      1088   1.94957   1.71364280004577E+008
