# Cell volume (a.u.)^3. Format: '(a51, ES24.15E3)'   7.062330632076545E+004
# Total number of initial states, Initial states (bandI, bandF) Format : '(3i10)'
        64      1025      1088
# Temperature (K):   300.0
# Initial state, dEPlot (eV), Transition rate Format : '(i10, f10.5, ES24.15E3)'
      1025   1.00204   2.75565889360085E+010
      1026   1.01217   6.22719202755043E+009
      1027   1.03046   1.92166368543748E+010
      1028   1.03377   1.36975929997798E+009
      1029   1.03597   2.50552214148206E+010
      1030   1.13803   2.46283045604250E+010
      1031   1.14810   2.04461796458217E+008
      1032   1.16112   2.05623702452331E+010
      1033   1.16595   9.46212668318891E+007
      1034   1.19961   1.13213191203057E+010
      1035   1.23505   3.30350094338743E+008
      1036   1.25018   2.29181344500263E+009
      1037   1.31107   3.10234416383213E+009
      1038   1.31329   4.53498501796923E+009
      1039   1.32976   4.11369948010848E+009
      1040   1.34017   1.37940161637796E+010
      1041   1.43744   2.56105834765930E+009
      1042   1.43980   2.55399391510287E+008
      1043   1.44432   2.60462768311103E+008
      1044   1.46175   1.06095917504161E+010
      1045   1.46467   3.80702409796645E+007
      1046   1.46784   1.03488044480931E+010
      1047   1.47173   7.28216283536629E+009
      1048   1.47753   4.44675847884097E+009
      1049   1.48425   6.13017198192060E+009
      1050   1.48710   2.82926600295649E+009
      1051   1.48949   1.02482102980165E+010
      1052   1.49010   1.66153980144924E+009
      1053   1.49441   1.57478793963610E+009
      1054   1.49750   3.77206440794835E+008
      1055   1.52073   6.25275121300419E+008
      1056   1.57501   4.57101136957034E+008
      1057   1.57585   4.46643306654239E+009
      1058   1.58693   7.46772549904042E+008
      1059   1.58887   1.32027033538808E+009
      1060   1.59573   8.91132656295097E+009
      1061   1.60110   1.58769351899938E+009
      1062   1.62974   5.75384391448092E+009
      1063   1.63924   4.72300047245133E+009
      1064   1.68388   3.88920639229307E+009
      1065   1.69397   3.77469620282281E+009
      1066   1.73365   2.40842202800857E+009
      1067   1.73489   3.17668229886325E+009
      1068   1.75458   1.39217553603483E+008
      1069   1.75824   2.18037724747287E+009
      1070   1.76019   6.44680025845203E+009
      1071   1.76434   2.28391607573047E+009
      1072   1.79224   2.78796188999111E+009
      1073   1.79582   1.31050597152668E+009
      1074   1.79694   2.16262765348136E+009
      1075   1.79924   1.81909044064969E+009
      1076   1.80438   5.94499476445728E+009
      1077   1.80744   4.34249915528622E+007
      1078   1.81244   3.28285181595743E+009
      1079   1.81660   1.87687207337680E+009
      1080   1.82042   3.76481526806465E+009
      1081   1.83488   6.53617654130776E+008
      1082   1.84046   7.03746111933305E+009
      1083   1.84590   1.41146899070562E+009
      1084   1.84734   3.64806193287305E+008
      1085   1.88238   4.10707826006733E+009
      1086   1.88705   3.55488069165998E+008
      1087   1.89742   4.93321843654821E+009
      1088   1.89897   5.96925927240342E+008
