# Cell volume (a.u.)^3. Format: '(a51, ES24.15E3)'   7.062330632076545E+004
# Total number of initial states, Initial states (bandI, bandF) Format : '(3i10)'
        64      1025      1088
# Temperature (K):   300.0
# Initial state, dEPlot (eV), Transition rate Format : '(i10, f10.5, ES24.15E3)'
      1025   1.00202   3.21068393522747E+010
      1026   1.01219   1.59650106771082E+009
      1027   1.03048   1.92995940029369E+010
      1028   1.03376   1.32417356315168E+009
      1029   1.03597   2.50450758955387E+010
      1030   1.13802   1.55454936174100E+008
      1031   1.14811   2.48497564069539E+010
      1032   1.16116   8.06953827280969E+009
      1033   1.16593   1.24873456023944E+010
      1034   1.19959   1.14188507569276E+010
      1035   1.23505   9.34705170212054E+008
      1036   1.25018   1.68006029765729E+009
      1037   1.31108   3.11205201052232E+009
      1038   1.31329   4.47493752971298E+009
      1039   1.32977   5.22859395999342E+008
      1040   1.34017   1.73314195714366E+010
      1041   1.43747   5.59800625648223E+009
      1042   1.43978   5.80512826941212E+009
      1043   1.44431   2.28382506064419E+009
      1044   1.46174   9.58002466452751E+007
      1045   1.46465   5.32098350298233E+007
      1046   1.46783   1.03412127887630E+010
      1047   1.47173   7.78756117667969E+008
      1048   1.47755   1.10731335500070E+010
      1049   1.48431   6.93540897096928E+008
      1050   1.48709   8.19594966905413E+009
      1051   1.48948   8.33580203081109E+009
      1052   1.49011   1.72726226855939E+009
      1053   1.49436   7.32031108834157E+008
      1054   1.49749   2.99209507403076E+009
      1055   1.52072   6.59548781540691E+008
      1056   1.57503   4.15728931475112E+008
      1057   1.57582   4.50713680802991E+009
      1058   1.58693   1.53967025468975E+009
      1059   1.58887   5.41422249713771E+008
      1060   1.59575   1.03759281345269E+010
      1061   1.60112   9.61933771555880E+007
      1062   1.62975   1.01929982392718E+010
      1063   1.63925   1.73981618745962E+008
      1064   1.68389   3.91717320342552E+009
      1065   1.69396   3.89439009579392E+009
      1066   1.73368   3.75313139832672E+008
      1067   1.73486   5.22275083162673E+009
      1068   1.75458   3.30107791678003E+008
      1069   1.75823   1.96335802617950E+009
      1070   1.76019   8.09882462651154E+009
      1071   1.76435   5.79143613391213E+008
      1072   1.79223   4.91764925940180E+009
      1073   1.79580   1.32438161634583E+008
      1074   1.79695   2.96767092447792E+009
      1075   1.79919   1.24314518171350E+007
      1076   1.80443   5.10977852492634E+009
      1077   1.80744   8.64950942303418E+008
      1078   1.81242   3.29688224584587E+009
      1079   1.81661   2.72154287154302E+008
      1080   1.82045   5.30751755720528E+009
      1081   1.83489   1.18134593654684E+009
      1082   1.84046   2.88303031356720E+008
      1083   1.84585   5.63712273952794E+009
      1084   1.84736   2.34342924013435E+009
      1085   1.88239   4.08291259996540E+009
      1086   1.88703   3.70985512369905E+008
      1087   1.89744   2.03055324799242E+007
      1088   1.89899   1.56186497758372E+009
