# Cell volume (a.u.)^3. Format: '(a51, ES24.15E3)'   7.062330632076545E+004
# Total number of initial states, Initial states (bandI, bandF) Format : '(3i10)'
        64      1025      1088
# Temperature (K):   300.0
# Initial state, dEPlot (eV), Transition rate Format : '(i10, f10.5, ES24.15E3)'
      1025   1.00613   2.84088823065687E+010
      1026   1.01020   2.88191391903761E+009
      1027   1.02777   2.26704508903501E+009
      1028   1.03348   1.05682688492373E+003
      1029   1.03394   2.65299535103491E+010
      1030   1.13836   1.44141945984254E+010
      1031   1.14622   5.02578831926715E+009
      1032   1.16162   1.91465917307333E+010
      1033   1.16317   7.44505711887279E+009
      1034   1.19581   1.64000655621061E+009
      1035   1.23421   1.96358646945259E+010
      1036   1.25646   3.09162971735564E+009
      1037   1.31192   6.16151294444975E+004
      1038   1.31440   9.79321045995804E+009
      1039   1.33484   1.09949643849201E+010
      1040   1.33719   2.93087942929652E+009
      1041   1.43848   3.37735146095306E+009
      1042   1.44063   2.96209549699781E+009
      1043   1.44411   1.22920160085460E+010
      1044   1.46101   9.50354372702616E+009
      1045   1.46307   1.00367187210775E+005
      1046   1.46631   1.12191859082755E+010
      1047   1.47202   1.72365789722017E+009
      1048   1.47806   3.12511601634144E+009
      1049   1.48485   5.03844823266278E+008
      1050   1.48531   9.73257821974002E+009
      1051   1.48868   3.96379392510433E+009
      1052   1.49246   1.31398089348699E+009
      1053   1.49573   2.62414071445754E+009
      1054   1.49722   7.06174037848585E+009
      1055   1.52607   7.48753316421940E+009
      1056   1.57519   1.48338335047395E+009
      1057   1.57572   2.24380029732243E+009
      1058   1.58532   4.30047702894005E+004
      1059   1.59072   8.04552099321448E+004
      1060   1.59696   6.79176484195922E+008
      1061   1.59996   1.17692274181356E+010
      1062   1.63195   4.31150586477693E+008
      1063   1.63742   7.87038287256184E+009
      1064   1.68294   9.20738012966992E+009
      1065   1.69486   2.13781391695267E+008
      1066   1.73312   3.75584226107012E+009
      1067   1.73343   1.79840503842245E+007
      1068   1.75332   5.24861901884521E+004
      1069   1.75879   5.04941803491101E+004
      1070   1.75930   9.23240534729382E+009
      1071   1.76203   1.57085373757971E+009
      1072   1.79340   2.24888257595221E+009
      1073   1.79531   2.22862306637388E+009
      1074   1.79606   4.35926532927256E+009
      1075   1.79820   4.41418124369512E+008
      1076   1.80156   1.26937906845271E+008
      1077   1.80681   8.78410220733256E+009
      1078   1.81018   6.38460489055701E+008
      1079   1.81736   2.02510824255397E+009
      1080   1.81946   6.42071115271383E+009
      1081   1.83642   1.45504782857201E+009
      1082   1.84133   6.00313945941747E+007
      1083   1.84591   5.95525799313850E+009
      1084   1.84611   3.67769373064816E+009
      1085   1.88108   3.84518560279107E+009
      1086   1.88876   1.31176244351869E+008
      1087   1.89873   4.02987897936316E+009
      1088   1.90019   5.69150026547937E+008
