# Cell volume (a.u.)^3. Format: '(a51, ES24.15E3)'   7.062330632076545E+004
# Total number of initial states, Initial states (bandI, bandF) Format : '(3i10)'
        64      1025      1088
# Temperature (K):   300.0
# Initial state, dEPlot (eV), Transition rate Format : '(i10, f10.5, ES24.15E3)'
      1025   1.00613   2.19154038022613E+010
      1026   1.01020   1.00424964792975E+010
      1027   1.02777   2.26574144629193E+009
      1028   1.03348   1.13187659682826E+005
      1029   1.03394   2.61276699256443E+010
      1030   1.13836   1.77705680595015E+010
      1031   1.14622   1.72901967215473E+009
      1032   1.16162   2.25573747601674E+010
      1033   1.16317   3.64240399552477E+009
      1034   1.19581   1.64435750178303E+009
      1035   1.23421   2.24274435617181E+010
      1036   1.25646   1.59705709642165E+008
      1037   1.31192   3.47924296382773E+004
      1038   1.31440   1.01416181505322E+010
      1039   1.33484   9.89844018176402E+009
      1040   1.33719   4.47011774274803E+009
      1041   1.43848   3.19868485337800E+009
      1042   1.44063   1.08642564332772E+010
      1043   1.44411   1.31423075581047E+010
      1044   1.46101   7.50581171430717E+008
      1045   1.46307   1.70419575811619E+003
      1046   1.46631   1.14144114992066E+010
      1047   1.47202   4.77487258471137E+009
      1048   1.47806   7.29517598067200E+007
      1049   1.48485   9.71246221708438E+009
      1050   1.48531   1.25911793072358E+008
      1051   1.48868   2.99483777541777E+009
      1052   1.49246   7.86607997686867E+009
      1053   1.49573   1.36392314212005E+009
      1054   1.49722   2.89298680308710E+009
      1055   1.52607   7.55546225099332E+009
      1056   1.57519   7.58976314926153E+008
      1057   1.57572   2.82276190260132E+009
      1058   1.58532   3.65111960545669E+004
      1059   1.59072   4.73792063125982E+004
      1060   1.59696   6.80891678067270E+008
      1061   1.59996   1.20887759891436E+010
      1062   1.63195   7.35609455269518E+009
      1063   1.63742   5.84778359594559E+008
      1064   1.68294   9.27128666385443E+009
      1065   1.69486   2.02611457604929E+008
      1066   1.73312   3.53888825532651E+009
      1067   1.73343   3.48031286131939E+008
      1068   1.75332   5.96995543648694E+004
      1069   1.75879   3.92844079072007E+004
      1070   1.75930   8.91716929526870E+009
      1071   1.76203   1.55238991288467E+009
      1072   1.79340   1.26417135233929E+009
      1073   1.79531   4.34443952857575E+009
      1074   1.79606   2.72953750027653E+009
      1075   1.79820   9.07564154657659E+008
      1076   1.80156   1.65585008496251E+009
      1077   1.80681   7.41746096749696E+009
      1078   1.81018   6.34097356550575E+008
      1079   1.81736   8.25734615898280E+009
      1080   1.81946   1.26165204203566E+006
      1081   1.83642   6.63266879814211E+007
      1082   1.84133   1.81561997869874E+009
      1083   1.84591   4.32392396072416E+009
      1084   1.84611   4.86116895878886E+009
      1085   1.88108   3.88850813640408E+009
      1086   1.88876   1.59865797738460E+008
      1087   1.89873   6.06840289909422E+008
      1088   1.90019   1.38795935686505E+009
