# Cell volume (a.u.)^3. Format: '(a51, ES24.15E3)'   7.062330632076545E+004
# Total number of initial states, Initial states (bandI, bandF) Format : '(3i10)'
        64      1025      1088
# Temperature (K):   300.0
# Initial state, dEPlot (eV), Transition rate Format : '(i10, f10.5, ES24.15E3)'
      1025   1.03347   2.09966652176966E+009
      1026   1.03436   1.64430001025715E+009
      1027   1.03443   3.96764071952063E+010
      1028   1.06155   2.90731562136847E+010
      1029   1.07017   4.76014386216468E+009
      1030   1.07250   8.22626576079243E+009
      1031   1.21891   1.06396979871503E+008
      1032   1.22535   9.04793446397563E+009
      1033   1.22635   1.42492745655352E+010
      1034   1.25606   2.27008058589954E+009
      1035   1.25633   1.25190313011153E+009
      1036   1.25800   9.48246653795680E+008
      1037   1.26334   1.15853147860868E+010
      1038   1.26944   2.32834263359961E+009
      1039   1.27005   1.13128869846286E+010
      1040   1.27667   1.29728568632521E+009
      1041   1.27902   3.78019085857604E+009
      1042   1.28295   2.02943228730572E+010
      1043   1.31733   6.98366149036585E+008
      1044   1.32166   9.47794385529693E+008
      1045   1.32285   1.73543819895287E+010
      1046   1.32607   8.32395979705185E+008
      1047   1.32649   2.61551027153626E+008
      1048   1.32981   4.21329693730004E+008
      1049   1.34388   8.09445331085504E+009
      1050   1.34887   1.50996323183421E+010
      1051   1.35381   3.90569226752408E+009
      1052   1.45530   1.43784621138854E+010
      1053   1.46046   2.18306836894793E+009
      1054   1.46244   3.44099520429191E+009
      1055   1.58531   2.28711222209060E+009
      1056   1.59213   6.03898396640356E+007
      1057   1.59316   4.28616555478008E+009
      1058   1.60076   8.11188304531413E+009
      1059   1.60306   2.76813288590671E+009
      1060   1.60447   1.30493493234152E+009
      1061   1.61101   3.06277187974877E+009
      1062   1.62012   1.00581842363569E+010
      1063   1.62461   3.60510319591449E+008
      1064   1.67359   5.83163729749957E+009
      1065   1.67809   2.99434917085633E+009
      1066   1.67829   2.44221216726650E+009
      1067   1.74635   2.58414210730030E+009
      1068   1.78973   3.82808766079306E+009
      1069   1.79747   5.48356165479315E+008
      1070   1.79787   7.66850772884345E+008
      1071   1.80545   1.31068502594405E+008
      1072   1.80771   6.16375050810147E+008
      1073   1.80958   5.46745926291037E+008
      1074   1.81830   7.94497517888293E+009
      1075   1.81859   6.27464397219464E+009
      1076   1.82312   3.63442597641570E+009
      1077   1.84069   4.42467578174961E+009
      1078   1.84446   2.00309949139738E+009
      1079   1.84581   5.91064564638580E+008
      1080   1.90921   1.91952776974214E+009
      1081   1.91697   3.91439662441355E+009
      1082   1.92002   3.10037786070725E+009
      1083   1.92041   4.39920814693654E+008
      1084   1.93499   1.63272782531472E+009
      1085   1.93834   4.09292642097471E+009
      1086   1.93997   7.18074260670121E+008
      1087   1.94791   5.05647863621110E+008
      1088   1.94955   2.73879292629167E+009
