# Cell volume (a.u.)^3. Format: '(a51, ES24.15E3)'   7.062330632076545E+004
# Total number of initial states, Initial states (bandI, bandF) Format : '(3i10)'
        64      1025      1088
# Temperature (K):   300.0
# Initial state, dEPlot (eV), Transition rate Format : '(i10, f10.5, ES24.15E3)'
      1025   1.00615   6.12171885746155E+009
      1026   1.01019   2.57840343487442E+010
      1027   1.02777   2.23006027769523E+009
      1028   1.03347   9.98084280703212E+004
      1029   1.03393   2.62880452224325E+010
      1030   1.13837   2.29660317400244E+009
      1031   1.14624   1.70395863004399E+010
      1032   1.16165   1.23624504061699E+010
      1033   1.16314   1.40034177485135E+010
      1034   1.19580   1.65297895163714E+009
      1035   1.23419   7.47458814184908E+009
      1036   1.25647   1.49626682629233E+010
      1037   1.31192   2.49244125097191E+005
      1038   1.31441   1.00979509409823E+010
      1039   1.33483   1.20481761149003E+010
      1040   1.33718   2.30817260923790E+009
      1041   1.43848   3.79213910812957E+007
      1042   1.44061   1.60246694192813E+010
      1043   1.44410   7.04658529519894E+009
      1044   1.46103   4.62030404391637E+009
      1045   1.46306   2.40020358993240E+003
      1046   1.46631   1.14792474448288E+010
      1047   1.47207   4.47749614269714E+009
      1048   1.47809   3.52073114624059E+008
      1049   1.48487   1.82198310361933E+009
      1050   1.48526   8.07177285988736E+009
      1051   1.48866   3.81001061570160E+009
      1052   1.49246   6.32789248649212E+009
      1053   1.49577   4.03007232248876E+009
      1054   1.49722   9.82366652494120E+008
      1055   1.52606   7.50642730970331E+009
      1056   1.57521   1.87303991805865E+009
      1057   1.57571   1.77038260277723E+009
      1058   1.58530   1.42890215313283E+005
      1059   1.59071   1.11739090514450E+005
      1060   1.59699   2.38481423805368E+008
      1061   1.59994   1.25653994167931E+010
      1062   1.63195   3.86081983006726E+009
      1063   1.63742   4.15298546242949E+009
      1064   1.68294   9.13964146140054E+009
      1065   1.69487   1.88740012940566E+008
      1066   1.73316   1.58520651031903E+009
      1067   1.73339   2.32266983963818E+009
      1068   1.75331   3.71405225849500E+005
      1069   1.75879   9.61290669241558E+004
      1070   1.75933   9.52660743730974E+009
      1071   1.76202   1.02997860138366E+009
      1072   1.79343   1.66137909776977E+009
      1073   1.79529   5.40522212810316E+008
      1074   1.79606   5.60966738815528E+009
      1075   1.79822   1.48681026964674E+009
      1076   1.80155   4.99341487115933E+009
      1077   1.80680   4.16345368116860E+009
      1078   1.81017   6.01289624279729E+008
      1079   1.81736   8.30640400178949E+009
      1080   1.81944   5.46512766596047E+007
      1081   1.83640   9.30591716890360E+008
      1082   1.84135   6.45338642672112E+008
      1083   1.84591   1.58961477533957E+009
      1084   1.84614   7.97818145822339E+009
      1085   1.88108   3.90046906144244E+009
      1086   1.88875   1.65548634343700E+008
      1087   1.89874   4.85109764361985E+008
      1088   1.90018   4.39054324893065E+009
