# Cell volume (a.u.)^3. Format: '(a51, ES24.15E3)'   7.062330632076545E+004
# Total number of initial states, Initial states (bandI, bandF) Format : '(3i10)'
        64      1025      1088
# Temperature (K):   300.0
# Initial state, dEPlot (eV), Transition rate Format : '(i10, f10.5, ES24.15E3)'
      1025   1.03348   3.42867001908483E+009
      1026   1.03435   2.49075088953970E+008
      1027   1.03443   3.96230058435171E+010
      1028   1.06154   3.36429884204154E+010
      1029   1.07016   5.72290790211375E+009
      1030   1.07252   2.84827493751195E+009
      1031   1.21889   1.41719813165469E+010
      1032   1.22535   6.97067411311294E+009
      1033   1.22632   2.25354270404566E+009
      1034   1.25608   4.76368349953887E+008
      1035   1.25634   1.74645210105561E+009
      1036   1.25800   2.26689620475336E+009
      1037   1.26334   5.90214607586013E+009
      1038   1.26944   1.09819932919429E+010
      1039   1.27004   8.28842668057883E+009
      1040   1.27668   1.47817020447553E+009
      1041   1.27903   7.63894297919328E+009
      1042   1.28299   1.61364131553191E+010
      1043   1.31735   1.42457973178864E+009
      1044   1.32168   2.24023270181361E+008
      1045   1.32286   1.73499393436856E+010
      1046   1.32609   5.41734653205644E+008
      1047   1.32650   7.31093024952162E+008
      1048   1.32984   3.00003052037106E+008
      1049   1.34387   9.40868872186901E+009
      1050   1.34882   6.90308605640931E+008
      1051   1.35378   1.69537095370673E+010
      1052   1.45529   2.74482616652135E+009
      1053   1.46044   7.97236936759683E+009
      1054   1.46245   9.46940622508741E+009
      1055   1.58531   6.53628980328565E+008
      1056   1.59213   1.71757781719216E+009
      1057   1.59316   4.33496378421846E+009
      1058   1.60076   6.49988688670863E+007
      1059   1.60307   7.00366895368386E+009
      1060   1.60448   1.31756817823786E+010
      1061   1.61101   2.38948097830611E+009
      1062   1.62010   8.29644922385763E+008
      1063   1.62464   2.09989369264292E+009
      1064   1.67358   9.96167339279312E+009
      1065   1.67808   9.08432008857828E+008
      1066   1.67829   3.73983892502744E+008
      1067   1.74632   2.52122486858613E+009
      1068   1.78972   2.17792384776841E+009
      1069   1.79746   1.94820016361608E+009
      1070   1.79786   1.01388416954029E+009
      1071   1.80545   4.74537649095331E+009
      1072   1.80772   3.91908864650341E+009
      1073   1.80960   9.57628670627198E+008
      1074   1.81831   1.63708927642927E+009
      1075   1.81859   4.75404922542496E+009
      1076   1.82312   3.14028681821115E+009
      1077   1.84069   4.17464366511332E+009
      1078   1.84447   2.16724015529502E+009
      1079   1.84581   6.61954792798529E+008
      1080   1.90920   1.91272873614871E+009
      1081   1.91698   1.24181769793029E+009
      1082   1.92002   5.83473962381580E+007
      1083   1.92038   6.12671451390645E+009
      1084   1.93499   9.34218675661902E+008
      1085   1.93833   5.16803512432304E+009
      1086   1.93996   3.46741399771560E+008
      1087   1.94791   8.41344071670129E+008
      1088   1.94957   3.81100941768179E+009
