# Cell volume (a.u.)^3. Format: '(a51, ES24.15E3)'   7.062330632076545E+004
# Total number of initial states, Initial states (bandI, bandF) Format : '(3i10)'
        64      1025      1088
# Temperature (K):   300.0
# Initial state, dEPlot (eV), Transition rate Format : '(i10, f10.5, ES24.15E3)'
      1025   0.83624   3.31726424107998E+010
      1026   0.86749   2.40948162080094E+010
      1027   0.98549   1.95236371079971E+010
      1028   1.04511   4.04198280860977E+010
      1029   1.04925   1.28196153143339E+009
      1030   1.05425   1.20022515224892E+010
      1031   1.05734   8.86663249038148E+009
      1032   1.13160   2.60885821723761E+005
      1033   1.13758   2.67134848393615E+010
      1034   1.13942   3.58602657264489E+009
      1035   1.13970   3.29383500255313E+009
      1036   1.14868   1.20986503137080E+010
      1037   1.17196   6.06406392322063E+009
      1038   1.43331   2.52068487926399E+009
      1039   1.45155   1.05662893627034E+010
      1040   1.45617   1.18453569163002E+009
      1041   1.45696   3.55687935790072E+009
      1042   1.46043   1.93077547746841E+008
      1043   1.48211   9.48482331435116E+008
      1044   1.48418   5.53129609521069E+009
      1045   1.49797   3.49497875652189E+008
      1046   1.49993   6.38098864105744E+009
      1047   1.51430   2.53008707560017E+009
      1048   1.51732   4.41883750565393E+009
      1049   1.51983   2.63210724563648E+009
      1050   1.52066   1.19383025894492E+010
      1051   1.54700   6.65303822143342E+009
      1052   1.54894   1.10946075703641E+010
      1053   1.55516   3.69871672344813E+009
      1054   1.55584   1.93688292888978E+007
      1055   1.57052   1.41240173431008E+005
      1056   1.57701   1.09961446776644E+010
      1057   1.57939   2.21604278982918E+008
      1058   1.58070   3.10311660481428E+009
      1059   1.58738   2.11342087686325E+009
      1060   1.58900   7.78283847410285E+007
      1061   1.60585   4.85057464102312E+009
      1062   1.61023   4.34114193089363E+009
      1063   1.64921   4.19629919901715E+009
      1064   1.72503   5.13118563846729E+009
      1065   1.72861   1.78886204332828E+009
      1066   1.73004   3.15520456870856E+009
      1067   1.73266   9.38689508515115E+008
      1068   1.73986   2.32003617699316E+007
      1069   1.74174   4.47974817791861E+008
      1070   1.74304   2.24026962405082E+008
      1071   1.74406   2.51369344073103E+008
      1072   1.75021   7.60448841399327E+008
      1073   1.75176   7.21543826945337E+009
      1074   1.75284   1.11650465393413E+010
      1075   1.75387   8.82929431491969E+008
      1076   1.76727   4.68040909141897E+009
      1077   1.77708   5.78862991219846E+008
      1078   1.78204   2.98360905980018E+009
      1079   1.78368   9.34593375127182E+008
      1080   1.85971   8.40495301992789E+009
      1081   1.86219   1.60311792429943E+008
      1082   1.86255   1.72734238411299E+008
      1083   1.87316   8.83004856148314E+007
      1084   1.92313   3.35887398216041E+009
      1085   1.92754   4.99617295939337E+008
      1086   1.92794   7.91182883832624E+007
      1087   1.93526   2.55014575274009E+008
      1088   1.93612   2.83563914826146E+009
