# Cell volume (a.u.)^3. Format: '(a51, ES24.15E3)'   7.062330632076545E+004
# Total number of initial states, Initial states (bandI, bandF) Format : '(3i10)'
        64      1025      1088
# Temperature (K):   300.0
# Initial state, dEPlot (eV), Transition rate Format : '(i10, f10.5, ES24.15E3)'
      1025   1.00204   8.34935021800464E+009
      1026   1.01217   2.55276305261735E+010
      1027   1.03046   1.91969388400320E+010
      1028   1.03377   1.29065925940467E+009
      1029   1.03597   2.50772269888900E+010
      1030   1.13803   1.34007335935714E+009
      1031   1.14810   2.35080968358510E+010
      1032   1.16112   2.05318213413515E+010
      1033   1.16595   5.53080242928352E+007
      1034   1.19961   1.13495915497996E+010
      1035   1.23505   5.09787143885970E+007
      1036   1.25018   2.52816983389032E+009
      1037   1.31107   3.14553250890773E+009
      1038   1.31329   4.53214936185099E+009
      1039   1.32976   1.76988037946828E+010
      1040   1.34017   3.14465720325446E+008
      1041   1.43744   8.49040900509882E+007
      1042   1.43980   2.66993092974157E+008
      1043   1.44432   1.09303171506440E+010
      1044   1.46175   2.33832566350366E+009
      1045   1.46467   5.56420430037275E+007
      1046   1.46784   1.03349732411401E+010
      1047   1.47173   3.40407962564330E+008
      1048   1.47753   1.13963057573011E+010
      1049   1.48425   8.70278186318258E+009
      1050   1.48710   2.38208129379423E+008
      1051   1.48949   2.20974492532359E+008
      1052   1.49010   2.54680587545310E+009
      1053   1.49441   4.11611735002384E+007
      1054   1.49750   1.10085676102938E+010
      1055   1.52073   6.53439393344622E+008
      1056   1.57501   2.26826358496883E+009
      1057   1.57585   2.63915417925773E+009
      1058   1.58693   1.77913327384657E+009
      1059   1.58887   3.10927063117534E+008
      1060   1.59573   1.01933073822839E+010
      1061   1.60110   3.16662120398161E+008
      1062   1.62974   7.69088787353554E+009
      1063   1.63924   2.74617941243640E+009
      1064   1.68388   3.87032020623040E+009
      1065   1.69397   3.84772307699349E+009
      1066   1.73365   3.75150251641271E+009
      1067   1.73489   1.83404643524669E+009
      1068   1.75458   2.06753854987216E+009
      1069   1.75824   2.33407511052459E+008
      1070   1.76019   5.99263468866986E+009
      1071   1.76434   2.72740285733132E+009
      1072   1.79224   1.49154445192601E+009
      1073   1.79582   5.24933076996323E+008
      1074   1.79694   2.16792822087411E+009
      1075   1.79924   3.92384611517883E+009
      1076   1.80438   1.04248103212159E+009
      1077   1.80744   4.94933742933184E+009
      1078   1.81244   3.25397351727973E+009
      1079   1.81660   4.03684803468904E+009
      1080   1.82042   1.57191587019203E+009
      1081   1.83488   7.86264098655743E+007
      1082   1.84046   8.16186470002406E+009
      1083   1.84590   9.81470458869563E+008
      1084   1.84734   3.18543540457780E+008
      1085   1.88238   4.04619150976507E+009
      1086   1.88705   3.81321449801791E+008
      1087   1.89742   4.90923041325007E+008
      1088   1.89897   3.56892472492166E+009
