# Cell volume (a.u.)^3. Format: '(a51, ES24.15E3)'   7.062330632076545E+004
# Total number of initial states, Initial states (bandI, bandF) Format : '(3i10)'
        64      1025      1088
# Temperature (K):   300.0
# Initial state, dEPlot (eV), Transition rate Format : '(i10, f10.5, ES24.15E3)'
      1025   1.00202   2.89575940099888E+010
      1026   1.01219   4.77078355664580E+009
      1027   1.03048   1.93085883164191E+010
      1028   1.03376   1.35088040473764E+009
      1029   1.03597   2.50203040570614E+010
      1030   1.13802   3.34655481490579E+007
      1031   1.14811   2.49711873562944E+010
      1032   1.16116   1.03883524338605E+010
      1033   1.16593   1.01902749903177E+010
      1034   1.19959   1.13987452128289E+010
      1035   1.23505   1.09875334511159E+009
      1036   1.25018   1.54697739744573E+009
      1037   1.31108   3.10983369673667E+009
      1038   1.31329   4.51347039603418E+009
      1039   1.32977   1.46755082728159E+010
      1040   1.34017   3.17648329787544E+009
      1041   1.43747   1.14638572265667E+010
      1042   1.43978   3.32370563039497E+008
      1043   1.44431   2.00703396840668E+009
      1044   1.46174   1.75281455582688E+006
      1045   1.46465   4.64443945281892E+007
      1046   1.46783   1.03280513818352E+010
      1047   1.47173   6.32182667722622E+008
      1048   1.47755   1.12036329332832E+010
      1049   1.48431   2.95478745798003E+008
      1050   1.48709   8.56479113982613E+009
      1051   1.48948   1.35342332294170E+009
      1052   1.49011   2.48430564412171E+009
      1053   1.49436   8.87161018827006E+009
      1054   1.49749   1.05615168051250E+009
      1055   1.52072   6.37752204510455E+008
      1056   1.57503   8.48751620971548E+007
      1057   1.57582   4.82471101809897E+009
      1058   1.58693   2.96274596341774E+008
      1059   1.58887   1.77810450306414E+009
      1060   1.59575   1.01572265742049E+010
      1061   1.60112   2.73626806597563E+008
      1062   1.62975   5.59717686029205E+008
      1063   1.63925   9.80109839302044E+009
      1064   1.68389   3.94890537464234E+009
      1065   1.69396   3.85482912633838E+009
      1066   1.73368   4.06795042555826E+009
      1067   1.73486   1.52736016408388E+009
      1068   1.75458   1.88963261864698E+009
      1069   1.75823   4.05826926329331E+008
      1070   1.76019   6.52961417503776E+009
      1071   1.76435   2.17427098504165E+009
      1072   1.79223   7.90368674434289E+008
      1073   1.79580   9.86335438760999E+008
      1074   1.79695   2.27008441708521E+009
      1075   1.79919   4.02707035516322E+009
      1076   1.80443   3.34127727617027E+009
      1077   1.80744   2.62000596893875E+009
      1078   1.81242   3.31648165215421E+009
      1079   1.81661   2.50754239040840E+009
      1080   1.82045   3.07838756819883E+009
      1081   1.83489   4.44654409759403E+009
      1082   1.84046   2.48989700890684E+009
      1083   1.84585   2.81297801730936E+008
      1084   1.84736   2.23664303272020E+009
      1085   1.88239   4.14895299972263E+009
      1086   1.88703   3.54956291420545E+008
      1087   1.89744   5.67593993251943E+009
      1088   1.89899   2.10939678774449E+009
