     #Energy           s          py          pz          px         dxy         dyz         dz2         dxz         dx2       tot  
   -18.12734     0.00000     0.00000     0.00000     0.00000     0.00000     0.00000     0.00000     0.00000     0.00000     0.00000
   -18.02434     0.00000     0.00000     0.00000     0.00000     0.00000     0.00000     0.00000     0.00000     0.00000     0.00000
   -17.92134     0.00000     0.00000     0.00000     0.00000     0.00000     0.00000     0.00000     0.00000     0.00000     0.00000
   -17.81834     0.00000     0.00000     0.00000     0.00000     0.00000     0.00000     0.00000     0.00000     0.00000     0.00000
   -17.71534     0.00000     0.00000     0.00000     0.00000     0.00000     0.00000     0.00000     0.00000     0.00000     0.00000
   -17.61234     0.00000     0.00000     0.00000     0.00000     0.00000     0.00000     0.00000     0.00000     0.00000     0.00000
   -17.50934     0.00000     0.00000     0.00000     0.00000     0.00000     0.00000     0.00000     0.00000     0.00000     0.00000
   -17.40634     0.00000     0.00000     0.00000     0.00000     0.00000     0.00000     0.00000     0.00000     0.00000     0.00000
   -17.30334     0.00000     0.00000     0.00000     0.00000     0.00000     0.00000     0.00000     0.00000     0.00000     0.00000
   -17.20034     0.00000     0.00000     0.00000     0.00000     0.00000     0.00000     0.00000     0.00000     0.00000     0.00000
   -17.09734     0.00000     0.00000     0.00000     0.00000     0.00000     0.00000     0.00000     0.00000     0.00000     0.00000
   -16.99434     0.00000     0.00000     0.00000     0.00000     0.00000     0.00000     0.00000     0.00000     0.00000     0.00000
   -16.89134     0.00000     0.00000     0.00000     0.00000     0.00000     0.00000     0.00000     0.00000     0.00000     0.00000
   -16.78834     0.00000     0.00000     0.00000     0.00000     0.00000     0.00000     0.00000     0.00000     0.00000     0.00000
   -16.68534     0.00000     0.00000     0.00000     0.00000     0.00000     0.00000     0.00000     0.00000     0.00000     0.00000
   -16.58234     0.00000     0.00000     0.00000     0.00000     0.00000     0.00000     0.00000     0.00000     0.00000     0.00000
   -16.47934     0.00000     0.00000     0.00000     0.00000     0.00000     0.00000     0.00000     0.00000     0.00000     0.00000
   -16.37634     0.00000     0.00000     0.00000     0.00000     0.00000     0.00000     0.00000     0.00000     0.00000     0.00000
   -16.27434     0.00000     0.00000     0.00000     0.00000     0.00000     0.00000     0.00000     0.00000     0.00000     0.00000
   -16.17134     0.00000     0.00000     0.00000     0.00000     0.00000     0.00000     0.00000     0.00000     0.00000     0.00000
   -16.06834     0.00687     0.00000     0.00000     0.00000     0.00000     0.00000     0.00000     0.00000     0.00000     0.00687
   -15.96534     0.05155     0.00002     0.00002     0.00002     0.00000     0.00000     0.00000     0.00000     0.00000     0.05160
   -15.86234     0.13781     0.00004     0.00005     0.00004     0.00000     0.00000     0.00000     0.00000     0.00000     0.13794
   -15.75934     0.32810     0.00010     0.00016     0.00010     0.00000     0.00000     0.00000     0.00000     0.00000     0.32846
   -15.65634     0.49840     0.00016     0.00025     0.00016     0.00000     0.00000     0.00000     0.00000     0.00000     0.49897
   -15.55334     0.62780     0.00021     0.00029     0.00021     0.00000     0.00000     0.00000     0.00000     0.00000     0.62851
   -15.45034     0.70500     0.00023     0.00022     0.00023     0.00000     0.00000     0.00000     0.00000     0.00000     0.70569
   -15.34734     0.81480     0.00024     0.00023     0.00024     0.00000     0.00000     0.00000     0.00000     0.00000     0.81551
   -15.24434     1.65140     0.00031     0.00039     0.00031     0.00000     0.00000     0.00000     0.00000     0.00000     1.65240
   -15.14134     4.60600     0.00050     0.00066     0.00050     0.00000     0.00000     0.00000     0.00000     0.00000     4.60767
   -15.03834     2.75000     0.00008     0.00022     0.00008     0.00000     0.00000     0.00000     0.00000     0.00000     2.75037
   -14.93534     0.00000     0.00000     0.00000     0.00000     0.00000     0.00000     0.00000     0.00000     0.00000     0.00000
   -14.83234     0.00000     0.00000     0.00000     0.00000     0.00000     0.00000     0.00000     0.00000     0.00000     0.00000
   -14.72934     0.00000     0.00000     0.00000     0.00000     0.00000     0.00000     0.00000     0.00000     0.00000     0.00000
   -14.62634     0.00000     0.00000     0.00000     0.00000     0.00000     0.00000     0.00000     0.00000     0.00000     0.00000
   -14.52334     0.00000     0.00000     0.00000     0.00000     0.00000     0.00000     0.00000     0.00000     0.00000     0.00000
   -14.42034     0.00000     0.00000     0.00000     0.00000     0.00000     0.00000     0.00000     0.00000     0.00000     0.00000
   -14.31734     0.00000     0.00000     0.00000     0.00000     0.00000     0.00000     0.00000     0.00000     0.00000     0.00000
   -14.21434     0.00000     0.00000     0.00000     0.00000     0.00000     0.00000     0.00000     0.00000     0.00000     0.00000
   -14.11134     0.00000     0.00000     0.00000     0.00000     0.00000     0.00000     0.00000     0.00000     0.00000     0.00000
   -14.00834     0.00000     0.00000     0.00000     0.00000     0.00000     0.00000     0.00000     0.00000     0.00000     0.00000
   -13.90534     0.00000     0.00000     0.00000     0.00000     0.00000     0.00000     0.00000     0.00000     0.00000     0.00000
   -13.80334     0.00000     0.00000     0.00000     0.00000     0.00000     0.00000     0.00000     0.00000     0.00000     0.00000
   -13.70034     0.00000     0.00000     0.00000     0.00000     0.00000     0.00000     0.00000     0.00000     0.00000     0.00000
   -13.59734     0.00000     0.00000     0.00000     0.00000     0.00000     0.00000     0.00000     0.00000     0.00000     0.00000
   -13.49434     0.00011     0.00147     0.00456     0.00093     0.00000     0.00000     0.00000     0.00000     0.00000     0.00706
   -13.39134     0.02505     0.16578     0.34450     0.16986     0.00000     0.00000     0.00000     0.00000     0.00000     0.70519
   -13.28834     0.07578     0.11841     0.05039     0.11851     0.00000     0.00000     0.00000     0.00000     0.00000     0.36309
   -13.18534     0.00184     0.00281     0.00297     0.00281     0.00000     0.00000     0.00000     0.00000     0.00000     0.01042
   -13.08234     0.04358     0.00286     0.00207     0.00285     0.00000     0.00000     0.00000     0.00000     0.00000     0.05136
   -12.97934     0.06049     0.00346     0.00208     0.00348     0.00000     0.00000     0.00000     0.00000     0.00000     0.06951
   -12.87634     0.07775     0.00407     0.00209     0.00408     0.00000     0.00000     0.00000     0.00000     0.00000     0.08798
   -12.77334     0.09536     0.00467     0.00209     0.00467     0.00000     0.00000     0.00000     0.00000     0.00000     0.10679
   -12.67034     0.12410     0.00530     0.00313     0.00528     0.00000     0.00000     0.00000     0.00000     0.00000     0.13781
   -12.56734     0.17204     0.00586     0.00539     0.00585     0.00000     0.00000     0.00000     0.00000     0.00000     0.18915
   -12.46434     0.23500     0.00629     0.00776     0.00629     0.00000     0.00000     0.00000     0.00000     0.00000     0.25534
   -12.36134     0.31870     0.00749     0.00632     0.00749     0.00000     0.00000     0.00000     0.00000     0.00000     0.34001
   -12.25834     0.45000     0.00914     0.00706     0.00913     0.00000     0.00000     0.00000     0.00000     0.00000     0.47533
   -12.15534     0.44780     0.00796     0.00715     0.00795     0.00000     0.00000     0.00000     0.00000     0.00000     0.47086
   -12.05234     0.44730     0.00685     0.00722     0.00684     0.00000     0.00000     0.00000     0.00000     0.00000     0.46821
   -11.94934     0.44840     0.00579     0.00729     0.00579     0.00000     0.00000     0.00000     0.00000     0.00000     0.46727
   -11.84634     0.45030     0.00479     0.00734     0.00480     0.00000     0.00000     0.00000     0.00000     0.00000     0.46723
   -11.74334     0.68800     0.00534     0.00762     0.00540     0.00000     0.00000     0.00000     0.00000     0.00000     0.70636
   -11.64034     0.81810     0.00321     0.00800     0.00324     0.00000     0.00000     0.00000     0.00000     0.00000     0.83255
   -11.53734     0.83780     0.00332     0.00632     0.00334     0.00000     0.00000     0.00000     0.00000     0.00000     0.85078
   -11.43434     0.80460     0.00350     0.00365     0.00347     0.00000     0.00000     0.00000     0.00000     0.00000     0.81523
   -11.33234     0.60450     0.00259     0.00142     0.00250     0.00000     0.00000     0.00000     0.00000     0.00000     0.61101
   -11.22934     0.00000     0.00000     0.00000     0.00000     0.00000     0.00000     0.00000     0.00000     0.00000     0.00000
   -11.12634     0.00000     0.00000     0.00000     0.00000     0.00000     0.00000     0.00000     0.00000     0.00000     0.00000
   -11.02334     0.00000     0.00000     0.00000     0.00000     0.00000     0.00000     0.00000     0.00000     0.00000     0.00000
   -10.92034     0.00000     0.00000     0.00000     0.00000     0.00000     0.00000     0.00000     0.00000     0.00000     0.00000
   -10.81734     0.00000     0.00000     0.00000     0.00000     0.00000     0.00000     0.00000     0.00000     0.00000     0.00000
   -10.71434     0.00000     0.00000     0.00000     0.00000     0.00000     0.00000     0.00000     0.00000     0.00000     0.00000
   -10.61134     0.00000     0.00000     0.00000     0.00000     0.00000     0.00000     0.00000     0.00000     0.00000     0.00000
   -10.50834     0.00000     0.00000     0.00000     0.00000     0.00000     0.00000     0.00000     0.00000     0.00000     0.00000
   -10.40534     0.00000     0.00000     0.00000     0.00000     0.00000     0.00000     0.00000     0.00000     0.00000     0.00000
   -10.30234     0.00000     0.00000     0.00000     0.00000     0.00000     0.00000     0.00000     0.00000     0.00000     0.00000
   -10.19934     0.00000     0.00000     0.00000     0.00000     0.00000     0.00000     0.00000     0.00000     0.00000     0.00000
   -10.09634     0.00000     0.00000     0.00000     0.00000     0.00000     0.00000     0.00000     0.00000     0.00000     0.00000
    -9.99334     0.00000     0.00000     0.00000     0.00000     0.00000     0.00000     0.00000     0.00000     0.00000     0.00000
    -9.89034     0.00000     0.00000     0.00000     0.00000     0.00000     0.00000     0.00000     0.00000     0.00000     0.00000
    -9.78734     0.00000     0.00000     0.00000     0.00000     0.00000     0.00000     0.00000     0.00000     0.00000     0.00000
    -9.68434     0.00000     0.00000     0.00000     0.00000     0.00000     0.00000     0.00000     0.00000     0.00000     0.00000
    -9.58134     0.00000     0.00000     0.00000     0.00000     0.00000     0.00000     0.00000     0.00000     0.00000     0.00000
    -9.47834     0.00000     0.00000     0.00000     0.00000     0.00000     0.00000     0.00000     0.00000     0.00000     0.00000
    -9.37534     0.00000     0.00000     0.00000     0.00000     0.00000     0.00000     0.00000     0.00000     0.00000     0.00000
    -9.27234     0.00000     0.00000     0.00000     0.00000     0.00000     0.00000     0.00000     0.00000     0.00000     0.00000
    -9.16934     0.00000     0.00000     0.00000     0.00000     0.00000     0.00000     0.00000     0.00000     0.00000     0.00000
    -9.06634     0.00000     0.00000     0.00000     0.00000     0.00000     0.00000     0.00000     0.00000     0.00000     0.00000
    -8.96334     0.00000     0.00000     0.00000     0.00000     0.00000     0.00000     0.00000     0.00000     0.00000     0.00000
    -8.86134     0.00000     0.00000     0.00000     0.00000     0.00000     0.00000     0.00000     0.00000     0.00000     0.00000
    -8.75834     0.00000     0.00000     0.00000     0.00000     0.00000     0.00000     0.00000     0.00000     0.00000     0.00000
    -8.65534     0.00000     0.00000     0.00000     0.00000     0.00000     0.00000     0.00000     0.00000     0.00000     0.00000
    -8.55234     0.00000     0.00000     0.00000     0.00000     0.00000     0.00000     0.00000     0.00000     0.00000     0.00000
    -8.44934     0.00000     0.00000     0.00000     0.00000     0.00000     0.00000     0.00000     0.00000     0.00000     0.00000
    -8.34634     0.00000     0.00000     0.00000     0.00000     0.00000     0.00000     0.00000     0.00000     0.00000     0.00000
    -8.24334     0.00000     0.00000     0.00000     0.00000     0.00000     0.00000     0.00000     0.00000     0.00000     0.00000
    -8.14034     0.00000     0.00000     0.00000     0.00000     0.00000     0.00000     0.00000     0.00000     0.00000     0.00000
    -8.03734     0.00000     0.00000     0.00000     0.00000     0.00000     0.00000     0.00000     0.00000     0.00000     0.00000
    -7.93434     0.00000     0.00000     0.00000     0.00000     0.00000     0.00000     0.00000     0.00000     0.00000     0.00000
    -7.83134     0.00000     0.00000     0.00000     0.00000     0.00000     0.00000     0.00000     0.00000     0.00000     0.00000
    -7.72834     0.00000     0.00000     0.00000     0.00000     0.00000     0.00000     0.00000     0.00000     0.00000     0.00000
    -7.62534     0.00000     0.00000     0.00000     0.00000     0.00000     0.00000     0.00000     0.00000     0.00000     0.00000
    -7.52234     0.00000     0.00000     0.00000     0.00000     0.00000     0.00000     0.00000     0.00000     0.00000     0.00000
    -7.41934     0.00000     0.00000     0.00000     0.00000     0.00000     0.00000     0.00000     0.00000     0.00000     0.00000
    -7.31634     0.00000     0.00000     0.00000     0.00000     0.00000     0.00000     0.00000     0.00000     0.00000     0.00000
    -7.21334     0.00000     0.00000     0.00000     0.00000     0.00000     0.00000     0.00000     0.00000     0.00000     0.00000
    -7.11034     0.00003     0.00000     0.00027     0.00001     0.00000     0.00000     0.00000     0.00000     0.00000     0.00031
    -7.00734     0.00022     0.00004     0.00226     0.00004     0.00000     0.00000     0.00000     0.00000     0.00000     0.00256
    -6.90434     0.00061     0.00010     0.00616     0.00011     0.00000     0.00000     0.00000     0.00000     0.00000     0.00699
    -6.80134     0.00118     0.00020     0.01199     0.00022     0.00000     0.00000     0.00000     0.00000     0.00000     0.01359
    -6.69834     0.00195     0.00033     0.01973     0.00036     0.00000     0.00000     0.00000     0.00000     0.00000     0.02237
    -6.59534     0.00301     0.00088     0.02998     0.00099     0.00000     0.00000     0.00000     0.00000     0.00000     0.03486
    -6.49234     0.02606     0.17072     0.14487     0.17447     0.00000     0.00000     0.00000     0.00000     0.00000     0.51612
    -6.39034     0.03986     0.23100     0.20790     0.23050     0.00000     0.00000     0.00000     0.00000     0.00000     0.70926
    -6.28734     0.05169     0.27010     0.25280     0.27280     0.00000     0.00000     0.00000     0.00000     0.00000     0.84739
    -6.18434     0.05243     0.22740     0.25930     0.22420     0.00000     0.00000     0.00000     0.00000     0.00000     0.76333
    -6.08134     0.04944     0.16856     0.24430     0.16741     0.00000     0.00000     0.00000     0.00000     0.00000     0.62971
    -5.97834     0.06280     0.17616     0.23910     0.17594     0.00000     0.00000     0.00000     0.00000     0.00000     0.65400
    -5.87534     0.07081     0.16633     0.21340     0.16634     0.00000     0.00000     0.00000     0.00000     0.00000     0.61688
    -5.77234     0.08536     0.18562     0.20670     0.18595     0.00000     0.00000     0.00000     0.00000     0.00000     0.66363
    -5.66934     0.07346     0.14356     0.18466     0.14401     0.00000     0.00000     0.00000     0.00000     0.00000     0.54569
    -5.56634     0.07693     0.14567     0.18162     0.14599     0.00000     0.00000     0.00000     0.00000     0.00000     0.55021
    -5.46334     0.07984     0.14761     0.17835     0.14775     0.00000     0.00000     0.00000     0.00000     0.00000     0.55355
    -5.36034     0.11123     0.15292     0.27240     0.15283     0.00000     0.00000     0.00000     0.00000     0.00000     0.68938
    -5.25734     0.05338     0.13082     0.07584     0.13130     0.00000     0.00000     0.00000     0.00000     0.00000     0.39134
    -5.15434     0.04925     0.11757     0.07101     0.11877     0.00000     0.00000     0.00000     0.00000     0.00000     0.35660
    -5.05134     0.03997     0.09262     0.05780     0.09293     0.00000     0.00000     0.00000     0.00000     0.00000     0.28332
    -4.94834     0.03566     0.07847     0.05124     0.07847     0.00000     0.00000     0.00000     0.00000     0.00000     0.24384
    -4.84534     0.03258     0.06749     0.04510     0.06737     0.00000     0.00000     0.00000     0.00000     0.00000     0.21254
    -4.74234     0.03020     0.05894     0.04030     0.05873     0.00000     0.00000     0.00000     0.00000     0.00000     0.18817
    -4.63934     0.02852     0.05280     0.03685     0.05254     0.00000     0.00000     0.00000     0.00000     0.00000     0.17071
    -4.53634     0.02754     0.04908     0.03473     0.04882     0.00000     0.00000     0.00000     0.00000     0.00000     0.16017
    -4.43334     0.04832     0.18375     0.12198     0.18427     0.00000     0.00000     0.00000     0.00000     0.00000     0.53832
    -4.33034     0.04539     0.16925     0.11452     0.17019     0.00000     0.00000     0.00000     0.00000     0.00000     0.49935
    -4.22734     0.04326     0.15962     0.11034     0.16132     0.00000     0.00000     0.00000     0.00000     0.00000     0.47454
    -4.12434     0.04202     0.16018     0.10837     0.16091     0.00000     0.00000     0.00000     0.00000     0.00000     0.47148
    -4.02134     0.04243     0.16108     0.11465     0.16165     0.00000     0.00000     0.00000     0.00000     0.00000     0.47981
    -3.91934     0.04279     0.16148     0.12016     0.16191     0.00000     0.00000     0.00000     0.00000     0.00000     0.48634
    -3.81634     0.04309     0.16138     0.12488     0.16167     0.00000     0.00000     0.00000     0.00000     0.00000     0.49102
    -3.71334     0.04335     0.16078     0.12884     0.16096     0.00000     0.00000     0.00000     0.00000     0.00000     0.49393
    -3.61034     0.04379     0.16913     0.15464     0.17044     0.00000     0.00000     0.00000     0.00000     0.00000     0.53800
    -3.50734     0.04462     0.18588     0.17753     0.18653     0.00000     0.00000     0.00000     0.00000     0.00000     0.59456
    -3.40434     0.04541     0.20630     0.19821     0.20660     0.00000     0.00000     0.00000     0.00000     0.00000     0.65652
    -3.30134     0.05309     0.22130     0.24130     0.23200     0.00000     0.00000     0.00000     0.00000     0.00000     0.74769
    -3.19834     0.05031     0.24530     0.25290     0.25690     0.00000     0.00000     0.00000     0.00000     0.00000     0.80541
    -3.09534     0.04769     0.27390     0.26250     0.28630     0.00000     0.00000     0.00000     0.00000     0.00000     0.87039
    -2.99234     0.04751     0.40890     0.28470     0.42030     0.00000     0.00000     0.00000     0.00000     0.00000     1.16141
    -2.88934     0.04329     0.41430     0.23740     0.42580     0.00000     0.00000     0.00000     0.00000     0.00000     1.12079
    -2.78634     0.03939     0.42110     0.19421     0.43270     0.00000     0.00000     0.00000     0.00000     0.00000     1.08740
    -2.68334     0.03579     0.42510     0.15467     0.43620     0.00000     0.00000     0.00000     0.00000     0.00000     1.05176
    -2.58034     0.02877     0.34270     0.10475     0.36510     0.00000     0.00000     0.00000     0.00000     0.00000     0.84132
    -2.47734     0.02455     0.33330     0.19176     0.35490     0.00000     0.00000     0.00000     0.00000     0.00000     0.90451
    -2.37434     0.02080     0.33240     0.25820     0.35310     0.00000     0.00000     0.00000     0.00000     0.00000     0.96450
    -2.27134     0.02151     0.36110     0.46880     0.38220     0.00000     0.00000     0.00000     0.00000     0.00000     1.23361
    -2.16834     0.01813     0.35180     0.42740     0.36870     0.00000     0.00000     0.00000     0.00000     0.00000     1.16603
    -2.06534     0.01604     0.33950     0.46260     0.35420     0.00000     0.00000     0.00000     0.00000     0.00000     1.17234
    -1.96234     0.01497     0.35120     0.53450     0.36520     0.00000     0.00000     0.00000     0.00000     0.00000     1.26587
    -1.85934     0.01379     0.36140     0.60130     0.37600     0.00000     0.00000     0.00000     0.00000     0.00000     1.35249
    -1.75634     0.01226     0.37090     0.63000     0.38430     0.00000     0.00000     0.00000     0.00000     0.00000     1.39746
    -1.65334     0.01058     0.38850     0.64020     0.39440     0.00000     0.00000     0.00000     0.00000     0.00000     1.43368
    -1.55034     0.00939     0.53760     0.92300     0.53070     0.00000     0.00000     0.00000     0.00000     0.00000     2.00069
    -1.44834     0.00700     0.64050     0.87970     0.57830     0.00000     0.00000     0.00000     0.00000     0.00000     2.10550
    -1.34534     0.00528     0.57080     0.71500     0.52100     0.00000     0.00000     0.00000     0.00000     0.00000     1.81209
    -1.24234     0.00364     0.49600     0.48930     0.45880     0.00000     0.00000     0.00000     0.00000     0.00000     1.44774
    -1.13934     0.00235     0.44020     0.42730     0.43520     0.00000     0.00000     0.00000     0.00000     0.00000     1.30505
    -1.03634     0.00153     0.38520     0.37880     0.39710     0.00000     0.00000     0.00000     0.00000     0.00000     1.16263
    -0.93334     0.00100     0.32300     0.32690     0.35580     0.00000     0.00000     0.00000     0.00000     0.00000     1.00670
    -0.83034     0.00073     0.27730     0.27790     0.32870     0.00000     0.00000     0.00000     0.00000     0.00000     0.88463
    -0.72734     0.00054     0.30480     0.19610     0.29160     0.00000     0.00000     0.00000     0.00000     0.00000     0.79304
    -0.62434     0.00039     0.28650     0.15454     0.25280     0.00000     0.00000     0.00000     0.00000     0.00000     0.69423
    -0.52134     0.00025     0.25530     0.11760     0.21300     0.00000     0.00000     0.00000     0.00000     0.00000     0.58615
    -0.41834     0.00013     0.21170     0.07793     0.17667     0.00000     0.00000     0.00000     0.00000     0.00000     0.46643
    -0.31534     0.00005     0.13096     0.04177     0.09261     0.00000     0.00000     0.00000     0.00000     0.00000     0.26539
    -0.21234     0.00002     0.04805     0.01530     0.03398     0.00000     0.00000     0.00000     0.00000     0.00000     0.09735
    -0.10934     0.00000     0.00586     0.00185     0.00415     0.00000     0.00000     0.00000     0.00000     0.00000     0.01187
    -0.00634     0.00000     0.00000     0.00000     0.00000     0.00000     0.00000     0.00000     0.00000     0.00000     0.00000
     0.09666     0.00000     0.00000     0.00000     0.00000     0.00000     0.00000     0.00000     0.00000     0.00000     0.00000
     0.19966     0.00000     0.00000     0.00000     0.00000     0.00000     0.00000     0.00000     0.00000     0.00000     0.00000
     0.30266     0.00000     0.00000     0.00000     0.00000     0.00000     0.00000     0.00000     0.00000     0.00000     0.00000
     0.40566     0.00000     0.00000     0.00000     0.00000     0.00000     0.00000     0.00000     0.00000     0.00000     0.00000
     0.50866     0.00000     0.00000     0.00000     0.00000     0.00000     0.00000     0.00000     0.00000     0.00000     0.00000
     0.61166     0.00000     0.00000     0.00000     0.00000     0.00000     0.00000     0.00000     0.00000     0.00000     0.00000
     0.71466     0.00000     0.00000     0.00000     0.00000     0.00000     0.00000     0.00000     0.00000     0.00000     0.00000
     0.81766     0.00000     0.00000     0.00000     0.00000     0.00000     0.00000     0.00000     0.00000     0.00000     0.00000
     0.92066     0.00000     0.00000     0.00000     0.00000     0.00000     0.00000     0.00000     0.00000     0.00000     0.00000
     1.02266     0.00000     0.00000     0.00000     0.00000     0.00000     0.00000     0.00000     0.00000     0.00000     0.00000
     1.12566     0.00000     0.00000     0.00000     0.00000     0.00000     0.00000     0.00000     0.00000     0.00000     0.00000
     1.22866     0.00000     0.00000     0.00000     0.00000     0.00000     0.00000     0.00000     0.00000     0.00000     0.00000
     1.33166     0.00000     0.00000     0.00000     0.00000     0.00000     0.00000     0.00000     0.00000     0.00000     0.00000
     1.43466     0.00000     0.00000     0.00000     0.00000     0.00000     0.00000     0.00000     0.00000     0.00000     0.00000
     1.53766     0.00000     0.00000     0.00000     0.00000     0.00000     0.00000     0.00000     0.00000     0.00000     0.00000
     1.64066     0.00000     0.00000     0.00000     0.00000     0.00000     0.00000     0.00000     0.00000     0.00000     0.00000
     1.74366     0.00000     0.00000     0.00000     0.00000     0.00000     0.00000     0.00000     0.00000     0.00000     0.00000
     1.84666     0.00000     0.00000     0.00000     0.00000     0.00000     0.00000     0.00000     0.00000     0.00000     0.00000
     1.94966     0.00000     0.00000     0.00000     0.00000     0.00000     0.00000     0.00000     0.00000     0.00000     0.00000
     2.05266     0.00012     0.00002     0.00003     0.00002     0.00000     0.00000     0.00000     0.00000     0.00000     0.00020
     2.15566     0.00044     0.00009     0.00010     0.00008     0.00000     0.00000     0.00000     0.00000     0.00000     0.00071
     2.25866     0.00094     0.00019     0.00021     0.00018     0.00000     0.00000     0.00000     0.00000     0.00000     0.00152
     2.36166     0.00163     0.00032     0.00037     0.00031     0.00000     0.00000     0.00000     0.00000     0.00000     0.00264
     2.46466     0.00251     0.00050     0.00057     0.00048     0.00000     0.00000     0.00000     0.00000     0.00000     0.00406
     2.56766     0.00359     0.00071     0.00082     0.00069     0.00000     0.00000     0.00000     0.00000     0.00000     0.00580
     2.67066     0.00485     0.00096     0.00111     0.00093     0.00000     0.00000     0.00000     0.00000     0.00000     0.00784
     2.77366     0.00630     0.00124     0.00144     0.00120     0.00000     0.00000     0.00000     0.00000     0.00000     0.01018
     2.87666     0.00795     0.00157     0.00181     0.00152     0.00000     0.00000     0.00000     0.00000     0.00000     0.01284
     2.97966     0.00978     0.00193     0.00223     0.00187     0.00000     0.00000     0.00000     0.00000     0.00000     0.01580
     3.08266     0.01180     0.00232     0.00269     0.00225     0.00000     0.00000     0.00000     0.00000     0.00000     0.01907
     3.18566     0.01401     0.00276     0.00319     0.00268     0.00000     0.00000     0.00000     0.00000     0.00000     0.02264
     3.28866     0.01641     0.00323     0.00374     0.00313     0.00000     0.00000     0.00000     0.00000     0.00000     0.02652
     3.39166     0.01901     0.00375     0.00433     0.00363     0.00000     0.00000     0.00000     0.00000     0.00000     0.03071
     3.49366     0.02179     0.00429     0.00496     0.00416     0.00000     0.00000     0.00000     0.00000     0.00000     0.03521
     3.59666     0.02476     0.00488     0.00564     0.00473     0.00000     0.00000     0.00000     0.00000     0.00000     0.04001
     3.69966     0.03305     0.00648     0.01012     0.00637     0.00000     0.00000     0.00000     0.00000     0.00000     0.05603
     3.80266     0.04543     0.00962     0.01736     0.00966     0.00000     0.00000     0.00000     0.00000     0.00000     0.08207
     3.90566     0.05395     0.01248     0.02210     0.01268     0.00000     0.00000     0.00000     0.00000     0.00000     0.10121
     4.00866     0.06296     0.01586     0.02623     0.01613     0.00000     0.00000     0.00000     0.00000     0.00000     0.12119
     4.11166     0.07286     0.01986     0.03001     0.02013     0.00000     0.00000     0.00000     0.00000     0.00000     0.14285
     4.21466     0.08367     0.02446     0.03344     0.02466     0.00000     0.00000     0.00000     0.00000     0.00000     0.16623
     4.31766     0.12808     0.03578     0.04246     0.03580     0.00000     0.00000     0.00000     0.00000     0.00000     0.24212
     4.42066     0.15855     0.04553     0.05197     0.04527     0.00000     0.00000     0.00000     0.00000     0.00000     0.30132
     4.52366     0.18932     0.05572     0.06269     0.05510     0.00000     0.00000     0.00000     0.00000     0.00000     0.36283
     4.62666     0.19206     0.06160     0.05656     0.06104     0.00000     0.00000     0.00000     0.00000     0.00000     0.37126
     4.72966     0.19334     0.06329     0.05502     0.06281     0.00000     0.00000     0.00000     0.00000     0.00000     0.37446
     4.83266     0.19193     0.06409     0.05307     0.06374     0.00000     0.00000     0.00000     0.00000     0.00000     0.37283
     4.93566     0.18781     0.06400     0.05073     0.06382     0.00000     0.00000     0.00000     0.00000     0.00000     0.36636
     5.03866     0.18047     0.06307     0.04800     0.06305     0.00000     0.00000     0.00000     0.00000     0.00000     0.35459
     5.14166     0.17032     0.06285     0.04560     0.06293     0.00000     0.00000     0.00000     0.00000     0.00000     0.34170
     5.24466     0.17826     0.06895     0.05499     0.06929     0.00000     0.00000     0.00000     0.00000     0.00000     0.37149
     5.34766     0.18660     0.07794     0.06545     0.07871     0.00000     0.00000     0.00000     0.00000     0.00000     0.40870
     5.45066     0.20700     0.11938     0.11407     0.12120     0.00000     0.00000     0.00000     0.00000     0.00000     0.56165
     5.55366     0.13465     0.05730     0.08326     0.05707     0.00000     0.00000     0.00000     0.00000     0.00000     0.33228
     5.65666     0.13216     0.04924     0.09736     0.04915     0.00000     0.00000     0.00000     0.00000     0.00000     0.32791
     5.75966     0.16015     0.06334     0.12556     0.06320     0.00000     0.00000     0.00000     0.00000     0.00000     0.41225
     5.86266     0.19625     0.09159     0.18988     0.09142     0.00000     0.00000     0.00000     0.00000     0.00000     0.56914
     5.96466     0.15425     0.07755     0.15725     0.07755     0.00000     0.00000     0.00000     0.00000     0.00000     0.46660
     6.06766     0.11764     0.06469     0.12447     0.06476     0.00000     0.00000     0.00000     0.00000     0.00000     0.37156
     6.17066     0.08644     0.05301     0.09153     0.05307     0.00000     0.00000     0.00000     0.00000     0.00000     0.28405
     6.27366     0.07180     0.05082     0.07565     0.05080     0.00000     0.00000     0.00000     0.00000     0.00000     0.24907
     6.37666     0.07220     0.06182     0.08096     0.06175     0.00000     0.00000     0.00000     0.00000     0.00000     0.27673
     6.47966     0.08009     0.07985     0.09309     0.07988     0.00000     0.00000     0.00000     0.00000     0.00000     0.33291
     6.58266     0.05354     0.06771     0.05686     0.06783     0.00000     0.00000     0.00000     0.00000     0.00000     0.24594
     6.68566     0.04393     0.06486     0.05310     0.06474     0.00000     0.00000     0.00000     0.00000     0.00000     0.22663
     6.78866     0.03364     0.05940     0.04968     0.05923     0.00000     0.00000     0.00000     0.00000     0.00000     0.20195
     6.89166     0.02265     0.05134     0.04662     0.05129     0.00000     0.00000     0.00000     0.00000     0.00000     0.17190
     6.99466     0.00800     0.03640     0.04891     0.03653     0.00000     0.00000     0.00000     0.00000     0.00000     0.12984
     7.09766     0.00996     0.04517     0.05866     0.04547     0.00000     0.00000     0.00000     0.00000     0.00000     0.15926
     7.20066     0.01818     0.08291     0.07360     0.08297     0.00000     0.00000     0.00000     0.00000     0.00000     0.25766
     7.30366     0.02427     0.10633     0.08519     0.10677     0.00000     0.00000     0.00000     0.00000     0.00000     0.32256
     7.40666     0.03002     0.12521     0.09512     0.12592     0.00000     0.00000     0.00000     0.00000     0.00000     0.37627
     7.50966     0.09975     0.38450     0.38850     0.37980     0.00000     0.00000     0.00000     0.00000     0.00000     1.25255
     7.61266     0.09324     0.32720     0.31520     0.32750     0.00000     0.00000     0.00000     0.00000     0.00000     1.06314
     7.71566     0.05431     0.21100     0.21200     0.21090     0.00000     0.00000     0.00000     0.00000     0.00000     0.68821
     7.81866     0.06236     0.87370     0.27090     0.86710     0.00000     0.00000     0.00000     0.00000     0.00000     2.07406
     7.92166     0.03088     0.37720     0.20350     0.37490     0.00000     0.00000     0.00000     0.00000     0.00000     0.98648
     8.02466     0.03613     0.43640     0.23740     0.43680     0.00000     0.00000     0.00000     0.00000     0.00000     1.14673
     8.12766     0.02472     0.30170     0.14826     0.30450     0.00000     0.00000     0.00000     0.00000     0.00000     0.77918
     8.23066     0.01700     0.22240     0.12608     0.22470     0.00000     0.00000     0.00000     0.00000     0.00000     0.59018
     8.33366     0.01340     0.17724     0.10562     0.17934     0.00000     0.00000     0.00000     0.00000     0.00000     0.47560
     8.43666     0.00787     0.10996     0.07905     0.11162     0.00000     0.00000     0.00000     0.00000     0.00000     0.30850
     8.53866     0.00267     0.03615     0.04766     0.03548     0.00000     0.00000     0.00000     0.00000     0.00000     0.12196
     8.64166     0.00167     0.02124     0.03358     0.02096     0.00000     0.00000     0.00000     0.00000     0.00000     0.07745
     8.74466     0.00109     0.01305     0.02482     0.01288     0.00000     0.00000     0.00000     0.00000     0.00000     0.05184
     8.84766     0.00074     0.00935     0.01791     0.00932     0.00000     0.00000     0.00000     0.00000     0.00000     0.03732
     8.95066     0.00046     0.00642     0.01213     0.00646     0.00000     0.00000     0.00000     0.00000     0.00000     0.02547
     9.05366     0.00199     0.05996     0.04591     0.06000     0.00000     0.00000     0.00000     0.00000     0.00000     0.16786
     9.15666     0.00250     0.06539     0.05868     0.06534     0.00000     0.00000     0.00000     0.00000     0.00000     0.19191
     9.25966     0.00307     0.06983     0.07479     0.06971     0.00000     0.00000     0.00000     0.00000     0.00000     0.21740
     9.36266     0.00370     0.07323     0.09360     0.07309     0.00000     0.00000     0.00000     0.00000     0.00000     0.24362
     9.46566     0.02657     0.23430     0.23630     0.23400     0.00000     0.00000     0.00000     0.00000     0.00000     0.73117
     9.56866     0.01995     0.18051     0.25530     0.18051     0.00000     0.00000     0.00000     0.00000     0.00000     0.63627
     9.67166     0.02572     0.21140     0.34000     0.21200     0.00000     0.00000     0.00000     0.00000     0.00000     0.78912
     9.77466     0.03156     0.21680     0.36890     0.21610     0.00000     0.00000     0.00000     0.00000     0.00000     0.83336
     9.87766     0.03693     0.20900     0.40130     0.20920     0.00000     0.00000     0.00000     0.00000     0.00000     0.85643
     9.98066     0.04042     0.19328     0.40530     0.19346     0.00000     0.00000     0.00000     0.00000     0.00000     0.83246
    10.08366     0.04215     0.17280     0.38890     0.17311     0.00000     0.00000     0.00000     0.00000     0.00000     0.77696
    10.18666     0.03877     0.13035     0.29510     0.13261     0.00000     0.00000     0.00000     0.00000     0.00000     0.59683
    10.28966     0.03246     0.10889     0.20320     0.10996     0.00000     0.00000     0.00000     0.00000     0.00000     0.45451
    10.39266     0.03312     0.09268     0.17836     0.09221     0.00000     0.00000     0.00000     0.00000     0.00000     0.39637
    10.49566     0.03095     0.06754     0.13870     0.06535     0.00000     0.00000     0.00000     0.00000     0.00000     0.30254
    10.59866     0.02122     0.04735     0.12755     0.04436     0.00000     0.00000     0.00000     0.00000     0.00000     0.24048
    10.70166     0.00044     0.00412     0.01463     0.00501     0.00000     0.00000     0.00000     0.00000     0.00000     0.02420
    10.80466     0.00000     0.00000     0.00000     0.00000     0.00000     0.00000     0.00000     0.00000     0.00000     0.00000
    10.90766     0.00000     0.00000     0.00000     0.00000     0.00000     0.00000     0.00000     0.00000     0.00000     0.00000
    11.00966     0.00000     0.00000     0.00000     0.00000     0.00000     0.00000     0.00000     0.00000     0.00000     0.00000
    11.11266     0.00000     0.00000     0.00000     0.00000     0.00000     0.00000     0.00000     0.00000     0.00000     0.00000
    11.21566     0.00000     0.00000     0.00000     0.00000     0.00000     0.00000     0.00000     0.00000     0.00000     0.00000
    11.31866     0.00000     0.00000     0.00000     0.00000     0.00000     0.00000     0.00000     0.00000     0.00000     0.00000
    11.42166     0.00000     0.00000     0.00000     0.00000     0.00000     0.00000     0.00000     0.00000     0.00000     0.00000
    11.52466     0.00000     0.00000     0.00000     0.00000     0.00000     0.00000     0.00000     0.00000     0.00000     0.00000
    11.62766     0.00000     0.00000     0.00000     0.00000     0.00000     0.00000     0.00000     0.00000     0.00000     0.00000
    11.73066     0.00000     0.00000     0.00000     0.00000     0.00000     0.00000     0.00000     0.00000     0.00000     0.00000
    11.83366     0.00000     0.00000     0.00000     0.00000     0.00000     0.00000     0.00000     0.00000     0.00000     0.00000
    11.93666     0.00000     0.00000     0.00000     0.00000     0.00000     0.00000     0.00000     0.00000     0.00000     0.00000
    12.03966     0.00000     0.00000     0.00000     0.00000     0.00000     0.00000     0.00000     0.00000     0.00000     0.00000
    12.14266     0.00000     0.00000     0.00000     0.00000     0.00000     0.00000     0.00000     0.00000     0.00000     0.00000
    12.24566     0.00000     0.00000     0.00000     0.00000     0.00000     0.00000     0.00000     0.00000     0.00000     0.00000
    12.34866     0.00000     0.00000     0.00000     0.00000     0.00000     0.00000     0.00000     0.00000     0.00000     0.00000
    12.45166     0.00000     0.00000     0.00000     0.00000     0.00000     0.00000     0.00000     0.00000     0.00000     0.00000
    12.55466     0.00000     0.00000     0.00000     0.00000     0.00000     0.00000     0.00000     0.00000     0.00000     0.00000
    12.65766     0.00000     0.00000     0.00000     0.00000     0.00000     0.00000     0.00000     0.00000     0.00000     0.00000
    12.76066     0.00000     0.00000     0.00000     0.00000     0.00000     0.00000     0.00000     0.00000     0.00000     0.00000
