     #Energy           s          py          pz          px         dxy         dyz         dz2         dxz         dx2       tot  
   -18.11412     0.00000     0.00000     0.00000     0.00000     0.00000     0.00000     0.00000     0.00000     0.00000     0.00000
   -18.01012     0.00000     0.00000     0.00000     0.00000     0.00000     0.00000     0.00000     0.00000     0.00000     0.00000
   -17.90612     0.00000     0.00000     0.00000     0.00000     0.00000     0.00000     0.00000     0.00000     0.00000     0.00000
   -17.80212     0.00000     0.00000     0.00000     0.00000     0.00000     0.00000     0.00000     0.00000     0.00000     0.00000
   -17.69812     0.00000     0.00000     0.00000     0.00000     0.00000     0.00000     0.00000     0.00000     0.00000     0.00000
   -17.59412     0.00000     0.00000     0.00000     0.00000     0.00000     0.00000     0.00000     0.00000     0.00000     0.00000
   -17.49012     0.00000     0.00000     0.00000     0.00000     0.00000     0.00000     0.00000     0.00000     0.00000     0.00000
   -17.38712     0.00000     0.00000     0.00000     0.00000     0.00000     0.00000     0.00000     0.00000     0.00000     0.00000
   -17.28312     0.00000     0.00000     0.00000     0.00000     0.00000     0.00000     0.00000     0.00000     0.00000     0.00000
   -17.17912     0.00000     0.00000     0.00000     0.00000     0.00000     0.00000     0.00000     0.00000     0.00000     0.00000
   -17.07512     0.00000     0.00000     0.00000     0.00000     0.00000     0.00000     0.00000     0.00000     0.00000     0.00000
   -16.97112     0.00000     0.00000     0.00000     0.00000     0.00000     0.00000     0.00000     0.00000     0.00000     0.00000
   -16.86712     0.00000     0.00000     0.00000     0.00000     0.00000     0.00000     0.00000     0.00000     0.00000     0.00000
   -16.76312     0.00000     0.00000     0.00000     0.00000     0.00000     0.00000     0.00000     0.00000     0.00000     0.00000
   -16.65912     0.00000     0.00000     0.00000     0.00000     0.00000     0.00000     0.00000     0.00000     0.00000     0.00000
   -16.55512     0.00000     0.00000     0.00000     0.00000     0.00000     0.00000     0.00000     0.00000     0.00000     0.00000
   -16.45112     0.00000     0.00000     0.00000     0.00000     0.00000     0.00000     0.00000     0.00000     0.00000     0.00000
   -16.34712     0.00000     0.00000     0.00000     0.00000     0.00000     0.00000     0.00000     0.00000     0.00000     0.00000
   -16.24312     0.00000     0.00000     0.00000     0.00000     0.00000     0.00000     0.00000     0.00000     0.00000     0.00000
   -16.13912     0.00000     0.00000     0.00000     0.00000     0.00000     0.00000     0.00000     0.00000     0.00000     0.00000
   -16.03512    -0.09480    -0.00000    -0.01330    -0.00000     0.00000     0.00000     0.00000     0.00000     0.00000    -0.10810
   -15.93112    -0.06449    -0.00000    -0.00920    -0.00000     0.00000     0.00000     0.00000     0.00000     0.00000    -0.07369
   -15.82712    -0.18880    -0.00000    -0.02718    -0.00000     0.00000     0.00000     0.00000     0.00000     0.00000    -0.21598
   -15.72312    -0.08257    -0.00000    -0.01202    -0.00000     0.00000     0.00000     0.00000     0.00000     0.00000    -0.09459
   -15.61912    -0.09582    -0.00000    -0.01409    -0.00000     0.00000     0.00000     0.00000     0.00000     0.00000    -0.10991
   -15.51512    -0.09043    -0.00000    -0.01353    -0.00000     0.00000     0.00000     0.00000     0.00000     0.00000    -0.10396
   -15.41112    -0.03141    -0.00000    -0.00462    -0.00000     0.00000     0.00000     0.00000     0.00000     0.00000    -0.03604
   -15.30712    -0.01702    -0.00000    -0.00261    -0.00000     0.00000     0.00000     0.00000     0.00000     0.00000    -0.01963
   -15.20312    -0.01415    -0.00000    -0.00217    -0.00000     0.00000     0.00000     0.00000     0.00000     0.00000    -0.01632
   -15.09912    -0.00624    -0.00000    -0.00096    -0.00000     0.00000     0.00000     0.00000     0.00000     0.00000    -0.00720
   -14.99612    -0.00196    -0.00000    -0.00030    -0.00000     0.00000     0.00000     0.00000     0.00000     0.00000    -0.00227
   -14.89212     0.00000     0.00000     0.00000     0.00000     0.00000     0.00000     0.00000     0.00000     0.00000     0.00000
   -14.78812     0.00000     0.00000     0.00000     0.00000     0.00000     0.00000     0.00000     0.00000     0.00000     0.00000
   -14.68412     0.00000     0.00000     0.00000     0.00000     0.00000     0.00000     0.00000     0.00000     0.00000     0.00000
   -14.58012     0.00000     0.00000     0.00000     0.00000     0.00000     0.00000     0.00000     0.00000     0.00000     0.00000
   -14.47612     0.00000     0.00000     0.00000     0.00000     0.00000     0.00000     0.00000     0.00000     0.00000     0.00000
   -14.37212     0.00000     0.00000     0.00000     0.00000     0.00000     0.00000     0.00000     0.00000     0.00000     0.00000
   -14.26812     0.00000     0.00000     0.00000     0.00000     0.00000     0.00000     0.00000     0.00000     0.00000     0.00000
   -14.16412     0.00000     0.00000     0.00000     0.00000     0.00000     0.00000     0.00000     0.00000     0.00000     0.00000
   -14.06012     0.00000     0.00000     0.00000     0.00000     0.00000     0.00000     0.00000     0.00000     0.00000     0.00000
   -13.95612     0.00000     0.00000     0.00000     0.00000     0.00000     0.00000     0.00000     0.00000     0.00000     0.00000
   -13.85212     0.00000     0.00000     0.00000     0.00000     0.00000     0.00000     0.00000     0.00000     0.00000     0.00000
   -13.74812     0.00000     0.00000     0.00000     0.00000     0.00000     0.00000     0.00000     0.00000     0.00000     0.00000
   -13.64412     0.00000     0.00000     0.00000     0.00000     0.00000     0.00000     0.00000     0.00000     0.00000     0.00000
   -13.54012     0.00000     0.00000     0.00000     0.00000     0.00000     0.00000     0.00000     0.00000     0.00000     0.00000
   -13.43612    -0.00853    -0.00031    -0.00083    -0.00013     0.00000     0.00000     0.00000     0.00000     0.00000    -0.00979
   -13.33212    -0.01723    -0.00009    -0.00192    -0.00011     0.00000     0.00000     0.00000     0.00000     0.00000    -0.01935
   -13.22812    -0.00835    -0.00006    -0.00089    -0.00012     0.00000     0.00000     0.00000     0.00000     0.00000    -0.00942
   -13.12412    -0.00586    -0.00004    -0.00067    -0.00005     0.00000     0.00000     0.00000     0.00000     0.00000    -0.00662
   -13.02012    -0.01918    -0.00001    -0.00229    -0.00001     0.00000     0.00000     0.00000     0.00000     0.00000    -0.02149
   -12.91612    -0.02814    -0.00001    -0.00349    -0.00002     0.00000     0.00000     0.00000     0.00000     0.00000    -0.03166
   -12.81212    -0.03905    -0.00003    -0.00480    -0.00002     0.00000     0.00000     0.00000     0.00000     0.00000    -0.04389
   -12.70912    -0.02800    -0.00001    -0.00346    -0.00001     0.00000     0.00000     0.00000     0.00000     0.00000    -0.03149
   -12.60512    -0.02374    -0.00002    -0.00295    -0.00002     0.00000     0.00000     0.00000     0.00000     0.00000    -0.02673
   -12.50112    -0.01392    -0.00001    -0.00177    -0.00001     0.00000     0.00000     0.00000     0.00000     0.00000    -0.01571
   -12.39712    -0.02176    -0.00002    -0.00272    -0.00002     0.00000     0.00000     0.00000     0.00000     0.00000    -0.02452
   -12.29312    -0.01394    -0.00002    -0.00173    -0.00002     0.00000     0.00000     0.00000     0.00000     0.00000    -0.01571
   -12.18912    -0.00961    -0.00002    -0.00124    -0.00002     0.00000     0.00000     0.00000     0.00000     0.00000    -0.01089
   -12.08512    -0.01125    -0.00002    -0.00146    -0.00002     0.00000     0.00000     0.00000     0.00000     0.00000    -0.01275
   -11.98112    -0.00905    -0.00002    -0.00116    -0.00003     0.00000     0.00000     0.00000     0.00000     0.00000    -0.01027
   -11.87712    -0.01041    -0.00003    -0.00130    -0.00003     0.00000     0.00000     0.00000     0.00000     0.00000    -0.01177
   -11.77312    -0.00791    -0.00002    -0.00100    -0.00003     0.00000     0.00000     0.00000     0.00000     0.00000    -0.00896
   -11.66912    -0.00745    -0.00001    -0.00102    -0.00001     0.00000     0.00000     0.00000     0.00000     0.00000    -0.00849
   -11.56512    -0.00734    -0.00001    -0.00085    -0.00001     0.00000     0.00000     0.00000     0.00000     0.00000    -0.00821
   -11.46112    -0.00906    -0.00001    -0.00131    -0.00001     0.00000     0.00000     0.00000     0.00000     0.00000    -0.01039
   -11.35712    -0.00457    -0.00001    -0.00061    -0.00001     0.00000     0.00000     0.00000     0.00000     0.00000    -0.00520
   -11.25312    -0.00127    -0.00001    -0.00022    -0.00001     0.00000     0.00000     0.00000     0.00000     0.00000    -0.00150
   -11.14912    -0.00016    -0.00004    -0.00005    -0.00004     0.00000     0.00000     0.00000     0.00000     0.00000    -0.00028
   -11.04512     0.00000     0.00000     0.00000     0.00000     0.00000     0.00000     0.00000     0.00000     0.00000     0.00000
   -10.94112     0.00000     0.00000     0.00000     0.00000     0.00000     0.00000     0.00000     0.00000     0.00000     0.00000
   -10.83712     0.00000     0.00000     0.00000     0.00000     0.00000     0.00000     0.00000     0.00000     0.00000     0.00000
   -10.73312     0.00000     0.00000     0.00000     0.00000     0.00000     0.00000     0.00000     0.00000     0.00000     0.00000
   -10.62912     0.00000     0.00000     0.00000     0.00000     0.00000     0.00000     0.00000     0.00000     0.00000     0.00000
   -10.52512     0.00000     0.00000     0.00000     0.00000     0.00000     0.00000     0.00000     0.00000     0.00000     0.00000
   -10.42112     0.00000     0.00000     0.00000     0.00000     0.00000     0.00000     0.00000     0.00000     0.00000     0.00000
   -10.31812     0.00000     0.00000     0.00000     0.00000     0.00000     0.00000     0.00000     0.00000     0.00000     0.00000
   -10.21412     0.00000     0.00000     0.00000     0.00000     0.00000     0.00000     0.00000     0.00000     0.00000     0.00000
   -10.11012     0.00000     0.00000     0.00000     0.00000     0.00000     0.00000     0.00000     0.00000     0.00000     0.00000
   -10.00612     0.00000     0.00000     0.00000     0.00000     0.00000     0.00000     0.00000     0.00000     0.00000     0.00000
    -9.90212     0.00000     0.00000     0.00000     0.00000     0.00000     0.00000     0.00000     0.00000     0.00000     0.00000
    -9.79812     0.00000     0.00000     0.00000     0.00000     0.00000     0.00000     0.00000     0.00000     0.00000     0.00000
    -9.69412     0.00000     0.00000     0.00000     0.00000     0.00000     0.00000     0.00000     0.00000     0.00000     0.00000
    -9.59012     0.00000     0.00000     0.00000     0.00000     0.00000     0.00000     0.00000     0.00000     0.00000     0.00000
    -9.48612     0.00000     0.00000     0.00000     0.00000     0.00000     0.00000     0.00000     0.00000     0.00000     0.00000
    -9.38212     0.00000     0.00000     0.00000     0.00000     0.00000     0.00000     0.00000     0.00000     0.00000     0.00000
    -9.27812     0.00000     0.00000     0.00000     0.00000     0.00000     0.00000     0.00000     0.00000     0.00000     0.00000
    -9.17412     0.00000     0.00000     0.00000     0.00000     0.00000     0.00000     0.00000     0.00000     0.00000     0.00000
    -9.07012     0.00000     0.00000     0.00000     0.00000     0.00000     0.00000     0.00000     0.00000     0.00000     0.00000
    -8.96612     0.00000     0.00000     0.00000     0.00000     0.00000     0.00000     0.00000     0.00000     0.00000     0.00000
    -8.86212     0.00000     0.00000     0.00000     0.00000     0.00000     0.00000     0.00000     0.00000     0.00000     0.00000
    -8.75812     0.00000     0.00000     0.00000     0.00000     0.00000     0.00000     0.00000     0.00000     0.00000     0.00000
    -8.65412     0.00000     0.00000     0.00000     0.00000     0.00000     0.00000     0.00000     0.00000     0.00000     0.00000
    -8.55012     0.00000     0.00000     0.00000     0.00000     0.00000     0.00000     0.00000     0.00000     0.00000     0.00000
    -8.44612     0.00000     0.00000     0.00000     0.00000     0.00000     0.00000     0.00000     0.00000     0.00000     0.00000
    -8.34212     0.00000     0.00000     0.00000     0.00000     0.00000     0.00000     0.00000     0.00000     0.00000     0.00000
    -8.23812     0.00000     0.00000     0.00000     0.00000     0.00000     0.00000     0.00000     0.00000     0.00000     0.00000
    -8.13412     0.00000     0.00000     0.00000     0.00000     0.00000     0.00000     0.00000     0.00000     0.00000     0.00000
    -8.03012     0.00000     0.00000     0.00000     0.00000     0.00000     0.00000     0.00000     0.00000     0.00000     0.00000
    -7.92712     0.00000     0.00000     0.00000     0.00000     0.00000     0.00000     0.00000     0.00000     0.00000     0.00000
    -7.82312     0.00000     0.00000     0.00000     0.00000     0.00000     0.00000     0.00000     0.00000     0.00000     0.00000
    -7.71912     0.00000     0.00000     0.00000     0.00000     0.00000     0.00000     0.00000     0.00000     0.00000     0.00000
    -7.61512     0.00000     0.00000     0.00000     0.00000     0.00000     0.00000     0.00000     0.00000     0.00000     0.00000
    -7.51112     0.00000     0.00000     0.00000     0.00000     0.00000     0.00000     0.00000     0.00000     0.00000     0.00000
    -7.40712     0.00000     0.00000     0.00000     0.00000     0.00000     0.00000     0.00000     0.00000     0.00000     0.00000
    -7.30312     0.00000     0.00000     0.00000     0.00000     0.00000     0.00000     0.00000     0.00000     0.00000     0.00000
    -7.19912     0.00000     0.00000     0.00000     0.00000     0.00000     0.00000     0.00000     0.00000     0.00000     0.00000
    -7.09512    -0.00812    -0.00000    -0.00054    -0.00000     0.00000     0.00000     0.00000     0.00000     0.00000    -0.00866
    -6.99112    -0.02248    -0.00000    -0.00151    -0.00000     0.00000     0.00000     0.00000     0.00000     0.00000    -0.02399
    -6.88712    -0.08065    -0.00002    -0.00550    -0.00001     0.00000     0.00000     0.00000     0.00000     0.00000    -0.08618
    -6.78312    -0.08123    -0.00013    -0.00563    -0.00011     0.00000     0.00000     0.00000     0.00000     0.00000    -0.08710
    -6.67912    -0.11180    -0.00025    -0.00797    -0.00032     0.00000     0.00000     0.00000     0.00000     0.00000    -0.12035
    -6.57512    -0.08928    -0.00050    -0.00634    -0.00056     0.00000     0.00000     0.00000     0.00000     0.00000    -0.09668
    -6.47112    -0.09788    -0.00038    -0.00711    -0.00046     0.00000     0.00000     0.00000     0.00000     0.00000    -0.10583
    -6.36712    -0.11420    -0.00126    -0.00838    -0.00072     0.00000     0.00000     0.00000     0.00000     0.00000    -0.12456
    -6.26312    -0.06412    -0.00062    -0.00459    -0.00042     0.00000     0.00000     0.00000     0.00000     0.00000    -0.06976
    -6.15912    -0.04662    -0.00087    -0.00334    -0.00082     0.00000     0.00000     0.00000     0.00000     0.00000    -0.05165
    -6.05512    -0.05972    -0.00087    -0.00408    -0.00078     0.00000     0.00000     0.00000     0.00000     0.00000    -0.06544
    -5.95112    -0.03921    -0.00101    -0.00277    -0.00095     0.00000     0.00000     0.00000     0.00000     0.00000    -0.04394
    -5.84712    -0.04250    -0.00041    -0.00278    -0.00043     0.00000     0.00000     0.00000     0.00000     0.00000    -0.04612
    -5.74312    -0.03431    -0.00026    -0.00213    -0.00045     0.00000     0.00000     0.00000     0.00000     0.00000    -0.03715
    -5.63912    -0.02983    -0.00073    -0.00177    -0.00056     0.00000     0.00000     0.00000     0.00000     0.00000    -0.03289
    -5.53612    -0.02764    -0.00040    -0.00152    -0.00043     0.00000     0.00000     0.00000     0.00000     0.00000    -0.02999
    -5.43212    -0.02944    -0.00044    -0.00184    -0.00044     0.00000     0.00000     0.00000     0.00000     0.00000    -0.03216
    -5.32812    -0.04955    -0.00074    -0.00290    -0.00072     0.00000     0.00000     0.00000     0.00000     0.00000    -0.05392
    -5.22412    -0.05232    -0.00035    -0.00287    -0.00030     0.00000     0.00000     0.00000     0.00000     0.00000    -0.05584
    -5.12012    -0.03922    -0.00044    -0.00203    -0.00030     0.00000     0.00000     0.00000     0.00000     0.00000    -0.04200
    -5.01612    -0.04308    -0.00052    -0.00204    -0.00043     0.00000     0.00000     0.00000     0.00000     0.00000    -0.04607
    -4.91212    -0.02719    -0.00029    -0.00126    -0.00033     0.00000     0.00000     0.00000     0.00000     0.00000    -0.02907
    -4.80812    -0.03440    -0.00042    -0.00165    -0.00040     0.00000     0.00000     0.00000     0.00000     0.00000    -0.03686
    -4.70412    -0.02704    -0.00042    -0.00108    -0.00045     0.00000     0.00000     0.00000     0.00000     0.00000    -0.02899
    -4.60012    -0.03396    -0.00027    -0.00139    -0.00027     0.00000     0.00000     0.00000     0.00000     0.00000    -0.03589
    -4.49612    -0.03085    -0.00026    -0.00138    -0.00024     0.00000     0.00000     0.00000     0.00000     0.00000    -0.03273
    -4.39212    -0.02268    -0.00050    -0.00121    -0.00045     0.00000     0.00000     0.00000     0.00000     0.00000    -0.02484
    -4.28812    -0.01908    -0.00065    -0.00097    -0.00068     0.00000     0.00000     0.00000     0.00000     0.00000    -0.02139
    -4.18412    -0.01703    -0.00085    -0.00091    -0.00087     0.00000     0.00000     0.00000     0.00000     0.00000    -0.01966
    -4.08012    -0.01263    -0.00066    -0.00055    -0.00053     0.00000     0.00000     0.00000     0.00000     0.00000    -0.01436
    -3.97612    -0.01632    -0.00033    -0.00071    -0.00034     0.00000     0.00000     0.00000     0.00000     0.00000    -0.01769
    -3.87212    -0.01495    -0.00053    -0.00069    -0.00060     0.00000     0.00000     0.00000     0.00000     0.00000    -0.01677
    -3.76812    -0.01808    -0.00078    -0.00100    -0.00105     0.00000     0.00000     0.00000     0.00000     0.00000    -0.02091
    -3.66412    -0.02392    -0.00096    -0.00112    -0.00098     0.00000     0.00000     0.00000     0.00000     0.00000    -0.02698
    -3.56012    -0.01326    -0.00079    -0.00068    -0.00064     0.00000     0.00000     0.00000     0.00000     0.00000    -0.01536
    -3.45612    -0.01462    -0.00089    -0.00076    -0.00092     0.00000     0.00000     0.00000     0.00000     0.00000    -0.01719
    -3.35212    -0.01600    -0.00077    -0.00073    -0.00091     0.00000     0.00000     0.00000     0.00000     0.00000    -0.01841
    -3.24912    -0.01188    -0.00094    -0.00056    -0.00095     0.00000     0.00000     0.00000     0.00000     0.00000    -0.01433
    -3.14512    -0.01316    -0.00109    -0.00055    -0.00083     0.00000     0.00000     0.00000     0.00000     0.00000    -0.01563
    -3.04112    -0.01446    -0.00139    -0.00085    -0.00154     0.00000     0.00000     0.00000     0.00000     0.00000    -0.01825
    -2.93712    -0.01351    -0.00125    -0.00084    -0.00164     0.00000     0.00000     0.00000     0.00000     0.00000    -0.01724
    -2.83312    -0.01274    -0.00160    -0.00068    -0.00125     0.00000     0.00000     0.00000     0.00000     0.00000    -0.01627
    -2.72912    -0.01256    -0.00159    -0.00079    -0.00171     0.00000     0.00000     0.00000     0.00000     0.00000    -0.01665
    -2.62512    -0.01191    -0.00144    -0.00077    -0.00139     0.00000     0.00000     0.00000     0.00000     0.00000    -0.01552
    -2.52112    -0.01463    -0.00190    -0.00115    -0.00164     0.00000     0.00000     0.00000     0.00000     0.00000    -0.01933
    -2.41712    -0.01073    -0.00203    -0.00054    -0.00216     0.00000     0.00000     0.00000     0.00000     0.00000    -0.01546
    -2.31312    -0.00921    -0.00130    -0.00059    -0.00136     0.00000     0.00000     0.00000     0.00000     0.00000    -0.01246
    -2.20912    -0.00738    -0.00155    -0.00066    -0.00186     0.00000     0.00000     0.00000     0.00000     0.00000    -0.01145
    -2.10512    -0.00714    -0.00197    -0.00064    -0.00200     0.00000     0.00000     0.00000     0.00000     0.00000    -0.01174
    -2.00112    -0.00863    -0.00184    -0.00079    -0.00162     0.00000     0.00000     0.00000     0.00000     0.00000    -0.01287
    -1.89712    -0.01060    -0.00132    -0.00035    -0.00204     0.00000     0.00000     0.00000     0.00000     0.00000    -0.01431
    -1.79312    -0.00740    -0.00154    -0.00061    -0.00174     0.00000     0.00000     0.00000     0.00000     0.00000    -0.01128
    -1.68912    -0.00494    -0.00171    -0.00037    -0.00155     0.00000     0.00000     0.00000     0.00000     0.00000    -0.00856
    -1.58512    -0.00383    -0.00213    -0.00045    -0.00222     0.00000     0.00000     0.00000     0.00000     0.00000    -0.00863
    -1.48112    -0.00276    -0.00199    -0.00042    -0.00162     0.00000     0.00000     0.00000     0.00000     0.00000    -0.00679
    -1.37712    -0.00174    -0.00154    -0.00040    -0.00146     0.00000     0.00000     0.00000     0.00000     0.00000    -0.00514
    -1.27312    -0.00312    -0.00198    -0.00047    -0.00229     0.00000     0.00000     0.00000     0.00000     0.00000    -0.00786
    -1.16912    -0.00302    -0.00167    -0.00054    -0.00207     0.00000     0.00000     0.00000     0.00000     0.00000    -0.00730
    -1.06512    -0.00124    -0.00105    -0.00060    -0.00124     0.00000     0.00000     0.00000     0.00000     0.00000    -0.00413
    -0.96112    -0.00252    -0.00095    -0.00036    -0.00102     0.00000     0.00000     0.00000     0.00000     0.00000    -0.00485
    -0.85812    -0.00080    -0.00059    -0.00046    -0.00069     0.00000     0.00000     0.00000     0.00000     0.00000    -0.00253
    -0.75412    -0.00079    -0.00088    -0.00070    -0.00095     0.00000     0.00000     0.00000     0.00000     0.00000    -0.00332
    -0.65012    -0.00078    -0.00078    -0.00054    -0.00089     0.00000     0.00000     0.00000     0.00000     0.00000    -0.00299
    -0.54612    -0.00058    -0.00039    -0.00145    -0.00049     0.00000     0.00000     0.00000     0.00000     0.00000    -0.00291
    -0.44212    -0.00052    -0.00049    -0.00185    -0.00051     0.00000     0.00000     0.00000     0.00000     0.00000    -0.00337
    -0.33812    -0.00639    -0.00038    -0.01341    -0.00051     0.00000     0.00000     0.00000     0.00000     0.00000    -0.02070
    -0.23412    -0.00549    -0.00020    -0.00747    -0.00029     0.00000     0.00000     0.00000     0.00000     0.00000    -0.01345
    -0.13012    -0.00432    -0.00029    -0.00413    -0.00023     0.00000     0.00000     0.00000     0.00000     0.00000    -0.00897
    -0.02612     0.00000     0.00000     0.00000     0.00000     0.00000     0.00000     0.00000     0.00000     0.00000     0.00000
     0.07788     0.00000     0.00000     0.00000     0.00000     0.00000     0.00000     0.00000     0.00000     0.00000     0.00000
     0.18188     0.00000     0.00000     0.00000     0.00000     0.00000     0.00000     0.00000     0.00000     0.00000     0.00000
     0.28588     0.00000     0.00000     0.00000     0.00000     0.00000     0.00000     0.00000     0.00000     0.00000     0.00000
     0.38988    -0.00001    -0.00034    -0.00003    -0.00017     0.00000     0.00000     0.00000     0.00000     0.00000    -0.00056
     0.49388     0.00000     0.00000     0.00000     0.00000     0.00000     0.00000     0.00000     0.00000     0.00000     0.00000
     0.59788     0.00000     0.00000     0.00000     0.00000     0.00000     0.00000     0.00000     0.00000     0.00000     0.00000
     0.70188     0.00000     0.00000     0.00000     0.00000     0.00000     0.00000     0.00000     0.00000     0.00000     0.00000
     0.80588     0.00000     0.00000     0.00000     0.00000     0.00000     0.00000     0.00000     0.00000     0.00000     0.00000
     0.90988     0.00000     0.00000     0.00000     0.00000     0.00000     0.00000     0.00000     0.00000     0.00000     0.00000
     1.01388     0.00000     0.00000     0.00000     0.00000     0.00000     0.00000     0.00000     0.00000     0.00000     0.00000
     1.11788     0.00000     0.00000     0.00000     0.00000     0.00000     0.00000     0.00000     0.00000     0.00000     0.00000
     1.22188     0.00000     0.00000     0.00000     0.00000     0.00000     0.00000     0.00000     0.00000     0.00000     0.00000
     1.32588     0.00000     0.00000     0.00000     0.00000     0.00000     0.00000     0.00000     0.00000     0.00000     0.00000
     1.42988     0.00000     0.00000     0.00000     0.00000     0.00000     0.00000     0.00000     0.00000     0.00000     0.00000
     1.53288     0.00000     0.00000     0.00000     0.00000     0.00000     0.00000     0.00000     0.00000     0.00000     0.00000
     1.63688     0.00000     0.00000     0.00000     0.00000     0.00000     0.00000     0.00000     0.00000     0.00000     0.00000
     1.74088     0.00000     0.00000     0.00000     0.00000     0.00000     0.00000     0.00000     0.00000     0.00000     0.00000
     1.84488     0.00000     0.00000     0.00000     0.00000     0.00000     0.00000     0.00000     0.00000     0.00000     0.00000
     1.94888     0.00000     0.00000     0.00000     0.00000     0.00000     0.00000     0.00000     0.00000     0.00000     0.00000
     2.05288    -0.00000    -0.00000    -0.00000    -0.00000     0.00000     0.00000     0.00000     0.00000     0.00000    -0.00000
     2.15688    -0.00001    -0.00000    -0.00001    -0.00000     0.00000     0.00000     0.00000     0.00000     0.00000    -0.00002
     2.26088    -0.00002    -0.00000    -0.00002    -0.00000     0.00000     0.00000     0.00000     0.00000     0.00000    -0.00004
     2.36488    -0.00007    -0.00000    -0.00005    -0.00000     0.00000     0.00000     0.00000     0.00000     0.00000    -0.00012
     2.46888    -0.00012    -0.00000    -0.00008    -0.00000     0.00000     0.00000     0.00000     0.00000     0.00000    -0.00020
     2.57288    -0.00019    -0.00001    -0.00011    -0.00001     0.00000     0.00000     0.00000     0.00000     0.00000    -0.00031
     2.67688    -0.00011    -0.00000    -0.00006    -0.00000     0.00000     0.00000     0.00000     0.00000     0.00000    -0.00018
     2.78088     0.00000     0.00000     0.00000     0.00000     0.00000     0.00000     0.00000     0.00000     0.00000     0.00000
     2.88488    -0.00001    -0.00000    -0.00000    -0.00000     0.00000     0.00000     0.00000     0.00000     0.00000    -0.00002
     2.98888    -0.00012    -0.00001    -0.00005    -0.00001     0.00000     0.00000     0.00000     0.00000     0.00000    -0.00018
     3.09288    -0.00030    -0.00002    -0.00010    -0.00002     0.00000     0.00000     0.00000     0.00000     0.00000    -0.00044
     3.19688    -0.00043    -0.00001    -0.00017    -0.00001     0.00000     0.00000     0.00000     0.00000     0.00000    -0.00063
     3.30088    -0.00010    -0.00001    -0.00005    -0.00001     0.00000     0.00000     0.00000     0.00000     0.00000    -0.00016
     3.40488    -0.00026    -0.00001    -0.00013    -0.00001     0.00000     0.00000     0.00000     0.00000     0.00000    -0.00041
     3.50888    -0.00031    -0.00001    -0.00012    -0.00001     0.00000     0.00000     0.00000     0.00000     0.00000    -0.00046
     3.61288    -0.00030    -0.00001    -0.00006    -0.00002     0.00000     0.00000     0.00000     0.00000     0.00000    -0.00040
     3.71688    -0.00083    -0.00004    -0.00025    -0.00005     0.00000     0.00000     0.00000     0.00000     0.00000    -0.00117
     3.82088    -0.00045    -0.00002    -0.00019    -0.00002     0.00000     0.00000     0.00000     0.00000     0.00000    -0.00068
     3.92388    -0.00063    -0.00004    -0.00019    -0.00003     0.00000     0.00000     0.00000     0.00000     0.00000    -0.00089
     4.02788    -0.00038    -0.00002    -0.00008    -0.00003     0.00000     0.00000     0.00000     0.00000     0.00000    -0.00051
     4.13188    -0.00103    -0.00008    -0.00027    -0.00006     0.00000     0.00000     0.00000     0.00000     0.00000    -0.00144
     4.23588    -0.00154    -0.00011    -0.00030    -0.00011     0.00000     0.00000     0.00000     0.00000     0.00000    -0.00206
     4.33988    -0.00186    -0.00018    -0.00057    -0.00021     0.00000     0.00000     0.00000     0.00000     0.00000    -0.00282
     4.44388    -0.00324    -0.00028    -0.00067    -0.00029     0.00000     0.00000     0.00000     0.00000     0.00000    -0.00447
     4.54788    -0.00374    -0.00033    -0.00060    -0.00026     0.00000     0.00000     0.00000     0.00000     0.00000    -0.00494
     4.65188    -0.00567    -0.00042    -0.00107    -0.00041     0.00000     0.00000     0.00000     0.00000     0.00000    -0.00757
     4.75588    -0.00344    -0.00029    -0.00085    -0.00032     0.00000     0.00000     0.00000     0.00000     0.00000    -0.00489
     4.85988    -0.00338    -0.00035    -0.00090    -0.00036     0.00000     0.00000     0.00000     0.00000     0.00000    -0.00499
     4.96388    -0.00739    -0.00072    -0.00190    -0.00086     0.00000     0.00000     0.00000     0.00000     0.00000    -0.01087
     5.06788    -0.00488    -0.00057    -0.00179    -0.00164     0.00000     0.00000     0.00000     0.00000     0.00000    -0.00888
     5.17188    -0.00465    -0.00061    -0.00244    -0.00052     0.00000     0.00000     0.00000     0.00000     0.00000    -0.00822
     5.27588    -0.00462    -0.00045    -0.00114    -0.00049     0.00000     0.00000     0.00000     0.00000     0.00000    -0.00670
     5.37988    -0.00401    -0.00059    -0.00117    -0.00068     0.00000     0.00000     0.00000     0.00000     0.00000    -0.00646
     5.48388    -0.00550    -0.00086    -0.00185    -0.00081     0.00000     0.00000     0.00000     0.00000     0.00000    -0.00902
     5.58788    -0.00530    -0.00154    -0.00198    -0.00111     0.00000     0.00000     0.00000     0.00000     0.00000    -0.00993
     5.69188    -0.00605    -0.00090    -0.00220    -0.00087     0.00000     0.00000     0.00000     0.00000     0.00000    -0.01002
     5.79588    -0.00369    -0.00079    -0.00174    -0.00088     0.00000     0.00000     0.00000     0.00000     0.00000    -0.00710
     5.89988    -0.00417    -0.00099    -0.00172    -0.00088     0.00000     0.00000     0.00000     0.00000     0.00000    -0.00775
     6.00388    -0.00477    -0.00106    -0.00236    -0.00112     0.00000     0.00000     0.00000     0.00000     0.00000    -0.00931
     6.10788    -0.00433    -0.00107    -0.00168    -0.00094     0.00000     0.00000     0.00000     0.00000     0.00000    -0.00802
     6.21088    -0.00402    -0.00095    -0.00192    -0.00134     0.00000     0.00000     0.00000     0.00000     0.00000    -0.00824
     6.31488    -0.00269    -0.00086    -0.00130    -0.00068     0.00000     0.00000     0.00000     0.00000     0.00000    -0.00553
     6.41888    -0.00378    -0.00123    -0.00198    -0.00107     0.00000     0.00000     0.00000     0.00000     0.00000    -0.00806
     6.52288    -0.00332    -0.00118    -0.00224    -0.00129     0.00000     0.00000     0.00000     0.00000     0.00000    -0.00803
     6.62688    -0.00261    -0.00111    -0.00238    -0.00111     0.00000     0.00000     0.00000     0.00000     0.00000    -0.00721
     6.73088    -0.00252    -0.00127    -0.00253    -0.00131     0.00000     0.00000     0.00000     0.00000     0.00000    -0.00763
     6.83488    -0.00455    -0.00181    -0.00438    -0.00169     0.00000     0.00000     0.00000     0.00000     0.00000    -0.01243
     6.93888    -0.00376    -0.00059    -0.00312    -0.00061     0.00000     0.00000     0.00000     0.00000     0.00000    -0.00808
     7.04288    -0.00292    -0.00042    -0.00145    -0.00036     0.00000     0.00000     0.00000     0.00000     0.00000    -0.00515
     7.14688    -0.01029    -0.00093    -0.00138    -0.00107     0.00000     0.00000     0.00000     0.00000     0.00000    -0.01366
     7.25088    -0.01279    -0.00125    -0.00244    -0.00110     0.00000     0.00000     0.00000     0.00000     0.00000    -0.01757
     7.35488    -0.01413    -0.00184    -0.00310    -0.00206     0.00000     0.00000     0.00000     0.00000     0.00000    -0.02114
     7.45888    -0.01668    -0.00134    -0.00461    -0.00143     0.00000     0.00000     0.00000     0.00000     0.00000    -0.02406
     7.56288    -0.01140    -0.00095    -0.00198    -0.00083     0.00000     0.00000     0.00000     0.00000     0.00000    -0.01517
     7.66688    -0.01352    -0.00211    -0.00280    -0.00206     0.00000     0.00000     0.00000     0.00000     0.00000    -0.02048
     7.77088    -0.01721    -0.00112    -0.00416    -0.00121     0.00000     0.00000     0.00000     0.00000     0.00000    -0.02370
     7.87488    -0.01750    -0.00202    -0.00198    -0.00201     0.00000     0.00000     0.00000     0.00000     0.00000    -0.02352
     7.97888    -0.01781    -0.00164    -0.00224    -0.00170     0.00000     0.00000     0.00000     0.00000     0.00000    -0.02338
     8.08288    -0.01332    -0.00183    -0.00385    -0.00202     0.00000     0.00000     0.00000     0.00000     0.00000    -0.02101
     8.18688    -0.01552    -0.00285    -0.00345    -0.00235     0.00000     0.00000     0.00000     0.00000     0.00000    -0.02416
     8.29088    -0.02345    -0.00157    -0.00322    -0.00202     0.00000     0.00000     0.00000     0.00000     0.00000    -0.03026
     8.39488    -0.00915    -0.00048    -0.00391    -0.00036     0.00000     0.00000     0.00000     0.00000     0.00000    -0.01391
     8.49888    -0.02113    -0.00034    -0.00823    -0.00040     0.00000     0.00000     0.00000     0.00000     0.00000    -0.03011
     8.60188    -0.01853    -0.00016    -0.00679    -0.00025     0.00000     0.00000     0.00000     0.00000     0.00000    -0.02573
     8.70588    -0.03991    -0.00013    -0.01013    -0.00014     0.00000     0.00000     0.00000     0.00000     0.00000    -0.05031
     8.80988    -0.08596    -0.00011    -0.01963    -0.00008     0.00000     0.00000     0.00000     0.00000     0.00000    -0.10579
     8.91388    -0.01793    -0.00017    -0.00491    -0.00011     0.00000     0.00000     0.00000     0.00000     0.00000    -0.02313
     9.01788    -0.02789    -0.00027    -0.00657    -0.00040     0.00000     0.00000     0.00000     0.00000     0.00000    -0.03513
     9.12188    -0.01660    -0.00030    -0.00419    -0.00037     0.00000     0.00000     0.00000     0.00000     0.00000    -0.02146
     9.22588    -0.03069    -0.00028    -0.00823    -0.00027     0.00000     0.00000     0.00000     0.00000     0.00000    -0.03948
     9.32988    -0.02162    -0.00030    -0.00595    -0.00045     0.00000     0.00000     0.00000     0.00000     0.00000    -0.02832
     9.43388    -0.02698    -0.00056    -0.00582    -0.00068     0.00000     0.00000     0.00000     0.00000     0.00000    -0.03404
     9.53788    -0.02412    -0.00127    -0.00566    -0.00112     0.00000     0.00000     0.00000     0.00000     0.00000    -0.03218
     9.64188    -0.05308    -0.00102    -0.01316    -0.00199     0.00000     0.00000     0.00000     0.00000     0.00000    -0.06926
     9.74588    -0.02406    -0.00164    -0.00948    -0.00125     0.00000     0.00000     0.00000     0.00000     0.00000    -0.03644
     9.84988    -0.02120    -0.00168    -0.00999    -0.00201     0.00000     0.00000     0.00000     0.00000     0.00000    -0.03487
     9.95388    -0.02082    -0.00135    -0.01319    -0.00121     0.00000     0.00000     0.00000     0.00000     0.00000    -0.03657
    10.05788    -0.01211    -0.00195    -0.01181    -0.00177     0.00000     0.00000     0.00000     0.00000     0.00000    -0.02764
    10.16188    -0.01510    -0.00161    -0.01402    -0.00147     0.00000     0.00000     0.00000     0.00000     0.00000    -0.03220
    10.26588    -0.01939    -0.00113    -0.01958    -0.00143     0.00000     0.00000     0.00000     0.00000     0.00000    -0.04153
    10.36988    -0.01339    -0.00106    -0.02206    -0.00114     0.00000     0.00000     0.00000     0.00000     0.00000    -0.03765
    10.47388    -0.02005    -0.00172    -0.03038    -0.00144     0.00000     0.00000     0.00000     0.00000     0.00000    -0.05359
    10.57788    -0.00862    -0.00094    -0.01458    -0.00073     0.00000     0.00000     0.00000     0.00000     0.00000    -0.02487
    10.68188    -0.00237    -0.00042    -0.00436    -0.00041     0.00000     0.00000     0.00000     0.00000     0.00000    -0.00757
    10.78588    -0.00105    -0.00046    -0.00253    -0.00021     0.00000     0.00000     0.00000     0.00000     0.00000    -0.00426
    10.88988    -0.00036    -0.00009    -0.00073    -0.00007     0.00000     0.00000     0.00000     0.00000     0.00000    -0.00124
    10.99288    -0.00010    -0.00002    -0.00021    -0.00001     0.00000     0.00000     0.00000     0.00000     0.00000    -0.00034
    11.09688     0.00000     0.00000     0.00000     0.00000     0.00000     0.00000     0.00000     0.00000     0.00000     0.00000
    11.20088     0.00000     0.00000     0.00000     0.00000     0.00000     0.00000     0.00000     0.00000     0.00000     0.00000
    11.30488     0.00000     0.00000     0.00000     0.00000     0.00000     0.00000     0.00000     0.00000     0.00000     0.00000
    11.40888     0.00000     0.00000     0.00000     0.00000     0.00000     0.00000     0.00000     0.00000     0.00000     0.00000
    11.51288     0.00000     0.00000     0.00000     0.00000     0.00000     0.00000     0.00000     0.00000     0.00000     0.00000
    11.61688     0.00000     0.00000     0.00000     0.00000     0.00000     0.00000     0.00000     0.00000     0.00000     0.00000
    11.72088     0.00000     0.00000     0.00000     0.00000     0.00000     0.00000     0.00000     0.00000     0.00000     0.00000
    11.82488     0.00000     0.00000     0.00000     0.00000     0.00000     0.00000     0.00000     0.00000     0.00000     0.00000
    11.92888     0.00000     0.00000     0.00000     0.00000     0.00000     0.00000     0.00000     0.00000     0.00000     0.00000
    12.03288     0.00000     0.00000     0.00000     0.00000     0.00000     0.00000     0.00000     0.00000     0.00000     0.00000
    12.13688     0.00000     0.00000     0.00000     0.00000     0.00000     0.00000     0.00000     0.00000     0.00000     0.00000
    12.24088     0.00000     0.00000     0.00000     0.00000     0.00000     0.00000     0.00000     0.00000     0.00000     0.00000
    12.34488     0.00000     0.00000     0.00000     0.00000     0.00000     0.00000     0.00000     0.00000     0.00000     0.00000
    12.44888     0.00000     0.00000     0.00000     0.00000     0.00000     0.00000     0.00000     0.00000     0.00000     0.00000
    12.55288     0.00000     0.00000     0.00000     0.00000     0.00000     0.00000     0.00000     0.00000     0.00000     0.00000
    12.65688     0.00000     0.00000     0.00000     0.00000     0.00000     0.00000     0.00000     0.00000     0.00000     0.00000
    12.76088     0.00000     0.00000     0.00000     0.00000     0.00000     0.00000     0.00000     0.00000     0.00000     0.00000
    12.86488     0.00000     0.00000     0.00000     0.00000     0.00000     0.00000     0.00000     0.00000     0.00000     0.00000
    12.96888     0.00000     0.00000     0.00000     0.00000     0.00000     0.00000     0.00000     0.00000     0.00000     0.00000
    13.07288     0.00000     0.00000     0.00000     0.00000     0.00000     0.00000     0.00000     0.00000     0.00000     0.00000
