     #Energy           s          py          pz          px         dxy         dyz         dz2         dxz         dx2       tot  
   -18.11412     0.00000     0.00000     0.00000     0.00000     0.00000     0.00000     0.00000     0.00000     0.00000     0.00000
   -18.01012     0.00000     0.00000     0.00000     0.00000     0.00000     0.00000     0.00000     0.00000     0.00000     0.00000
   -17.90612     0.00000     0.00000     0.00000     0.00000     0.00000     0.00000     0.00000     0.00000     0.00000     0.00000
   -17.80212     0.00000     0.00000     0.00000     0.00000     0.00000     0.00000     0.00000     0.00000     0.00000     0.00000
   -17.69812     0.00000     0.00000     0.00000     0.00000     0.00000     0.00000     0.00000     0.00000     0.00000     0.00000
   -17.59412     0.00000     0.00000     0.00000     0.00000     0.00000     0.00000     0.00000     0.00000     0.00000     0.00000
   -17.49012     0.00000     0.00000     0.00000     0.00000     0.00000     0.00000     0.00000     0.00000     0.00000     0.00000
   -17.38712     0.00000     0.00000     0.00000     0.00000     0.00000     0.00000     0.00000     0.00000     0.00000     0.00000
   -17.28312     0.00000     0.00000     0.00000     0.00000     0.00000     0.00000     0.00000     0.00000     0.00000     0.00000
   -17.17912     0.00000     0.00000     0.00000     0.00000     0.00000     0.00000     0.00000     0.00000     0.00000     0.00000
   -17.07512     0.00000     0.00000     0.00000     0.00000     0.00000     0.00000     0.00000     0.00000     0.00000     0.00000
   -16.97112     0.00000     0.00000     0.00000     0.00000     0.00000     0.00000     0.00000     0.00000     0.00000     0.00000
   -16.86712     0.00000     0.00000     0.00000     0.00000     0.00000     0.00000     0.00000     0.00000     0.00000     0.00000
   -16.76312     0.00000     0.00000     0.00000     0.00000     0.00000     0.00000     0.00000     0.00000     0.00000     0.00000
   -16.65912     0.00000     0.00000     0.00000     0.00000     0.00000     0.00000     0.00000     0.00000     0.00000     0.00000
   -16.55512     0.00000     0.00000     0.00000     0.00000     0.00000     0.00000     0.00000     0.00000     0.00000     0.00000
   -16.45112     0.00000     0.00000     0.00000     0.00000     0.00000     0.00000     0.00000     0.00000     0.00000     0.00000
   -16.34712     0.00000     0.00000     0.00000     0.00000     0.00000     0.00000     0.00000     0.00000     0.00000     0.00000
   -16.24312     0.00000     0.00000     0.00000     0.00000     0.00000     0.00000     0.00000     0.00000     0.00000     0.00000
   -16.13912     0.00000     0.00000     0.00000     0.00000     0.00000     0.00000     0.00000     0.00000     0.00000     0.00000
   -16.03512     0.63860     0.00000     0.00516     0.00000     0.00000     0.00000     0.00000     0.00000     0.00000     0.64377
   -15.93112     0.59440     0.00002     0.00520     0.00003     0.00000     0.00000     0.00000     0.00000     0.00000     0.59965
   -15.82712     1.28600     0.00002     0.01133     0.00002     0.00000     0.00000     0.00000     0.00000     0.00000     1.29737
   -15.72312     0.53040     0.00004     0.00482     0.00003     0.00000     0.00000     0.00000     0.00000     0.00000     0.53529
   -15.61912     0.47870     0.00003     0.00465     0.00003     0.00000     0.00000     0.00000     0.00000     0.00000     0.48341
   -15.51512     0.60810     0.00003     0.00588     0.00003     0.00000     0.00000     0.00000     0.00000     0.00000     0.61404
   -15.41112     0.24680     0.00003     0.00265     0.00005     0.00000     0.00000     0.00000     0.00000     0.00000     0.24952
   -15.30712     0.10790     0.00006     0.00122     0.00006     0.00000     0.00000     0.00000     0.00000     0.00000     0.10924
   -15.20312     0.08008     0.00005     0.00092     0.00004     0.00000     0.00000     0.00000     0.00000     0.00000     0.08109
   -15.09912     0.03396     0.00007     0.00051     0.00007     0.00000     0.00000     0.00000     0.00000     0.00000     0.03461
   -14.99612     0.02108     0.00001     0.00020     0.00001     0.00000     0.00000     0.00000     0.00000     0.00000     0.02130
   -14.89212     0.00000     0.00000     0.00000     0.00000     0.00000     0.00000     0.00000     0.00000     0.00000     0.00000
   -14.78812     0.00000     0.00000     0.00000     0.00000     0.00000     0.00000     0.00000     0.00000     0.00000     0.00000
   -14.68412     0.00000     0.00000     0.00000     0.00000     0.00000     0.00000     0.00000     0.00000     0.00000     0.00000
   -14.58012     0.00000     0.00000     0.00000     0.00000     0.00000     0.00000     0.00000     0.00000     0.00000     0.00000
   -14.47612     0.00000     0.00000     0.00000     0.00000     0.00000     0.00000     0.00000     0.00000     0.00000     0.00000
   -14.37212     0.00000     0.00000     0.00000     0.00000     0.00000     0.00000     0.00000     0.00000     0.00000     0.00000
   -14.26812     0.00000     0.00000     0.00000     0.00000     0.00000     0.00000     0.00000     0.00000     0.00000     0.00000
   -14.16412     0.00000     0.00000     0.00000     0.00000     0.00000     0.00000     0.00000     0.00000     0.00000     0.00000
   -14.06012     0.00000     0.00000     0.00000     0.00000     0.00000     0.00000     0.00000     0.00000     0.00000     0.00000
   -13.95612     0.00000     0.00000     0.00000     0.00000     0.00000     0.00000     0.00000     0.00000     0.00000     0.00000
   -13.85212     0.00000     0.00000     0.00000     0.00000     0.00000     0.00000     0.00000     0.00000     0.00000     0.00000
   -13.74812     0.00000     0.00000     0.00000     0.00000     0.00000     0.00000     0.00000     0.00000     0.00000     0.00000
   -13.64412     0.00000     0.00000     0.00000     0.00000     0.00000     0.00000     0.00000     0.00000     0.00000     0.00000
   -13.54012     0.00000     0.00000     0.00000     0.00000     0.00000     0.00000     0.00000     0.00000     0.00000     0.00000
   -13.43612     0.00323     0.03254     0.02267     0.01787     0.00000     0.00000     0.00000     0.00000     0.00000     0.07631
   -13.33212     0.01717     0.00992     0.01823     0.01209     0.00000     0.00000     0.00000     0.00000     0.00000     0.05741
   -13.22812     0.02005     0.00495     0.00523     0.00830     0.00000     0.00000     0.00000     0.00000     0.00000     0.03853
   -13.12412     0.01909     0.00428     0.00325     0.00633     0.00000     0.00000     0.00000     0.00000     0.00000     0.03295
   -13.02012     0.06242     0.00106     0.00506     0.00080     0.00000     0.00000     0.00000     0.00000     0.00000     0.06934
   -12.91612     0.08814     0.00072     0.00765     0.00153     0.00000     0.00000     0.00000     0.00000     0.00000     0.09805
   -12.81212     0.11720     0.00182     0.01141     0.00174     0.00000     0.00000     0.00000     0.00000     0.00000     0.13217
   -12.70912     0.07815     0.00091     0.00901     0.00117     0.00000     0.00000     0.00000     0.00000     0.00000     0.08924
   -12.60512     0.06507     0.00144     0.00873     0.00190     0.00000     0.00000     0.00000     0.00000     0.00000     0.07713
   -12.50112     0.10220     0.00072     0.01188     0.00156     0.00000     0.00000     0.00000     0.00000     0.00000     0.11636
   -12.39712     0.06477     0.00252     0.00877     0.00123     0.00000     0.00000     0.00000     0.00000     0.00000     0.07730
   -12.29312     0.03856     0.00148     0.00582     0.00150     0.00000     0.00000     0.00000     0.00000     0.00000     0.04736
   -12.18912     0.03263     0.00176     0.00668     0.00197     0.00000     0.00000     0.00000     0.00000     0.00000     0.04303
   -12.08512     0.02450     0.00145     0.00454     0.00148     0.00000     0.00000     0.00000     0.00000     0.00000     0.03197
   -11.98112     0.02194     0.00131     0.00409     0.00219     0.00000     0.00000     0.00000     0.00000     0.00000     0.02953
   -11.87712     0.03810     0.00220     0.00489     0.00120     0.00000     0.00000     0.00000     0.00000     0.00000     0.04639
   -11.77312     0.02880     0.00137     0.00468     0.00145     0.00000     0.00000     0.00000     0.00000     0.00000     0.03631
   -11.66912     0.01384     0.00049     0.00239     0.00062     0.00000     0.00000     0.00000     0.00000     0.00000     0.01734
   -11.56512     0.01877     0.00050     0.00363     0.00059     0.00000     0.00000     0.00000     0.00000     0.00000     0.02349
   -11.46112     0.02271     0.00108     0.00341     0.00090     0.00000     0.00000     0.00000     0.00000     0.00000     0.02809
   -11.35712     0.01968     0.00115     0.00328     0.00068     0.00000     0.00000     0.00000     0.00000     0.00000     0.02479
   -11.25312     0.00470     0.00032     0.00085     0.00030     0.00000     0.00000     0.00000     0.00000     0.00000     0.00616
   -11.14912     0.00000     0.00000     0.00000     0.00000     0.00000     0.00000     0.00000     0.00000     0.00000     0.00000
   -11.04512     0.00000     0.00000     0.00000     0.00000     0.00000     0.00000     0.00000     0.00000     0.00000     0.00000
   -10.94112     0.00000     0.00000     0.00000     0.00000     0.00000     0.00000     0.00000     0.00000     0.00000     0.00000
   -10.83712     0.00000     0.00000     0.00000     0.00000     0.00000     0.00000     0.00000     0.00000     0.00000     0.00000
   -10.73312     0.00000     0.00000     0.00000     0.00000     0.00000     0.00000     0.00000     0.00000     0.00000     0.00000
   -10.62912     0.00000     0.00000     0.00000     0.00000     0.00000     0.00000     0.00000     0.00000     0.00000     0.00000
   -10.52512     0.00000     0.00000     0.00000     0.00000     0.00000     0.00000     0.00000     0.00000     0.00000     0.00000
   -10.42112     0.00000     0.00000     0.00000     0.00000     0.00000     0.00000     0.00000     0.00000     0.00000     0.00000
   -10.31812     0.00000     0.00000     0.00000     0.00000     0.00000     0.00000     0.00000     0.00000     0.00000     0.00000
   -10.21412     0.00000     0.00000     0.00000     0.00000     0.00000     0.00000     0.00000     0.00000     0.00000     0.00000
   -10.11012     0.00000     0.00000     0.00000     0.00000     0.00000     0.00000     0.00000     0.00000     0.00000     0.00000
   -10.00612     0.00000     0.00000     0.00000     0.00000     0.00000     0.00000     0.00000     0.00000     0.00000     0.00000
    -9.90212     0.00000     0.00000     0.00000     0.00000     0.00000     0.00000     0.00000     0.00000     0.00000     0.00000
    -9.79812     0.00000     0.00000     0.00000     0.00000     0.00000     0.00000     0.00000     0.00000     0.00000     0.00000
    -9.69412     0.00000     0.00000     0.00000     0.00000     0.00000     0.00000     0.00000     0.00000     0.00000     0.00000
    -9.59012     0.00000     0.00000     0.00000     0.00000     0.00000     0.00000     0.00000     0.00000     0.00000     0.00000
    -9.48612     0.00000     0.00000     0.00000     0.00000     0.00000     0.00000     0.00000     0.00000     0.00000     0.00000
    -9.38212     0.00000     0.00000     0.00000     0.00000     0.00000     0.00000     0.00000     0.00000     0.00000     0.00000
    -9.27812     0.00000     0.00000     0.00000     0.00000     0.00000     0.00000     0.00000     0.00000     0.00000     0.00000
    -9.17412     0.00000     0.00000     0.00000     0.00000     0.00000     0.00000     0.00000     0.00000     0.00000     0.00000
    -9.07012     0.00000     0.00000     0.00000     0.00000     0.00000     0.00000     0.00000     0.00000     0.00000     0.00000
    -8.96612     0.00000     0.00000     0.00000     0.00000     0.00000     0.00000     0.00000     0.00000     0.00000     0.00000
    -8.86212     0.00000     0.00000     0.00000     0.00000     0.00000     0.00000     0.00000     0.00000     0.00000     0.00000
    -8.75812     0.00000     0.00000     0.00000     0.00000     0.00000     0.00000     0.00000     0.00000     0.00000     0.00000
    -8.65412     0.00000     0.00000     0.00000     0.00000     0.00000     0.00000     0.00000     0.00000     0.00000     0.00000
    -8.55012     0.00000     0.00000     0.00000     0.00000     0.00000     0.00000     0.00000     0.00000     0.00000     0.00000
    -8.44612     0.00000     0.00000     0.00000     0.00000     0.00000     0.00000     0.00000     0.00000     0.00000     0.00000
    -8.34212     0.00000     0.00000     0.00000     0.00000     0.00000     0.00000     0.00000     0.00000     0.00000     0.00000
    -8.23812     0.00000     0.00000     0.00000     0.00000     0.00000     0.00000     0.00000     0.00000     0.00000     0.00000
    -8.13412     0.00000     0.00000     0.00000     0.00000     0.00000     0.00000     0.00000     0.00000     0.00000     0.00000
    -8.03012     0.00000     0.00000     0.00000     0.00000     0.00000     0.00000     0.00000     0.00000     0.00000     0.00000
    -7.92712     0.00000     0.00000     0.00000     0.00000     0.00000     0.00000     0.00000     0.00000     0.00000     0.00000
    -7.82312     0.00000     0.00000     0.00000     0.00000     0.00000     0.00000     0.00000     0.00000     0.00000     0.00000
    -7.71912     0.00000     0.00000     0.00000     0.00000     0.00000     0.00000     0.00000     0.00000     0.00000     0.00000
    -7.61512     0.00000     0.00000     0.00000     0.00000     0.00000     0.00000     0.00000     0.00000     0.00000     0.00000
    -7.51112     0.00000     0.00000     0.00000     0.00000     0.00000     0.00000     0.00000     0.00000     0.00000     0.00000
    -7.40712     0.00000     0.00000     0.00000     0.00000     0.00000     0.00000     0.00000     0.00000     0.00000     0.00000
    -7.30312     0.00000     0.00000     0.00000     0.00000     0.00000     0.00000     0.00000     0.00000     0.00000     0.00000
    -7.19912     0.00000     0.00000     0.00000     0.00000     0.00000     0.00000     0.00000     0.00000     0.00000     0.00000
    -7.09512     0.00001     0.00000     0.01709     0.00000     0.00000     0.00000     0.00000     0.00000     0.00000     0.01711
    -6.99112     0.00004     0.00000     0.04362     0.00001     0.00000     0.00000     0.00000     0.00000     0.00000     0.04367
    -6.88712     0.00013     0.00145     0.15690     0.00082     0.00000     0.00000     0.00000     0.00000     0.00000     0.15931
    -6.78312     0.00011     0.00951     0.15200     0.00792     0.00000     0.00000     0.00000     0.00000     0.00000     0.16954
    -6.67912     0.00039     0.01774     0.19960     0.02268     0.00000     0.00000     0.00000     0.00000     0.00000     0.24041
    -6.57512     0.00103     0.04832     0.19380     0.04240     0.00000     0.00000     0.00000     0.00000     0.00000     0.28555
    -6.47112     0.00088     0.02692     0.17320     0.03169     0.00000     0.00000     0.00000     0.00000     0.00000     0.23269
    -6.36712     0.00173     0.06170     0.10800     0.04443     0.00000     0.00000     0.00000     0.00000     0.00000     0.21586
    -6.26312     0.00123     0.04623     0.11740     0.02991     0.00000     0.00000     0.00000     0.00000     0.00000     0.19477
    -6.15912     0.00282     0.06046     0.08781     0.06899     0.00000     0.00000     0.00000     0.00000     0.00000     0.22008
    -6.05512     0.00319     0.06608     0.10990     0.06256     0.00000     0.00000     0.00000     0.00000     0.00000     0.24173
    -5.95112     0.00321     0.06246     0.06457     0.06553     0.00000     0.00000     0.00000     0.00000     0.00000     0.19577
    -5.84712     0.00486     0.03001     0.12110     0.03510     0.00000     0.00000     0.00000     0.00000     0.00000     0.19107
    -5.74312     0.00245     0.01780     0.06339     0.03006     0.00000     0.00000     0.00000     0.00000     0.00000     0.11370
    -5.63912     0.00434     0.04622     0.05907     0.03613     0.00000     0.00000     0.00000     0.00000     0.00000     0.14576
    -5.53612     0.00414     0.02645     0.05646     0.02878     0.00000     0.00000     0.00000     0.00000     0.00000     0.11583
    -5.43212     0.00427     0.03324     0.06459     0.03287     0.00000     0.00000     0.00000     0.00000     0.00000     0.13497
    -5.32812     0.00770     0.05415     0.11690     0.05107     0.00000     0.00000     0.00000     0.00000     0.00000     0.22982
    -5.22412     0.01301     0.02762     0.14820     0.02557     0.00000     0.00000     0.00000     0.00000     0.00000     0.21440
    -5.12012     0.01033     0.02766     0.07669     0.02674     0.00000     0.00000     0.00000     0.00000     0.00000     0.14142
    -5.01612     0.01420     0.02905     0.09404     0.02696     0.00000     0.00000     0.00000     0.00000     0.00000     0.16425
    -4.91212     0.01123     0.01884     0.06479     0.02150     0.00000     0.00000     0.00000     0.00000     0.00000     0.11636
    -4.80812     0.01464     0.02726     0.08181     0.02427     0.00000     0.00000     0.00000     0.00000     0.00000     0.14798
    -4.70412     0.02077     0.03382     0.07536     0.03077     0.00000     0.00000     0.00000     0.00000     0.00000     0.16072
    -4.60012     0.01710     0.01449     0.07456     0.01709     0.00000     0.00000     0.00000     0.00000     0.00000     0.12324
    -4.49612     0.01872     0.01902     0.12310     0.02073     0.00000     0.00000     0.00000     0.00000     0.00000     0.18157
    -4.39212     0.01478     0.04089     0.06137     0.03457     0.00000     0.00000     0.00000     0.00000     0.00000     0.15161
    -4.28812     0.01277     0.04336     0.05528     0.04847     0.00000     0.00000     0.00000     0.00000     0.00000     0.15988
    -4.18412     0.01473     0.04759     0.04505     0.04891     0.00000     0.00000     0.00000     0.00000     0.00000     0.15628
    -4.08012     0.00634     0.02679     0.01914     0.02134     0.00000     0.00000     0.00000     0.00000     0.00000     0.07361
    -3.97612     0.00744     0.02048     0.03252     0.01878     0.00000     0.00000     0.00000     0.00000     0.00000     0.07922
    -3.87212     0.01358     0.03680     0.04858     0.04204     0.00000     0.00000     0.00000     0.00000     0.00000     0.14100
    -3.76812     0.01537     0.05246     0.04756     0.07505     0.00000     0.00000     0.00000     0.00000     0.00000     0.19044
    -3.66412     0.01589     0.06083     0.04969     0.05553     0.00000     0.00000     0.00000     0.00000     0.00000     0.18194
    -3.56012     0.01162     0.05463     0.04708     0.04233     0.00000     0.00000     0.00000     0.00000     0.00000     0.15566
    -3.45612     0.01452     0.05648     0.04243     0.06154     0.00000     0.00000     0.00000     0.00000     0.00000     0.17497
    -3.35212     0.01467     0.10620     0.04331     0.08860     0.00000     0.00000     0.00000     0.00000     0.00000     0.25278
    -3.24912     0.04066     0.07958     0.13290     0.12590     0.00000     0.00000     0.00000     0.00000     0.00000     0.37904
    -3.14512     0.00736     0.06108     0.02187     0.05066     0.00000     0.00000     0.00000     0.00000     0.00000     0.14097
    -3.04112     0.00988     0.11650     0.03936     0.10550     0.00000     0.00000     0.00000     0.00000     0.00000     0.27124
    -2.93712     0.01337     0.08136     0.03410     0.13000     0.00000     0.00000     0.00000     0.00000     0.00000     0.25883
    -2.83312     0.01157     0.09135     0.03558     0.08697     0.00000     0.00000     0.00000     0.00000     0.00000     0.22547
    -2.72912     0.00646     0.09801     0.02992     0.09493     0.00000     0.00000     0.00000     0.00000     0.00000     0.22932
    -2.62512     0.01067     0.10530     0.03260     0.12100     0.00000     0.00000     0.00000     0.00000     0.00000     0.26957
    -2.52112     0.01139     0.36190     0.07107     0.32300     0.00000     0.00000     0.00000     0.00000     0.00000     0.76736
    -2.41712     0.00869     0.20030     0.03448     0.12540     0.00000     0.00000     0.00000     0.00000     0.00000     0.36887
    -2.31312     0.00762     0.08266     0.02867     0.08877     0.00000     0.00000     0.00000     0.00000     0.00000     0.20772
    -2.20912     0.00840     0.09506     0.02549     0.11460     0.00000     0.00000     0.00000     0.00000     0.00000     0.24355
    -2.10512     0.00569     0.13730     0.02565     0.12100     0.00000     0.00000     0.00000     0.00000     0.00000     0.28964
    -2.00112     0.00649     0.11910     0.02396     0.10720     0.00000     0.00000     0.00000     0.00000     0.00000     0.25675
    -1.89712     0.00704     0.06612     0.02001     0.10450     0.00000     0.00000     0.00000     0.00000     0.00000     0.19767
    -1.79312     0.00597     0.10740     0.01691     0.12240     0.00000     0.00000     0.00000     0.00000     0.00000     0.25268
    -1.68912     0.00407     0.09372     0.01750     0.09505     0.00000     0.00000     0.00000     0.00000     0.00000     0.21034
    -1.58512     0.00419     0.13780     0.01688     0.14020     0.00000     0.00000     0.00000     0.00000     0.00000     0.29908
    -1.48112     0.00360     0.10230     0.02019     0.10290     0.00000     0.00000     0.00000     0.00000     0.00000     0.22899
    -1.37712     0.00428     0.07696     0.01575     0.09134     0.00000     0.00000     0.00000     0.00000     0.00000     0.18833
    -1.27312     0.00481     0.15480     0.02835     0.11570     0.00000     0.00000     0.00000     0.00000     0.00000     0.30366
    -1.16912     0.00244     0.03413     0.01123     0.10020     0.00000     0.00000     0.00000     0.00000     0.00000     0.14800
    -1.06512     0.00207     0.07049     0.01911     0.09253     0.00000     0.00000     0.00000     0.00000     0.00000     0.18420
    -0.96112     0.00205     0.06206     0.03084     0.07935     0.00000     0.00000     0.00000     0.00000     0.00000     0.17430
    -0.85812     0.00169     0.02158     0.00548     0.04109     0.00000     0.00000     0.00000     0.00000     0.00000     0.06983
    -0.75412     0.00080     0.06000     0.01106     0.06139     0.00000     0.00000     0.00000     0.00000     0.00000     0.13325
    -0.65012     0.00056     0.04235     0.00727     0.03992     0.00000     0.00000     0.00000     0.00000     0.00000     0.09010
    -0.54612     0.00048     0.05514     0.00431     0.05919     0.00000     0.00000     0.00000     0.00000     0.00000     0.11912
    -0.44212     0.00042     0.01725     0.00704     0.01538     0.00000     0.00000     0.00000     0.00000     0.00000     0.04009
    -0.33812     0.00046     0.04148     0.00274     0.03121     0.00000     0.00000     0.00000     0.00000     0.00000     0.07589
    -0.23412     0.00005     0.02285     0.00056     0.02094     0.00000     0.00000     0.00000     0.00000     0.00000     0.04440
    -0.13012     0.00018     0.01833     0.00265     0.01355     0.00000     0.00000     0.00000     0.00000     0.00000     0.03470
    -0.02612     0.00000     0.00000     0.00000     0.00000     0.00000     0.00000     0.00000     0.00000     0.00000     0.00000
     0.07788     0.00000     0.00000     0.00000     0.00000     0.00000     0.00000     0.00000     0.00000     0.00000     0.00000
     0.18188     0.00000     0.00000     0.00000     0.00000     0.00000     0.00000     0.00000     0.00000     0.00000     0.00000
     0.28588     0.00000     0.00000     0.00000     0.00000     0.00000     0.00000     0.00000     0.00000     0.00000     0.00000
     0.38988     0.00000     0.00000     0.00000     0.00000     0.00000     0.00000     0.00000     0.00000     0.00000     0.00000
     0.49388     0.00000     0.00000     0.00000     0.00000     0.00000     0.00000     0.00000     0.00000     0.00000     0.00000
     0.59788     0.00000     0.00000     0.00000     0.00000     0.00000     0.00000     0.00000     0.00000     0.00000     0.00000
     0.70188     0.00000     0.00000     0.00000     0.00000     0.00000     0.00000     0.00000     0.00000     0.00000     0.00000
     0.80588     0.00000     0.00000     0.00000     0.00000     0.00000     0.00000     0.00000     0.00000     0.00000     0.00000
     0.90988     0.00000     0.00000     0.00000     0.00000     0.00000     0.00000     0.00000     0.00000     0.00000     0.00000
     1.01388     0.00000     0.00000     0.00000     0.00000     0.00000     0.00000     0.00000     0.00000     0.00000     0.00000
     1.11788     0.00000     0.00000     0.00000     0.00000     0.00000     0.00000     0.00000     0.00000     0.00000     0.00000
     1.22188     0.00000     0.00000     0.00000     0.00000     0.00000     0.00000     0.00000     0.00000     0.00000     0.00000
     1.32588     0.00000     0.00000     0.00000     0.00000     0.00000     0.00000     0.00000     0.00000     0.00000     0.00000
     1.42988     0.00000     0.00000     0.00000     0.00000     0.00000     0.00000     0.00000     0.00000     0.00000     0.00000
     1.53288     0.00000     0.00000     0.00000     0.00000     0.00000     0.00000     0.00000     0.00000     0.00000     0.00000
     1.63688     0.00000     0.00000     0.00000     0.00000     0.00000     0.00000     0.00000     0.00000     0.00000     0.00000
     1.74088     0.00000     0.00000     0.00000     0.00000     0.00000     0.00000     0.00000     0.00000     0.00000     0.00000
     1.84488     0.00000     0.00000     0.00000     0.00000     0.00000     0.00000     0.00000     0.00000     0.00000     0.00000
     1.94888     0.00000     0.00000     0.00000     0.00000     0.00000     0.00000     0.00000     0.00000     0.00000     0.00000
     2.05288     0.00005     0.00000     0.00001     0.00001     0.00000     0.00000     0.00000     0.00000     0.00000     0.00006
     2.15688     0.00025     0.00003     0.00003     0.00003     0.00000     0.00000     0.00000     0.00000     0.00000     0.00033
     2.26088     0.00061     0.00006     0.00008     0.00006     0.00000     0.00000     0.00000     0.00000     0.00000     0.00081
     2.36488     0.00167     0.00024     0.00023     0.00025     0.00000     0.00000     0.00000     0.00000     0.00000     0.00239
     2.46888     0.00254     0.00039     0.00038     0.00042     0.00000     0.00000     0.00000     0.00000     0.00000     0.00373
     2.57288     0.00354     0.00063     0.00060     0.00069     0.00000     0.00000     0.00000     0.00000     0.00000     0.00546
     2.67688     0.00196     0.00039     0.00035     0.00042     0.00000     0.00000     0.00000     0.00000     0.00000     0.00312
     2.78088     0.00000     0.00000     0.00000     0.00000     0.00000     0.00000     0.00000     0.00000     0.00000     0.00000
     2.88488     0.00023     0.00020     0.00003     0.00006     0.00000     0.00000     0.00000     0.00000     0.00000     0.00053
     2.98888     0.00207     0.00139     0.00038     0.00097     0.00000     0.00000     0.00000     0.00000     0.00000     0.00480
     3.09288     0.00472     0.00264     0.00101     0.00239     0.00000     0.00000     0.00000     0.00000     0.00000     0.01077
     3.19688     0.00609     0.00105     0.00140     0.00164     0.00000     0.00000     0.00000     0.00000     0.00000     0.01018
     3.30088     0.00286     0.00116     0.00057     0.00094     0.00000     0.00000     0.00000     0.00000     0.00000     0.00553
     3.40488     0.00421     0.00158     0.00083     0.00146     0.00000     0.00000     0.00000     0.00000     0.00000     0.00808
     3.50888     0.00438     0.00136     0.00094     0.00148     0.00000     0.00000     0.00000     0.00000     0.00000     0.00817
     3.61288     0.00309     0.00146     0.00074     0.00209     0.00000     0.00000     0.00000     0.00000     0.00000     0.00738
     3.71688     0.01117     0.00457     0.00260     0.00569     0.00000     0.00000     0.00000     0.00000     0.00000     0.02402
     3.82088     0.00497     0.00178     0.00139     0.00198     0.00000     0.00000     0.00000     0.00000     0.00000     0.01012
     3.92388     0.00745     0.00370     0.00179     0.00310     0.00000     0.00000     0.00000     0.00000     0.00000     0.01603
     4.02788     0.00326     0.00134     0.00072     0.00126     0.00000     0.00000     0.00000     0.00000     0.00000     0.00659
     4.13188     0.01061     0.00605     0.00272     0.00352     0.00000     0.00000     0.00000     0.00000     0.00000     0.02291
     4.23588     0.01179     0.00381     0.00315     0.00632     0.00000     0.00000     0.00000     0.00000     0.00000     0.02507
     4.33988     0.03394     0.01142     0.00494     0.01683     0.00000     0.00000     0.00000     0.00000     0.00000     0.06713
     4.44388     0.02107     0.00752     0.00533     0.01057     0.00000     0.00000     0.00000     0.00000     0.00000     0.04449
     4.54788     0.02727     0.01139     0.00587     0.00920     0.00000     0.00000     0.00000     0.00000     0.00000     0.05372
     4.65188     0.03553     0.01120     0.00727     0.00848     0.00000     0.00000     0.00000     0.00000     0.00000     0.06248
     4.75588     0.03019     0.00982     0.00600     0.01326     0.00000     0.00000     0.00000     0.00000     0.00000     0.05927
     4.85988     0.02834     0.01154     0.00579     0.01370     0.00000     0.00000     0.00000     0.00000     0.00000     0.05937
     4.96388     0.05814     0.03200     0.01122     0.01670     0.00000     0.00000     0.00000     0.00000     0.00000     0.11806
     5.06788     0.04607     0.02136     0.00934     0.01445     0.00000     0.00000     0.00000     0.00000     0.00000     0.09122
     5.17188     0.06043     0.01350     0.00793     0.01402     0.00000     0.00000     0.00000     0.00000     0.00000     0.09588
     5.27588     0.03301     0.01542     0.00697     0.01233     0.00000     0.00000     0.00000     0.00000     0.00000     0.06773
     5.37988     0.03863     0.02435     0.00884     0.01551     0.00000     0.00000     0.00000     0.00000     0.00000     0.08733
     5.48388     0.04045     0.01723     0.00860     0.01963     0.00000     0.00000     0.00000     0.00000     0.00000     0.08591
     5.58788     0.04208     0.01920     0.00802     0.01896     0.00000     0.00000     0.00000     0.00000     0.00000     0.08826
     5.69188     0.04452     0.02188     0.00818     0.01844     0.00000     0.00000     0.00000     0.00000     0.00000     0.09302
     5.79588     0.04582     0.01912     0.00781     0.02631     0.00000     0.00000     0.00000     0.00000     0.00000     0.09906
     5.89988     0.03328     0.02508     0.01084     0.02114     0.00000     0.00000     0.00000     0.00000     0.00000     0.09034
     6.00388     0.03954     0.01765     0.00630     0.01542     0.00000     0.00000     0.00000     0.00000     0.00000     0.07891
     6.10788     0.03052     0.02344     0.00635     0.01772     0.00000     0.00000     0.00000     0.00000     0.00000     0.07803
     6.21088     0.02437     0.01610     0.01508     0.01717     0.00000     0.00000     0.00000     0.00000     0.00000     0.07272
     6.31488     0.02104     0.01368     0.00921     0.01749     0.00000     0.00000     0.00000     0.00000     0.00000     0.06142
     6.41888     0.02959     0.01909     0.01370     0.02144     0.00000     0.00000     0.00000     0.00000     0.00000     0.08382
     6.52288     0.02141     0.02141     0.01708     0.01632     0.00000     0.00000     0.00000     0.00000     0.00000     0.07622
     6.62688     0.01679     0.01618     0.01489     0.01426     0.00000     0.00000     0.00000     0.00000     0.00000     0.06212
     6.73088     0.01904     0.02166     0.01685     0.02043     0.00000     0.00000     0.00000     0.00000     0.00000     0.07798
     6.83488     0.01835     0.02344     0.01394     0.02087     0.00000     0.00000     0.00000     0.00000     0.00000     0.07660
     6.93888     0.01679     0.01420     0.00885     0.01379     0.00000     0.00000     0.00000     0.00000     0.00000     0.05363
     7.04288     0.00773     0.00888     0.00488     0.01131     0.00000     0.00000     0.00000     0.00000     0.00000     0.03280
     7.14688     0.00827     0.02490     0.00887     0.02661     0.00000     0.00000     0.00000     0.00000     0.00000     0.06865
     7.25088     0.01331     0.03574     0.00998     0.03725     0.00000     0.00000     0.00000     0.00000     0.00000     0.09628
     7.35488     0.02114     0.04349     0.01039     0.05179     0.00000     0.00000     0.00000     0.00000     0.00000     0.12681
     7.45888     0.01462     0.04276     0.01429     0.04526     0.00000     0.00000     0.00000     0.00000     0.00000     0.11693
     7.56288     0.00893     0.03988     0.00950     0.03418     0.00000     0.00000     0.00000     0.00000     0.00000     0.09248
     7.66688     0.01076     0.05063     0.00792     0.05088     0.00000     0.00000     0.00000     0.00000     0.00000     0.12019
     7.77088     0.01307     0.05026     0.01184     0.05113     0.00000     0.00000     0.00000     0.00000     0.00000     0.12630
     7.87488     0.00747     0.07949     0.00807     0.06810     0.00000     0.00000     0.00000     0.00000     0.00000     0.16313
     7.97888     0.01158     0.06276     0.01000     0.06736     0.00000     0.00000     0.00000     0.00000     0.00000     0.15170
     8.08288     0.01386     0.06442     0.01496     0.06848     0.00000     0.00000     0.00000     0.00000     0.00000     0.16172
     8.18688     0.00653     0.07479     0.01314     0.08477     0.00000     0.00000     0.00000     0.00000     0.00000     0.17923
     8.29088     0.00632     0.04568     0.01452     0.05871     0.00000     0.00000     0.00000     0.00000     0.00000     0.12523
     8.39488     0.00397     0.04333     0.01735     0.06683     0.00000     0.00000     0.00000     0.00000     0.00000     0.13148
     8.49888     0.01127     0.05722     0.03233     0.05197     0.00000     0.00000     0.00000     0.00000     0.00000     0.15279
     8.60188     0.00668     0.01299     0.02031     0.01072     0.00000     0.00000     0.00000     0.00000     0.00000     0.05070
     8.70588     0.01081     0.00553     0.02161     0.00619     0.00000     0.00000     0.00000     0.00000     0.00000     0.04414
     8.80988     0.01550     0.00512     0.02503     0.00759     0.00000     0.00000     0.00000     0.00000     0.00000     0.05324
     8.91388     0.00572     0.01697     0.01268     0.01435     0.00000     0.00000     0.00000     0.00000     0.00000     0.04972
     9.01788     0.00747     0.05224     0.01276     0.03327     0.00000     0.00000     0.00000     0.00000     0.00000     0.10574
     9.12188     0.01381     0.03598     0.02826     0.03134     0.00000     0.00000     0.00000     0.00000     0.00000     0.10939
     9.22588     0.00364     0.01816     0.01797     0.00977     0.00000     0.00000     0.00000     0.00000     0.00000     0.04954
     9.32988     0.00388     0.02817     0.01611     0.02322     0.00000     0.00000     0.00000     0.00000     0.00000     0.07139
     9.43388     0.00476     0.02054     0.02009     0.02459     0.00000     0.00000     0.00000     0.00000     0.00000     0.06998
     9.53788     0.00459     0.03041     0.01962     0.02886     0.00000     0.00000     0.00000     0.00000     0.00000     0.08348
     9.64188     0.00955     0.03297     0.08922     0.01763     0.00000     0.00000     0.00000     0.00000     0.00000     0.14937
     9.74588     0.00604     0.03330     0.04360     0.02372     0.00000     0.00000     0.00000     0.00000     0.00000     0.10666
     9.84988     0.00462     0.03064     0.04473     0.04040     0.00000     0.00000     0.00000     0.00000     0.00000     0.12039
     9.95388     0.00357     0.03245     0.06022     0.01922     0.00000     0.00000     0.00000     0.00000     0.00000     0.11546
    10.05788     0.00668     0.03408     0.04171     0.02844     0.00000     0.00000     0.00000     0.00000     0.00000     0.11091
    10.16188     0.00467     0.02555     0.10280     0.02255     0.00000     0.00000     0.00000     0.00000     0.00000     0.15557
    10.26588     0.00536     0.01767     0.07798     0.02357     0.00000     0.00000     0.00000     0.00000     0.00000     0.12458
    10.36988     0.00346     0.01787     0.09307     0.01738     0.00000     0.00000     0.00000     0.00000     0.00000     0.13178
    10.47388     0.00510     0.01814     0.09284     0.01699     0.00000     0.00000     0.00000     0.00000     0.00000     0.13307
    10.57788     0.00180     0.00885     0.03349     0.00652     0.00000     0.00000     0.00000     0.00000     0.00000     0.05066
    10.68188     0.00174     0.00559     0.01812     0.00450     0.00000     0.00000     0.00000     0.00000     0.00000     0.02995
    10.78588     0.00071     0.00238     0.00948     0.00324     0.00000     0.00000     0.00000     0.00000     0.00000     0.01581
    10.88988     0.00027     0.00093     0.00225     0.00149     0.00000     0.00000     0.00000     0.00000     0.00000     0.00494
    10.99288     0.00006     0.00049     0.00055     0.00054     0.00000     0.00000     0.00000     0.00000     0.00000     0.00165
    11.09688     0.00000     0.00000     0.00000     0.00000     0.00000     0.00000     0.00000     0.00000     0.00000     0.00000
    11.20088     0.00000     0.00000     0.00000     0.00000     0.00000     0.00000     0.00000     0.00000     0.00000     0.00000
    11.30488     0.00000     0.00000     0.00000     0.00000     0.00000     0.00000     0.00000     0.00000     0.00000     0.00000
    11.40888     0.00000     0.00000     0.00000     0.00000     0.00000     0.00000     0.00000     0.00000     0.00000     0.00000
    11.51288     0.00000     0.00000     0.00000     0.00000     0.00000     0.00000     0.00000     0.00000     0.00000     0.00000
    11.61688     0.00000     0.00000     0.00000     0.00000     0.00000     0.00000     0.00000     0.00000     0.00000     0.00000
    11.72088     0.00000     0.00000     0.00000     0.00000     0.00000     0.00000     0.00000     0.00000     0.00000     0.00000
    11.82488     0.00000     0.00000     0.00000     0.00000     0.00000     0.00000     0.00000     0.00000     0.00000     0.00000
    11.92888     0.00000     0.00000     0.00000     0.00000     0.00000     0.00000     0.00000     0.00000     0.00000     0.00000
    12.03288     0.00000     0.00000     0.00000     0.00000     0.00000     0.00000     0.00000     0.00000     0.00000     0.00000
    12.13688     0.00000     0.00000     0.00000     0.00000     0.00000     0.00000     0.00000     0.00000     0.00000     0.00000
    12.24088     0.00000     0.00000     0.00000     0.00000     0.00000     0.00000     0.00000     0.00000     0.00000     0.00000
    12.34488     0.00000     0.00000     0.00000     0.00000     0.00000     0.00000     0.00000     0.00000     0.00000     0.00000
    12.44888     0.00000     0.00000     0.00000     0.00000     0.00000     0.00000     0.00000     0.00000     0.00000     0.00000
    12.55288     0.00000     0.00000     0.00000     0.00000     0.00000     0.00000     0.00000     0.00000     0.00000     0.00000
    12.65688     0.00000     0.00000     0.00000     0.00000     0.00000     0.00000     0.00000     0.00000     0.00000     0.00000
    12.76088     0.00000     0.00000     0.00000     0.00000     0.00000     0.00000     0.00000     0.00000     0.00000     0.00000
    12.86488     0.00000     0.00000     0.00000     0.00000     0.00000     0.00000     0.00000     0.00000     0.00000     0.00000
    12.96888     0.00000     0.00000     0.00000     0.00000     0.00000     0.00000     0.00000     0.00000     0.00000     0.00000
    13.07288     0.00000     0.00000     0.00000     0.00000     0.00000     0.00000     0.00000     0.00000     0.00000     0.00000
