# Averaged |<f|V|i>|^2 over K-points versus energy.
#                 Cell volume :   2.979572913722392E+004 (a.u.)^3,   Format : '(ES24.15E3)'
#   Minimun transition energy :   1.223128485514796E-002 (Hartree),  Format : '(ES24.15E3)'
# |DHif|^2 at minimum Tr. En. :   2.821880784323193E-006 (Hartree^2),Format : '(ES24.15E3)'
#                  Energy bin :   1.837466269439000E-003 (Hartree),  Format : '(ES24.15E3)'
# Energy (Hartree), averaged |<f|V|i>|^2 over K-points (Hartree)^2, standard deviation (Hartree)^2. Format : '(3ES24.15E3)'
  1.223128485514796E-002  2.029098636304557E-006  1.246261398784063E-006
  1.406875112458696E-002  3.010345419097064E-006  2.261559558563817E-006
  1.590621739402596E-002  3.476144182378147E-006  3.145932154383077E-006
  1.774368366346497E-002  3.214405314331022E-006  0.000000000000000E+000
  1.958114993290396E-002  2.589616377454030E-006  1.948938134442194E-006
  2.141861620234296E-002  2.959963068535311E-006  2.842200992869720E-006
  2.325608247178197E-002  3.253050297190504E-006  2.621765777324039E-006
  2.509354874122097E-002  2.413929045852682E-006  1.816814833918286E-006
  2.693101501065997E-002  2.436868186936627E-006  2.442644687149088E-006
  2.876848128009897E-002  3.452804519155088E-006  3.679186049289206E-006
  3.060594754953797E-002  2.058301974473007E-006  2.093021082241414E-006
  3.244341381897696E-002  2.425984330162918E-006  2.322357912260838E-006
  3.428088008841597E-002  2.812689572199309E-006  3.594531308498830E-006
  3.611834635785496E-002  2.847345397641394E-006  3.344562598871551E-006
  3.795581262729397E-002  3.088877605721515E-006  2.568261289252731E-006
  3.979327889673297E-002  3.244960406727424E-006  3.016796642768634E-006
  4.163074516617196E-002  3.146032102745769E-006  3.296410618897314E-006
  4.346821143561097E-002  2.143177254008013E-006  1.288913076359355E-006
  4.530567770504997E-002  4.107815874307520E-006  3.505319972747837E-006
  4.714314397448896E-002  3.136298993576108E-006  2.796674103337736E-006
  4.898061024392797E-002  2.791223153502343E-006  2.825696811942150E-006
  5.081807651336696E-002  3.625715203461172E-006  4.140006200333246E-006
  5.265554278280596E-002  3.040249202496153E-006  2.664583343553851E-006
  5.449300905224497E-002  4.233240175290837E-006  4.379180939626864E-006
  5.633047532168396E-002  4.162017611849608E-006  4.016376800063887E-006
  5.816794159112297E-002  2.160242679542750E-006  2.077823761003820E-006
  6.000540786056197E-002  3.764408388800023E-006  4.238461041843260E-006
  6.184287413000096E-002  4.390257311727279E-006  4.395529856871109E-006
  6.368034039943997E-002  3.694678425324346E-006  2.967175016236022E-006
  6.551780666887896E-002  3.633469339181468E-006  3.866854366457884E-006
  6.735527293831796E-002  4.079237306641372E-006  4.629750240348239E-006
  6.919273920775697E-002  3.718750893920890E-006  3.078990901963443E-006
  7.103020547719596E-002  3.189574574111540E-006  3.079020334407375E-006
  7.286767174663497E-002  4.260311728915489E-006  4.285569026477543E-006
  7.470513801607397E-002  4.300313368758642E-006  4.325825305982845E-006
  7.654260428551296E-002  4.300095075110880E-006  4.370757209616957E-006
  7.838007055495197E-002  4.258956012907061E-006  3.928884952804229E-006
  8.021753682439096E-002  4.914888707725519E-006  5.048484229478399E-006
  8.205500309382996E-002  4.248840021209566E-006  4.735910576507096E-006
  8.389246936326897E-002  5.272606876600164E-006  6.050009361372902E-006
  8.572993563270796E-002  4.086175323453417E-006  4.535825607607097E-006
  8.756740190214696E-002  3.942079120769668E-006  5.374121440180135E-006
  8.940486817158597E-002  4.931739474712507E-006  5.025561880947863E-006
  9.124233444102496E-002  3.635517749645674E-006  4.298356731686327E-006
  9.307980071046396E-002  4.975635185470791E-006  6.515586129585927E-006
  9.491726697990296E-002  4.194136335705803E-006  9.878628695629723E-006
  9.675473324934196E-002  4.358038092690501E-006  4.823626840548129E-006
  9.859219951878097E-002  3.617423377308793E-006  4.374622246178868E-006
  1.004296657882200E-001  4.254330361461428E-006  4.803166772183271E-006
  1.022671320576590E-001  5.696746432019282E-006  4.648986134591202E-006
  1.041045983270980E-001  4.365274036747822E-006  6.153570789955172E-006
  1.059420645965370E-001  3.229716588883003E-006  4.280090164649715E-006
  1.077795308659760E-001  4.421244207480542E-006  4.988560980337919E-006
  1.096169971354150E-001  2.823384565048076E-006  3.787156155651177E-006
  1.114544634048540E-001  5.524733729562227E-006  5.534291118619562E-006
  1.132919296742930E-001  4.299644354199029E-006  4.067782259620758E-006
  1.151293959437320E-001  4.399652956627128E-006  5.759315836867923E-006
  1.169668622131710E-001  6.017076581277049E-006  7.454135089505829E-006
  1.188043284826100E-001  3.491133044921837E-006  4.107795380615049E-006
  1.206417947520490E-001  2.681247437441550E-006  2.557643600215165E-006
  1.224792610214880E-001  5.539934352881468E-006  5.244134288940186E-006
  1.243167272909270E-001  4.012000523590949E-006  4.611786780368863E-006
  1.261541935603660E-001  4.891065574777518E-006  4.881339107938782E-006
  1.279916598298050E-001  4.047762729246555E-006  4.390857566088026E-006
  1.298291260992440E-001  5.274617813502637E-006  5.129317521763804E-006
  1.316665923686830E-001  2.738027367185034E-006  4.061334867098321E-006
  1.335040586381220E-001  5.764844490072272E-006  3.702487325654802E-006
  1.353415249075610E-001  5.745254142616150E-006  7.631899740157873E-006
  1.371789911770000E-001  0.000000000000000E+000  0.000000000000000E+000
