# Averaged |<f|V|i>|^2 over K-points versus energy.
#                 Cell volume :   2.983061295912504E+004 (a.u.)^3,   Format : '(ES24.15E3)'
#   Minimun transition energy :   1.202474657213992E-002 (Hartree),  Format : '(ES24.15E3)'
# |DHif|^2 at minimum Tr. En. :   8.860810078143854E-006 (Hartree^2),Format : '(ES24.15E3)'
#                  Energy bin :   1.837466269439000E-003 (Hartree),  Format : '(ES24.15E3)'
# Energy (Hartree), averaged |<f|V|i>|^2 over K-points (Hartree)^2, standard deviation (Hartree)^2. Format : '(3ES24.15E3)'
  1.202474657213992E-002  2.420836461142541E-006  8.337415388248825E-007
  1.386221284157892E-002  2.174797664555265E-006  3.753475324415539E-006
  1.569967911101792E-002  2.796815684803506E-006  3.634534500884126E-006
  1.753714538045692E-002  3.800666149536485E-006  4.235164736271502E-022
  1.937461164989592E-002  2.784585856331368E-006  2.008492018044483E-006
  2.121207791933492E-002  2.575194112846032E-006  2.371279601901127E-006
  2.304954418877392E-002  3.946210612088417E-006  2.371756784435113E-006
  2.488701045821292E-002  2.628155287518110E-006  2.201462583665548E-006
  2.672447672765192E-002  2.868451927303546E-006  3.409040949148504E-006
  2.856194299709092E-002  3.414175972122281E-006  2.759731093521744E-006
  3.039940926652992E-002  3.031708328135350E-006  2.675825829253681E-006
  3.223687553596892E-002  3.016698868324747E-006  3.112757099727924E-006
  3.407434180540792E-002  2.162783034900014E-006  2.562786481021949E-006
  3.591180807484692E-002  3.433839739215888E-006  4.730619362325194E-006
  3.774927434428592E-002  3.744035988436836E-006  3.794356503347882E-006
  3.958674061372492E-002  2.572810889343871E-006  3.094547546643747E-006
  4.142420688316392E-002  3.288143733716285E-006  3.572432202427682E-006
  4.326167315260292E-002  5.734189183428943E-006  6.847791570058480E-006
  4.509913942204193E-002  1.104990718068882E-006  1.255040707584614E-006
  4.693660569148092E-002  3.748466182468809E-006  2.698812152444755E-006
  4.877407196091992E-002  2.985018656814221E-006  3.057789414341944E-006
  5.061153823035892E-002  4.290761779511699E-006  4.365245058181416E-006
  5.244900449979792E-002  3.827980418842853E-006  3.831698869147916E-006
  5.428647076923692E-002  4.577454618192847E-006  4.274959665914654E-006
  5.612393703867592E-002  5.140602728301618E-006  5.242616372845756E-006
  5.796140330811492E-002  2.564890644491301E-006  2.666782627253796E-006
  5.979886957755393E-002  4.005789682966724E-006  4.417116831308717E-006
  6.163633584699292E-002  5.299220740392915E-006  4.934632316988641E-006
  6.347380211643192E-002  4.530599152455834E-006  4.181281839691675E-006
  6.531126838587092E-002  4.037358511996565E-006  3.422061740007215E-006
  6.714873465530992E-002  5.423279283497599E-006  4.701885576735043E-006
  6.898620092474893E-002  4.741474544539347E-006  3.697719239442912E-006
  7.082366719418792E-002  4.211766972669392E-006  3.959279092165102E-006
  7.266113346362692E-002  4.663429172268314E-006  4.338944250770973E-006
  7.449859973306593E-002  6.289168751377814E-006  6.668700134503354E-006
  7.633606600250492E-002  4.460530344054170E-006  3.935096424016803E-006
  7.817353227194393E-002  6.285353277247724E-006  6.033934999873902E-006
  8.001099854138292E-002  5.525508645247416E-006  5.964132787780054E-006
  8.184846481082192E-002  6.662147043126127E-006  8.563910439814394E-006
  8.368593108026093E-002  6.761912977515496E-006  7.384620467659761E-006
  8.552339734969992E-002  4.737465172718126E-006  7.038974911032967E-006
  8.736086361913892E-002  5.546133853323234E-006  6.568167175886122E-006
  8.919832988857793E-002  6.805091878729504E-006  9.296139885644664E-006
  9.103579615801692E-002  3.676361070648996E-006  5.392573255262864E-006
  9.287326242745592E-002  6.169313134681651E-006  6.923512312666919E-006
  9.471072869689492E-002  6.035636998121183E-006  9.657769714203364E-006
  9.654819496633392E-002  7.866607790717524E-006  1.085532346437904E-005
  9.838566123577293E-002  3.839426406376861E-006  3.472155980491941E-006
  1.002231275052119E-001  6.497658350970181E-006  9.013135213091434E-006
  1.020605937746509E-001  8.738962402791410E-006  1.191316983769221E-005
  1.038980600440899E-001  4.556032289144654E-006  4.937063303464531E-006
  1.057355263135289E-001  3.915075448637775E-006  5.226362768048762E-006
  1.075729925829679E-001  6.678017736526839E-006  6.701865628019698E-006
  1.094104588524069E-001  3.785423443296409E-006  5.714948943204325E-006
  1.112479251218459E-001  5.866640062034823E-006  7.406517356251651E-006
  1.130853913912849E-001  6.035603953774942E-006  5.500992188787654E-006
  1.149228576607239E-001  6.549532478841055E-006  8.384780660519113E-006
  1.167603239301629E-001  7.717391137332329E-006  9.109211924274904E-006
  1.185977901996019E-001  4.811479824885533E-006  5.713014077717541E-006
  1.204352564690409E-001  4.383167711997333E-006  4.998612526554539E-006
  1.222727227384799E-001  7.692685558643627E-006  8.994641621600050E-006
  1.241101890079189E-001  4.716684120668378E-006  6.710991466348973E-006
  1.259476552773579E-001  6.329323354746557E-006  7.422971534993496E-006
  1.277851215467969E-001  5.604186558518370E-006  6.102446474167857E-006
  1.296225878162359E-001  5.636682857651354E-006  6.846168422093464E-006
  1.314600540856749E-001  5.145896530451067E-006  5.064522484410889E-006
  1.332975203551139E-001  8.121197560628839E-006  9.383168454338755E-006
  1.351349866245529E-001  6.688082713494348E-006  4.889212359562598E-006
  1.369724528939919E-001  0.000000000000000E+000  0.000000000000000E+000
