# |<f|V|i>|^2 versus energy for all the k-points.
# Energy (shifted by eBin/2) (Hartree), |<f|V|i>|^2 (Hartree)^2, k-point index. Format : '(2ES24.15E3,i10)'
  1.377911876105840E-002  7.782990524413403E-010         1
  1.194165249161940E-002  4.346798221959966E-006         1
  1.194165249161940E-002  1.551559605833026E-006         1
  1.377911876105840E-002  6.542290982988808E-010         1
  1.377911876105840E-002  2.043876349099494E-008         1
  1.194165249161940E-002  3.995705104955382E-006         1
  1.377911876105840E-002  2.518103390578479E-009         1
  1.377911876105840E-002  2.545961817579573E-006         1
  1.377911876105840E-002  4.492475183342819E-007         1
  1.377911876105840E-002  1.307850550879899E-005         1
  1.561658503049740E-002  3.781709793965715E-010         1
  1.561658503049740E-002  9.131131723686393E-006         1
  4.317857907208240E-002  2.531555388660536E-010         1
  4.317857907208240E-002  1.204265773806757E-005         1
  4.317857907208240E-002  7.114621236284897E-007         1
  4.317857907208240E-002  6.413286623160618E-006         1
  4.317857907208240E-002  1.841112274141489E-009         1
  4.317857907208240E-002  8.889055954793864E-011         1
  4.501604534152140E-002  1.236412636218169E-006         1
  4.501604534152140E-002  2.040363193186571E-009         1
  4.501604534152140E-002  2.701094095883284E-009         1
  4.501604534152140E-002  5.739533540980793E-006         1
  4.501604534152140E-002  4.567889588691607E-007         1
  4.501604534152140E-002  2.507161576352764E-006         1
  4.685351161096040E-002  8.250565943753324E-009         1
  4.685351161096040E-002  1.485512703825457E-005         1
  4.685351161096040E-002  7.410068669635753E-006         1
  4.685351161096040E-002  1.009180214582316E-005         1
  4.685351161096040E-002  8.351929395734616E-006         1
  4.685351161096040E-002  7.306568218263497E-008         1
  4.685351161096040E-002  3.876598396143204E-006         1
  4.869097788039940E-002  8.895029022717248E-008         1
  4.869097788039940E-002  2.354082702858655E-009         1
  4.869097788039940E-002  8.523261777011368E-008         1
  5.052844414983840E-002  1.828443192789450E-006         1
  5.052844414983840E-002  1.741540652363151E-008         1
  5.052844414983840E-002  2.096526957547591E-005         1
  5.052844414983840E-002  1.259198554031183E-005         1
  5.971577549703340E-002  8.165570008370737E-009         1
  5.971577549703340E-002  5.819746631115295E-006         1
  5.971577549703340E-002  1.188793974308254E-008         1
  5.971577549703340E-002  2.121202412639462E-008         1
  5.971577549703340E-002  1.809763337006813E-007         1
  5.971577549703340E-002  2.274723591106174E-007         1
  5.971577549703340E-002  2.497766123551557E-008         1
  5.971577549703340E-002  1.066849265901846E-005         1
  5.971577549703340E-002  4.917105816742734E-007         1
  5.971577549703340E-002  8.331712242868203E-010         1
  5.971577549703340E-002  6.181040452711810E-010         1
  5.971577549703340E-002  1.723605789153931E-005         1
  5.971577549703340E-002  9.619173123091680E-007         1
  5.971577549703340E-002  2.484437490560569E-008         1
  5.971577549703340E-002  6.315180824078834E-006         1
  5.971577549703340E-002  4.662994059281996E-008         1
  5.971577549703340E-002  1.143845780631293E-005         1
  5.971577549703340E-002  1.326526735998015E-005         1
  5.971577549703340E-002  1.304834182896234E-006         1
  5.971577549703340E-002  8.209458859867411E-006         1
  6.155324176647240E-002  4.044975385632214E-010         1
  6.155324176647240E-002  2.135741331259293E-008         1
  6.155324176647240E-002  5.851082781676091E-006         1
  6.155324176647240E-002  1.401872701347430E-005         1
  6.339070803591140E-002  1.437767039887240E-008         1
  6.339070803591140E-002  3.968463299102428E-008         1
  6.339070803591140E-002  1.949869489260820E-006         1
  6.522817430535040E-002  7.565007324610962E-008         1
  6.522817430535040E-002  7.639390101747640E-006         1
  6.522817430535040E-002  1.179650925015613E-006         1
  7.992790446086240E-002  1.212142540258684E-005         1
  7.992790446086240E-002  2.051964393750760E-005         1
  7.992790446086240E-002  1.009135117664477E-007         1
  8.544030326917940E-002  1.097263979633169E-007         1
  8.360283699974040E-002  5.088231867901202E-005         1
  8.544030326917940E-002  3.144909064037691E-006         1
  8.544030326917940E-002  2.043058219712872E-007         1
  8.544030326917940E-002  2.812638998664212E-008         1
  8.544030326917940E-002  1.009902435183559E-009         1
  8.544030326917940E-002  1.555393554506823E-007         1
  8.544030326917940E-002  2.028369803487210E-008         1
  8.727776953861840E-002  1.810124129187426E-006         1
  8.727776953861840E-002  4.539552455917417E-006         1
  8.727776953861840E-002  4.734713756404987E-009         1
  8.727776953861840E-002  5.448076543861115E-008         1
  8.544030326917940E-002  1.461116950118424E-005         1
  8.544030326917940E-002  2.007294518712846E-005         1
  8.727776953861840E-002  9.193151230213014E-006         1
  8.727776953861840E-002  4.652455713816018E-008         1
  8.727776953861840E-002  3.146556256270545E-008         1
  8.727776953861840E-002  8.610001851460499E-009         1
  8.727776953861840E-002  3.236332370608629E-009         1
  8.727776953861840E-002  6.811976315058863E-008         1
  8.727776953861840E-002  4.404767539533149E-009         1
  8.727776953861840E-002  3.253028687690789E-009         1
  8.727776953861840E-002  2.010293139065913E-006         1
  8.727776953861840E-002  8.784257609911970E-006         1
  8.911523580805740E-002  1.859357435804959E-007         1
  1.194165249161940E-002  2.650538760354986E-006         2
  1.194165249161940E-002  3.629999187058480E-006         2
  2.480391637769240E-002  5.072069950976386E-006         2
  2.664138264713140E-002  1.458030351959360E-006         2
  2.480391637769240E-002  6.926336118181927E-006         2
  2.664138264713140E-002  3.208221379467858E-006         2
  2.664138264713140E-002  2.377177683254280E-006         2
  2.664138264713140E-002  7.424891619876179E-008         2
  2.664138264713140E-002  6.031919433131018E-006         2
  2.664138264713140E-002  5.771214853488591E-006         2
  2.847884891657040E-002  5.369417615711126E-007         2
  2.847884891657040E-002  1.054073998518434E-005         2
  3.766618026376540E-002  6.355131582577361E-006         2
  4.134111280264340E-002  9.778945954125724E-007         2
  4.685351161096040E-002  1.040790281872544E-005         2
  4.685351161096040E-002  2.912046452950917E-006         2
  4.685351161096040E-002  1.266725089954140E-006         2
  4.685351161096040E-002  8.178896938542828E-007         2
  4.869097788039940E-002  1.367336156762559E-006         2
  4.869097788039940E-002  4.276731427229703E-007         2
  4.869097788039940E-002  5.066009690462464E-006         2
  4.869097788039940E-002  4.232698382868130E-006         2
  5.236591041927740E-002  1.045402762582639E-005         2
  5.236591041927740E-002  6.169994111778464E-006         2
  5.236591041927740E-002  3.677924321551438E-006         2
  5.236591041927740E-002  1.778731802642288E-007         2
  5.420337668871640E-002  1.469076693616368E-006         2
  5.420337668871640E-002  9.957300609200614E-007         2
  5.420337668871640E-002  6.818081253230742E-006         2
  5.604084295815540E-002  4.053644420000039E-006         2
  5.604084295815540E-002  1.091493964832599E-005         2
  5.604084295815540E-002  5.664707099784907E-006         2
  5.604084295815540E-002  3.196281069678453E-007         2
  5.604084295815540E-002  1.367300277910778E-005         2
  5.787830922759440E-002  2.081000103320052E-008         2
  5.604084295815540E-002  2.588450797741592E-005         2
  5.787830922759440E-002  1.233759508965005E-006         2
  5.787830922759440E-002  7.966188234613605E-006         2
  6.155324176647240E-002  7.416774450935870E-007         2
  6.155324176647240E-002  7.059233419222405E-006         2
  6.155324176647240E-002  8.682571002137257E-006         2
  6.155324176647240E-002  1.474090675711787E-005         2
  6.155324176647240E-002  1.467215987522651E-005         2
  6.339070803591140E-002  3.075381674502068E-006         2
  6.339070803591140E-002  3.304092183116203E-006         2
  6.339070803591140E-002  7.336727119410693E-007         2
  6.339070803591140E-002  1.181059743008946E-005         2
  6.339070803591140E-002  5.798533807429564E-006         2
  6.339070803591140E-002  5.311229165292056E-006         2
  6.339070803591140E-002  1.088642890646506E-005         2
  6.339070803591140E-002  3.881228341244449E-006         2
  6.339070803591140E-002  9.279957462440651E-006         2
  6.339070803591140E-002  1.131879834892429E-005         2
  6.522817430535040E-002  4.496524812077719E-007         2
  6.522817430535040E-002  6.596452902058193E-006         2
  6.522817430535040E-002  4.586184351123491E-007         2
  6.522817430535040E-002  1.200938449859354E-005         2
  6.522817430535040E-002  4.674147070391050E-007         2
  6.522817430535040E-002  8.042488036022619E-006         2
  6.706564057478941E-002  6.880838159419345E-006         2
  6.706564057478941E-002  4.546947281381966E-006         2
  6.706564057478941E-002  5.331253912074188E-007         2
  6.706564057478941E-002  7.491439014713861E-006         2
  6.890310684422840E-002  6.014713655684146E-007         2
  6.706564057478941E-002  1.621248663932617E-005         2
  6.890310684422840E-002  7.237686793546047E-006         2
  7.074057311366740E-002  7.057788889010664E-006         2
  7.074057311366740E-002  4.645489855531440E-007         2
  7.074057311366740E-002  6.620996232317021E-006         2
  7.074057311366740E-002  4.718401245463088E-007         2
  7.074057311366740E-002  9.810153354586426E-007         2
  7.441550565254540E-002  3.753861807424660E-006         2
  7.441550565254540E-002  1.217653417450524E-005         2
  7.441550565254540E-002  1.894483212694252E-005         2
  7.625297192198441E-002  3.118592710177747E-007         2
  7.625297192198441E-002  1.706809396790795E-005         2
  7.625297192198441E-002  3.768389420712367E-006         2
  7.625297192198441E-002  4.748504296238031E-006         2
  7.625297192198441E-002  7.568679222043382E-006         2
  7.809043819142340E-002  8.047059199240939E-006         2
  7.809043819142340E-002  4.518016667802569E-006         2
  7.809043819142340E-002  6.683191044230961E-006         2
  7.809043819142340E-002  1.810030437503382E-005         2
  7.809043819142340E-002  1.538023061500716E-006         2
  7.992790446086240E-002  1.133216940385518E-005         2
  7.992790446086240E-002  2.091032968418717E-006         2
  7.992790446086240E-002  1.202766209078965E-005         2
  8.176537073030141E-002  2.172014126522165E-007         2
  8.544030326917940E-002  1.341635928894448E-005         2
  8.544030326917940E-002  1.224120597843339E-007         2
  8.544030326917940E-002  8.469945114568387E-006         2
  8.544030326917940E-002  1.334317739918492E-005         2
  8.727776953861840E-002  4.099279293070947E-007         2
  8.544030326917940E-002  6.187498396185356E-006         2
  8.727776953861840E-002  1.176907092648047E-005         2
  8.727776953861840E-002  5.587764605323039E-006         2
  1.194165249161940E-002  2.596442929555371E-006         3
  1.194165249161940E-002  3.559678905451449E-006         3
  2.480391637769240E-002  4.378012556545150E-006         3
  2.664138264713140E-002  1.534410248663005E-006         3
  2.480391637769240E-002  7.041588978180172E-006         3
  2.664138264713140E-002  3.044859244281172E-006         3
  2.664138264713140E-002  2.543012137340256E-006         3
  2.664138264713140E-002  6.883274058191158E-008         3
  2.664138264713140E-002  6.514387185394445E-006         3
  2.664138264713140E-002  6.067725167275287E-006         3
  2.847884891657040E-002  4.813427583270038E-007         3
  2.847884891657040E-002  1.044070169923950E-005         3
  3.766618026376540E-002  5.027087560080322E-006         3
  4.134111280264340E-002  1.143754628749392E-006         3
  4.685351161096040E-002  1.044939665773427E-005         3
  4.685351161096040E-002  2.821307192103656E-006         3
  4.685351161096040E-002  1.409828306499865E-006         3
  4.685351161096040E-002  8.730751159919132E-007         3
  4.869097788039940E-002  1.396811392415828E-006         3
  4.869097788039940E-002  3.460070956619672E-007         3
  4.869097788039940E-002  5.019975513889634E-006         3
  4.869097788039940E-002  4.384510706736223E-006         3
  5.236591041927740E-002  1.051782452242588E-005         3
  5.236591041927740E-002  6.292472402687810E-006         3
  5.236591041927740E-002  3.163197197191672E-006         3
  5.236591041927740E-002  2.448933962130003E-007         3
  5.420337668871640E-002  1.607720785847829E-006         3
  5.420337668871640E-002  7.675396912738945E-007         3
  5.420337668871640E-002  6.986537232663861E-006         3
  5.604084295815540E-002  3.780540006663592E-006         3
  5.604084295815540E-002  1.061983866143681E-005         3
  5.604084295815540E-002  5.273305001097968E-006         3
  5.604084295815540E-002  2.666926762993436E-007         3
  5.604084295815540E-002  1.333780600227911E-005         3
  5.787830922759440E-002  3.848409007991792E-007         3
  5.604084295815540E-002  2.517041898051244E-005         3
  5.787830922759440E-002  1.077006297656244E-006         3
  5.787830922759440E-002  8.383599668947337E-006         3
  6.155324176647240E-002  1.100110249417442E-006         3
  6.155324176647240E-002  8.119916700715238E-006         3
  6.155324176647240E-002  9.577595994578884E-006         3
  6.155324176647240E-002  1.524609835189874E-005         3
  6.155324176647240E-002  1.474158036724173E-005         3
  6.339070803591140E-002  3.258496489860935E-006         3
  6.339070803591140E-002  2.836840018333900E-006         3
  6.339070803591140E-002  5.764112833488424E-007         3
  6.339070803591140E-002  1.407209539411176E-005         3
  6.339070803591140E-002  6.050764961097421E-006         3
  6.339070803591140E-002  6.222621020249405E-006         3
  6.339070803591140E-002  9.704933494614601E-006         3
  6.339070803591140E-002  3.766590292309569E-006         3
  6.339070803591140E-002  1.045794637853573E-005         3
  6.339070803591140E-002  1.228833448036475E-005         3
  6.522817430535040E-002  3.355553854183736E-007         3
  6.522817430535040E-002  6.840579296945602E-006         3
  6.522817430535040E-002  2.301777950740208E-007         3
  6.522817430535040E-002  1.230942498394685E-005         3
  6.522817430535040E-002  4.365230429090496E-007         3
  6.522817430535040E-002  7.960694088653104E-006         3
  6.706564057478941E-002  7.132685273240059E-006         3
  6.706564057478941E-002  4.192167292854175E-006         3
  6.706564057478941E-002  5.050649736038460E-007         3
  6.706564057478941E-002  5.703843807169748E-006         3
  6.890310684422840E-002  7.336330744104263E-007         3
  6.706564057478941E-002  1.645467064701750E-005         3
  6.890310684422840E-002  6.246422425725275E-006         3
  7.074057311366740E-002  7.425569160289512E-006         3
  7.074057311366740E-002  6.187586254555932E-007         3
  7.074057311366740E-002  6.945851008334216E-006         3
  7.074057311366740E-002  3.431884453580524E-007         3
  7.074057311366740E-002  8.480150457161604E-007         3
  7.441550565254540E-002  3.354972354381819E-006         3
  7.441550565254540E-002  1.453333428335666E-005         3
  7.441550565254540E-002  1.949264057823359E-005         3
  7.625297192198441E-002  2.004827920243732E-007         3
  7.625297192198441E-002  1.487245707194692E-005         3
  7.625297192198441E-002  4.111679423573781E-006         3
  7.625297192198441E-002  5.005061023095580E-006         3
  7.625297192198441E-002  7.800824036918941E-006         3
  7.809043819142340E-002  6.043098132131665E-006         3
  7.809043819142340E-002  4.911831745451325E-006         3
  7.809043819142340E-002  7.421518584091588E-006         3
  7.809043819142340E-002  1.902479522920163E-005         3
  7.809043819142340E-002  1.689052416941484E-006         3
  7.992790446086240E-002  1.140405914998204E-005         3
  7.992790446086240E-002  2.461649539868289E-006         3
  7.992790446086240E-002  1.268554258723404E-005         3
  8.176537073030141E-002  2.150085178103906E-007         3
  8.544030326917940E-002  1.573832210568906E-005         3
  8.544030326917940E-002  9.380500907386602E-007         3
  8.544030326917940E-002  8.169867070300463E-006         3
  8.544030326917940E-002  1.304548517486475E-005         3
  8.727776953861840E-002  1.212625089487772E-006         3
  8.544030326917940E-002  6.397973127439337E-006         3
  8.727776953861840E-002  1.313167460989712E-005         3
  8.727776953861840E-002  6.781279581699313E-006         3
  2.112898383881440E-002  3.477451898488546E-008         4
  2.296645010825340E-002  4.058967572011852E-009         4
  2.296645010825340E-002  8.969876902846401E-006         4
  2.480391637769240E-002  7.409869450476154E-009         4
  2.296645010825340E-002  8.299852933191606E-006         4
  3.031631518600940E-002  2.623641307504231E-007         4
  3.215378145544840E-002  8.066262419514809E-006         4
  3.399124772488740E-002  1.967207580465271E-006         4
  3.399124772488740E-002  1.512371861556537E-005         4
  3.582871399432640E-002  2.423615566778550E-009         4
  3.582871399432640E-002  4.599189172405643E-009         4
  3.766618026376540E-002  4.212715990236881E-006         4
  3.766618026376540E-002  2.556961653082089E-008         4
  3.766618026376540E-002  1.480660913111814E-005         4
  4.869097788039940E-002  2.919437569653641E-008         4
  4.869097788039940E-002  1.231839978573242E-005         4
  5.052844414983840E-002  2.570627876612184E-010         4
  4.869097788039940E-002  7.805442627546116E-006         4
  5.052844414983840E-002  1.080514751449467E-008         4
  5.052844414983840E-002  5.878420656567013E-006         4
  5.052844414983840E-002  1.123546572823906E-005         4
  5.052844414983840E-002  3.683931714925121E-006         4
  5.052844414983840E-002  5.872901017944171E-007         4
  5.052844414983840E-002  2.217121760858858E-008         4
  5.052844414983840E-002  1.015099337608300E-005         4
  5.052844414983840E-002  4.780190853888463E-006         4
  5.052844414983840E-002  1.117467023013285E-009         4
  5.052844414983840E-002  3.137444003714909E-005         4
  5.236591041927740E-002  6.224778011706302E-009         4
  5.236591041927740E-002  1.842590079211752E-008         4
  5.236591041927740E-002  4.636542937288696E-006         4
  5.236591041927740E-002  1.513648353409593E-008         4
  5.236591041927740E-002  1.586426533872379E-005         4
  5.604084295815540E-002  3.256814400092991E-006         4
  5.604084295815540E-002  9.230136709335565E-006         4
  5.604084295815540E-002  2.077378521899271E-008         4
  5.604084295815540E-002  1.100431470399075E-005         4
  5.787830922759440E-002  1.551051940464362E-008         4
  5.787830922759440E-002  9.058835636972442E-006         4
  6.155324176647240E-002  1.143240337492188E-008         4
  6.155324176647240E-002  9.616147431306976E-006         4
  6.522817430535040E-002  1.944933757077119E-008         4
  6.522817430535040E-002  1.359205645258827E-005         4
  6.522817430535040E-002  9.100572394359795E-009         4
  6.522817430535040E-002  1.060119292323017E-008         4
  6.522817430535040E-002  1.498488629045544E-005         4
  6.522817430535040E-002  7.541833836153613E-006         4
  6.706564057478941E-002  3.131069174675117E-005         4
  6.706564057478941E-002  1.395863264233245E-007         4
  6.706564057478941E-002  1.227062683165309E-007         4
  6.706564057478941E-002  2.993320582820746E-005         4
  6.890310684422840E-002  6.677657756716558E-007         4
  6.890310684422840E-002  2.821612162010315E-009         4
  6.890310684422840E-002  1.305904559665463E-005         4
  6.890310684422840E-002  1.853178617417533E-008         4
  6.890310684422840E-002  4.933238117967029E-006         4
  6.890310684422840E-002  5.856710831140159E-006         4
  6.890310684422840E-002  4.960058031746339E-006         4
  6.890310684422840E-002  1.577185396132367E-005         4
  7.074057311366740E-002  1.108239246885313E-006         4
  7.074057311366740E-002  3.441243424415009E-007         4
  7.074057311366740E-002  1.885810978941097E-005         4
  7.074057311366740E-002  8.218005876004901E-009         4
  7.074057311366740E-002  1.071679377768171E-005         4
  7.257803938310640E-002  1.961383479934232E-008         4
  7.257803938310640E-002  1.069243081363673E-005         4
  7.257803938310640E-002  8.854230553390720E-008         4
  7.257803938310640E-002  1.095779321559403E-005         4
  7.441550565254540E-002  1.158800735925966E-010         4
  7.441550565254540E-002  9.666920753721792E-006         4
  7.441550565254540E-002  7.082147017837812E-008         4
  7.257803938310640E-002  2.736237443946666E-005         4
  7.441550565254540E-002  2.144466496923063E-005         4
  7.441550565254540E-002  3.892226735230708E-007         4
  7.441550565254540E-002  5.137796985997222E-008         4
  7.441550565254540E-002  4.753927316059903E-006         4
  7.625297192198441E-002  2.796990151689755E-007         4
  7.625297192198441E-002  6.773580975640233E-006         4
  7.625297192198441E-002  1.864444308772750E-005         4
  7.625297192198441E-002  2.780131853296204E-007         4
  7.809043819142340E-002  2.490989423142337E-008         4
  7.809043819142340E-002  1.929851951378342E-005         4
  7.992790446086240E-002  1.138843056202600E-007         4
  7.992790446086240E-002  1.439267741592120E-005         4
  7.992790446086240E-002  2.683451909721332E-005         4
  8.176537073030141E-002  4.787421030653530E-009         4
  8.176537073030141E-002  2.207684660759799E-006         4
  8.176537073030141E-002  1.279708493671238E-005         4
  8.360283699974040E-002  1.135563719460668E-006         4
  8.360283699974040E-002  1.553836099146727E-008         4
  8.176537073030141E-002  6.996196757176479E-005         4
  8.360283699974040E-002  3.543842003216810E-007         4
  8.360283699974040E-002  9.119767056666827E-009         4
  8.544030326917940E-002  8.060075992033920E-008         4
  8.727776953861840E-002  7.534681969867823E-008         4
  8.727776953861840E-002  3.325969152977174E-005         4
  1.745405129993640E-002  4.686553059277108E-006         5
  2.112898383881440E-002  2.379304917263597E-007         5
  2.112898383881440E-002  5.754921803844109E-006         5
  2.112898383881440E-002  6.020408549560435E-006         5
  2.296645010825340E-002  3.814214195655676E-006         5
  2.847884891657040E-002  5.325192177127014E-006         5
  3.031631518600940E-002  1.145179772581844E-006         5
  3.031631518600940E-002  9.899828031501099E-006         5
  3.215378145544840E-002  1.391973063608157E-007         5
  3.399124772488740E-002  3.424446654927908E-008         5
  3.399124772488740E-002  4.749994378823034E-006         5
  3.582871399432640E-002  5.452857628210333E-007         5
  3.582871399432640E-002  1.029448938393438E-009         5
  3.582871399432640E-002  9.346617791006281E-006         5
  4.685351161096040E-002  4.808562099791146E-006         5
  4.685351161096040E-002  9.268584045801141E-006         5
  4.685351161096040E-002  4.372221981501815E-006         5
  4.685351161096040E-002  8.651618792009004E-006         5
  4.869097788039940E-002  4.289317478703563E-007         5
  4.869097788039940E-002  5.689998147010066E-008         5
  4.869097788039940E-002  1.712683590377126E-006         5
  4.869097788039940E-002  1.124812960972921E-007         5
  4.869097788039940E-002  1.284676181246042E-005         5
  4.869097788039940E-002  1.014796324618679E-005         5
  4.869097788039940E-002  1.342933257037721E-006         5
  4.869097788039940E-002  7.983378280543990E-006         5
  4.869097788039940E-002  2.120195908989905E-007         5
  4.869097788039940E-002  3.051009347021135E-006         5
  5.052844414983840E-002  1.144698396372531E-006         5
  5.052844414983840E-002  1.179596278550141E-006         5
  5.052844414983840E-002  2.000814937440417E-006         5
  5.052844414983840E-002  5.449848410536598E-010         5
  5.052844414983840E-002  1.161635958101907E-005         5
  5.420337668871640E-002  3.587005367828283E-006         5
  5.236591041927740E-002  1.860360360056333E-005         5
  5.420337668871640E-002  4.828535615493139E-006         5
  5.420337668871640E-002  1.000331779877795E-006         5
  5.604084295815540E-002  3.650640835040966E-006         5
  5.604084295815540E-002  4.241923194856868E-006         5
  5.971577549703340E-002  5.884617815547161E-007         5
  5.971577549703340E-002  6.523542866637186E-006         5
  6.339070803591140E-002  8.872289968025923E-006         5
  6.339070803591140E-002  6.303476170549196E-006         5
  6.339070803591140E-002  7.760273782104565E-006         5
  6.339070803591140E-002  5.662959539614820E-008         5
  6.339070803591140E-002  1.034938776733250E-005         5
  6.522817430535040E-002  4.107637422249551E-007         5
  6.522817430535040E-002  1.582709936293426E-005         5
  6.522817430535040E-002  7.153694727142196E-006         5
  6.522817430535040E-002  4.193528359854044E-007         5
  6.522817430535040E-002  8.385546416132053E-007         5
  6.522817430535040E-002  1.009387427384859E-005         5
  6.706564057478941E-002  1.719096238588693E-007         5
  6.706564057478941E-002  1.359158591900715E-006         5
  6.706564057478941E-002  8.291098196347259E-006         5
  6.706564057478941E-002  6.015023030463898E-006         5
  6.706564057478941E-002  7.595082331772364E-006         5
  6.706564057478941E-002  2.192254058208642E-005         5
  6.706564057478941E-002  3.956946207192795E-006         5
  6.706564057478941E-002  1.926080177980561E-005         5
  6.890310684422840E-002  9.117298047310240E-007         5
  6.890310684422840E-002  1.959933035702365E-005         5
  6.890310684422840E-002  4.961717614184168E-006         5
  6.890310684422840E-002  1.557118032254991E-005         5
  6.890310684422840E-002  3.049841750450510E-008         5
  7.074057311366740E-002  3.137781773979221E-006         5
  7.074057311366740E-002  2.914755519328314E-006         5
  7.074057311366740E-002  7.185285500685548E-006         5
  7.074057311366740E-002  9.507181411148011E-006         5
  7.257803938310640E-002  5.891038405380380E-007         5
  7.257803938310640E-002  1.118863024246783E-005         5
  7.257803938310640E-002  6.196493079023469E-006         5
  7.257803938310640E-002  1.709074335215065E-007         5
  7.257803938310640E-002  1.133009323936466E-005         5
  7.257803938310640E-002  8.171563908627115E-006         5
  7.441550565254540E-002  6.779427532871490E-008         5
  7.441550565254540E-002  6.764359218115232E-006         5
  7.441550565254540E-002  8.472764505094421E-006         5
  7.441550565254540E-002  1.990546527846602E-006         5
  7.441550565254540E-002  1.129873356186810E-005         5
  7.441550565254540E-002  5.292550922431840E-007         5
  7.625297192198441E-002  1.397392348526903E-005         5
  7.809043819142340E-002  2.476586856536854E-007         5
  7.809043819142340E-002  1.280134310118660E-005         5
  7.809043819142340E-002  6.493349462092636E-007         5
  7.809043819142340E-002  4.634771240678349E-008         5
  7.992790446086240E-002  1.226979878324591E-006         5
  8.176537073030141E-002  5.419578307357476E-008         5
  8.176537073030141E-002  6.876301993697436E-006         5
  8.176537073030141E-002  2.655969409759223E-008         5
  8.176537073030141E-002  3.888150727500720E-006         5
  8.176537073030141E-002  1.404400682300578E-005         5
  8.176537073030141E-002  1.741770293259581E-005         5
  8.360283699974040E-002  8.004192994440389E-006         5
  8.544030326917940E-002  8.730777232822362E-006         5
  8.544030326917940E-002  1.369261375060440E-006         5
  1.194165249161940E-002  2.774822019826285E-006         6
  1.194165249161940E-002  3.780700538537157E-006         6
  2.480391637769240E-002  4.991636001750057E-006         6
  2.480391637769240E-002  1.814593268430632E-006         6
  2.664138264713140E-002  7.878558651256594E-011         6
  2.480391637769240E-002  5.351771689483382E-006         6
  2.664138264713140E-002  2.634969967094625E-009         6
  2.664138264713140E-002  6.829110861572877E-006         6
  2.847884891657040E-002  1.795965762159151E-009         6
  2.664138264713140E-002  1.735094338726223E-005         6
  2.847884891657040E-002  4.185626502679043E-006         6
  2.847884891657040E-002  5.856224303979242E-010         6
  3.766618026376540E-002  6.193571872784357E-006         6
  4.134111280264340E-002  1.626587616593284E-006         6
  4.685351161096040E-002  1.484991181678233E-009         6
  4.685351161096040E-002  7.997950206582105E-006         6
  4.685351161096040E-002  8.697414647143056E-009         6
  4.685351161096040E-002  5.947376358244691E-006         6
  4.685351161096040E-002  1.418749201173227E-005         6
  4.869097788039940E-002  9.467624801311494E-012         6
  4.869097788039940E-002  5.846894597500060E-007         6
  4.869097788039940E-002  2.724502599865146E-007         6
  5.236591041927740E-002  1.934177099341046E-008         6
  5.236591041927740E-002  8.478240675425924E-006         6
  5.236591041927740E-002  5.245207972846106E-009         6
  5.236591041927740E-002  1.077059361944751E-005         6
  5.420337668871640E-002  1.640573689567249E-005         6
  5.420337668871640E-002  4.728894171861773E-009         6
  5.420337668871640E-002  7.632386892593767E-007         6
  5.604084295815540E-002  6.897047519757151E-007         6
  5.604084295815540E-002  3.628822050487234E-008         6
  5.420337668871640E-002  2.440110929915118E-005         6
  5.604084295815540E-002  5.309488556968278E-006         6
  5.604084295815540E-002  2.772127515948719E-009         6
  5.604084295815540E-002  2.498857328980657E-005         6
  5.787830922759440E-002  8.089995116176311E-008         6
  5.787830922759440E-002  7.737825953542001E-006         6
  5.787830922759440E-002  3.372928323701693E-006         6
  6.155324176647240E-002  7.404161793618059E-008         6
  6.155324176647240E-002  1.388567940289440E-006         6
  6.155324176647240E-002  7.448591862521612E-009         6
  6.155324176647240E-002  2.940311547221551E-005         6
  6.339070803591140E-002  4.044913124738175E-008         6
  6.339070803591140E-002  1.135420334106102E-005         6
  6.339070803591140E-002  3.175710749510478E-008         6
  6.339070803591140E-002  8.535628846076969E-006         6
  6.339070803591140E-002  2.851488914799820E-005         6
  6.339070803591140E-002  5.356927623755025E-008         6
  6.339070803591140E-002  1.254549752430006E-005         6
  6.339070803591140E-002  6.485074585209502E-007         6
  6.522817430535040E-002  2.074721337079528E-008         6
  6.522817430535040E-002  3.209854737314810E-009         6
  6.339070803591140E-002  1.494904617184257E-005         6
  6.339070803591140E-002  1.514278168529165E-005         6
  6.522817430535040E-002  3.131666201186476E-006         6
  6.522817430535040E-002  2.269500966127385E-008         6
  6.522817430535040E-002  1.122484864637828E-010         6
  6.522817430535040E-002  7.562669482058411E-006         6
  6.522817430535040E-002  1.176508229914891E-009         6
  6.706564057478941E-002  5.952879486103721E-006         6
  6.706564057478941E-002  3.756319664679634E-008         6
  6.706564057478941E-002  1.091677578245235E-005         6
  6.706564057478941E-002  1.010205642992456E-005         6
  6.706564057478941E-002  2.814411241545225E-005         6
  6.890310684422840E-002  1.184560777858066E-007         6
  6.890310684422840E-002  4.523032545271452E-006         6
  7.074057311366740E-002  6.238336533480961E-006         6
  7.074057311366740E-002  3.982051464031323E-008         6
  7.074057311366740E-002  6.279260302983942E-006         6
  7.074057311366740E-002  5.610833581998203E-009         6
  7.074057311366740E-002  8.962161350971139E-007         6
  7.441550565254540E-002  8.246247283559690E-008         6
  7.441550565254540E-002  2.095816214156495E-005         6
  7.441550565254540E-002  2.648289878908630E-005         6
  7.625297192198441E-002  4.830211690063027E-007         6
  7.625297192198441E-002  3.040061498595516E-006         6
  7.625297192198441E-002  1.629960902094499E-007         6
  7.625297192198441E-002  3.160835368082852E-008         6
  7.625297192198441E-002  4.395509377843501E-006         6
  7.809043819142340E-002  1.771866152922725E-005         6
  7.809043819142340E-002  1.458601526966542E-007         6
  7.809043819142340E-002  4.465353665678387E-009         6
  7.809043819142340E-002  2.059155959392607E-005         6
  7.809043819142340E-002  1.394010689689823E-005         6
  7.992790446086240E-002  3.007451862715159E-006         6
  7.992790446086240E-002  2.352576038688456E-008         6
  8.176537073030141E-002  6.065527207549874E-008         6
  8.176537073030141E-002  1.601017358583426E-005         6
  8.544030326917940E-002  4.572142068382584E-005         6
  8.544030326917940E-002  1.218265769549928E-007         6
  8.544030326917940E-002  1.249395540396920E-005         6
  8.544030326917940E-002  2.373429899067549E-006         6
  8.544030326917940E-002  2.175911073970493E-005         6
  8.544030326917940E-002  8.436430749449356E-006         6
  8.727776953861840E-002  1.536845207684740E-009         6
  8.727776953861840E-002  1.225250193925372E-007         6
  1.929151756937540E-002  4.209154755779295E-006         7
  2.112898383881440E-002  4.653885726782274E-006         7
  2.112898383881440E-002  1.659200141366480E-006         7
  2.112898383881440E-002  2.083398278446383E-006         7
  2.112898383881440E-002  8.052738340788943E-006         7
  2.847884891657040E-002  4.381102412337793E-006         7
  3.031631518600940E-002  8.029621996691944E-006         7
  3.215378145544840E-002  9.457188870292709E-007         7
  3.215378145544840E-002  8.116559137601745E-008         7
  3.399124772488740E-002  1.493049987522928E-007         7
  3.399124772488740E-002  4.470705184101558E-008         7
  3.399124772488740E-002  5.176090863858657E-006         7
  3.582871399432640E-002  9.709695737325048E-006         7
  3.582871399432640E-002  2.452366810351878E-007         7
  4.685351161096040E-002  9.218795246367654E-006         7
  4.685351161096040E-002  7.377524925883933E-006         7
  4.685351161096040E-002  9.077792805429377E-006         7
  4.869097788039940E-002  1.019638708730345E-006         7
  4.685351161096040E-002  4.193746543933217E-006         7
  4.869097788039940E-002  7.339835197918082E-007         7
  4.869097788039940E-002  1.888724619003966E-008         7
  4.869097788039940E-002  1.008902862722744E-005         7
  4.869097788039940E-002  4.202272789598994E-007         7
  4.869097788039940E-002  7.556486462260050E-006         7
  4.869097788039940E-002  5.132674881064032E-006         7
  4.869097788039940E-002  3.489241780603879E-008         7
  4.869097788039940E-002  7.713258169132677E-006         7
  4.869097788039940E-002  2.753140700180345E-006         7
  5.052844414983840E-002  1.969355828705512E-006         7
  5.052844414983840E-002  1.897811111009000E-006         7
  5.052844414983840E-002  1.354469738361645E-006         7
  5.052844414983840E-002  5.923095600360273E-006         7
  5.052844414983840E-002  6.074456219654918E-006         7
  5.236591041927740E-002  1.181278637898777E-005         7
  5.420337668871640E-002  6.071991541484822E-006         7
  5.420337668871640E-002  1.075136406746324E-005         7
  5.420337668871640E-002  2.922928513983212E-006         7
  5.604084295815540E-002  1.007333816174373E-006         7
  5.604084295815540E-002  2.448218404349987E-007         7
  5.971577549703340E-002  1.642843861021429E-006         7
  5.971577549703340E-002  5.316399732383460E-006         7
  6.155324176647240E-002  1.982696775477471E-005         7
  6.339070803591140E-002  9.754741241120470E-008         7
  6.339070803591140E-002  1.002468722055713E-005         7
  6.339070803591140E-002  8.156181306530756E-006         7
  6.339070803591140E-002  9.230954021158190E-007         7
  6.522817430535040E-002  6.441099662318604E-007         7
  6.522817430535040E-002  5.581578907081941E-006         7
  6.522817430535040E-002  1.647349787198775E-005         7
  6.522817430535040E-002  3.344610300905486E-006         7
  6.522817430535040E-002  1.759885851569803E-006         7
  6.522817430535040E-002  6.092720808520734E-006         7
  6.522817430535040E-002  8.931357564443662E-006         7
  6.706564057478941E-002  3.714590406297457E-006         7
  6.706564057478941E-002  4.488936013294768E-006         7
  6.706564057478941E-002  1.392284756109289E-006         7
  6.706564057478941E-002  1.722454371581884E-005         7
  6.706564057478941E-002  4.099048619627932E-006         7
  6.706564057478941E-002  9.457553247187776E-006         7
  6.706564057478941E-002  9.122118196338583E-006         7
  6.706564057478941E-002  8.268913432311990E-006         7
  6.890310684422840E-002  4.565573691288557E-006         7
  6.890310684422840E-002  1.304406392541050E-005         7
  6.890310684422840E-002  5.777552925981011E-007         7
  6.890310684422840E-002  1.020184850579141E-005         7
  7.074057311366740E-002  1.054376471675825E-006         7
  7.074057311366740E-002  1.034835002385358E-005         7
  7.074057311366740E-002  1.400827571648231E-006         7
  7.074057311366740E-002  8.020430852773197E-006         7
  7.257803938310640E-002  2.721969743954338E-006         7
  7.257803938310640E-002  1.718659818197213E-005         7
  7.257803938310640E-002  1.771982575268832E-005         7
  7.257803938310640E-002  6.121533885500248E-007         7
  7.257803938310640E-002  1.648290856087360E-006         7
  7.257803938310640E-002  3.872740812806106E-006         7
  7.257803938310640E-002  4.302754154175199E-006         7
  7.441550565254540E-002  8.331550708611333E-006         7
  7.441550565254540E-002  9.255342602489083E-006         7
  7.441550565254540E-002  1.167944574703741E-006         7
  7.441550565254540E-002  1.490276855892677E-005         7
  7.441550565254540E-002  1.261476999396571E-005         7
  7.625297192198441E-002  2.255730529495688E-006         7
  7.809043819142340E-002  1.285970900741750E-005         7
  7.809043819142340E-002  1.473762150895577E-006         7
  7.809043819142340E-002  7.107819790369157E-007         7
  7.809043819142340E-002  1.248526703191944E-008         7
  7.992790446086240E-002  5.063145770328488E-007         7
  8.176537073030141E-002  3.243949797486569E-008         7
  8.176537073030141E-002  7.440398604416331E-006         7
  8.176537073030141E-002  1.176443516009209E-008         7
  8.176537073030141E-002  1.339792994331766E-006         7
  8.176537073030141E-002  1.843995428218078E-005         7
  8.176537073030141E-002  1.613730539025349E-005         7
  8.360283699974040E-002  6.574419415335275E-006         7
  8.544030326917940E-002  3.187885155311651E-005         7
  8.544030326917940E-002  7.332382174759097E-007         7
  2.112898383881440E-002  4.540714180095032E-008         8
  2.296645010825340E-002  4.239394394734205E-006         8
  2.296645010825340E-002  4.852354250314587E-006         8
  2.296645010825340E-002  7.294905812043267E-006         8
  2.480391637769240E-002  1.338560769895384E-006         8
  3.031631518600940E-002  2.411282283238076E-007         8
  3.215378145544840E-002  6.968197545037809E-006         8
  3.399124772488740E-002  2.723844248179588E-006         8
  3.399124772488740E-002  3.835366335615629E-006         8
  3.399124772488740E-002  9.701143622575374E-006         8
  3.582871399432640E-002  6.518535808493114E-007         8
  3.766618026376540E-002  4.518812848863958E-006         8
  3.766618026376540E-002  6.295294768187911E-007         8
  3.766618026376540E-002  1.503885010349650E-005         8
  4.869097788039940E-002  4.164527474919980E-007         8
  4.869097788039940E-002  1.235873052328347E-005         8
  4.869097788039940E-002  6.781946731423471E-006         8
  4.869097788039940E-002  7.378736023806998E-006         8
  5.052844414983840E-002  1.491500362251599E-006         8
  5.052844414983840E-002  1.227755041901349E-008         8
  5.052844414983840E-002  8.910916960324410E-006         8
  5.052844414983840E-002  3.722444613314089E-006         8
  5.052844414983840E-002  2.371258265386297E-006         8
  5.052844414983840E-002  1.006895534639558E-005         8
  5.052844414983840E-002  8.240099133079877E-007         8
  5.052844414983840E-002  9.363296459440591E-006         8
  5.052844414983840E-002  8.878030171820636E-006         8
  5.052844414983840E-002  6.066543147967168E-006         8
  5.236591041927740E-002  4.075262137840085E-006         8
  5.236591041927740E-002  5.737930799842038E-006         8
  5.236591041927740E-002  5.530927259272286E-007         8
  5.236591041927740E-002  8.691148874109074E-006         8
  5.236591041927740E-002  8.807743621966518E-006         8
  5.420337668871640E-002  1.228306101398396E-005         8
  5.604084295815540E-002  4.679024169535894E-007         8
  5.604084295815540E-002  1.049484236588384E-005         8
  5.604084295815540E-002  2.097506002947070E-006         8
  5.604084295815540E-002  6.658639051606412E-006         8
  5.787830922759440E-002  3.008565514845422E-006         8
  6.155324176647240E-002  9.805868398579230E-006         8
  6.155324176647240E-002  7.767688378296129E-007         8
  6.522817430535040E-002  5.825104393373302E-006         8
  6.522817430535040E-002  8.427237675856515E-006         8
  6.522817430535040E-002  1.087000526922411E-005         8
  6.522817430535040E-002  1.925393267905373E-006         8
  6.522817430535040E-002  9.275521349251525E-006         8
  6.706564057478941E-002  8.857463745865859E-007         8
  6.706564057478941E-002  9.754338768103058E-006         8
  6.706564057478941E-002  1.760420445638173E-005         8
  6.706564057478941E-002  6.849147167848767E-006         8
  6.706564057478941E-002  1.521040548495658E-005         8
  6.890310684422840E-002  9.245059022253213E-007         8
  6.706564057478941E-002  1.430457523470213E-005         8
  6.890310684422840E-002  1.264332889227355E-006         8
  6.890310684422840E-002  5.319163017342463E-006         8
  6.890310684422840E-002  8.333432496276385E-007         8
  6.890310684422840E-002  1.049250686953896E-005         8
  6.890310684422840E-002  8.333068768403450E-007         8
  6.890310684422840E-002  1.390622643905433E-005         8
  6.890310684422840E-002  6.954052264449118E-006         8
  7.074057311366740E-002  9.076522557011233E-006         8
  7.074057311366740E-002  6.818575164376952E-006         8
  7.074057311366740E-002  8.660646848704904E-006         8
  7.074057311366740E-002  1.380443214626620E-005         8
  7.257803938310640E-002  1.095069290079446E-006         8
  7.257803938310640E-002  7.915927661257578E-007         8
  7.257803938310640E-002  1.222743178692890E-005         8
  7.257803938310640E-002  9.729593332505153E-006         8
  7.441550565254540E-002  1.703385441400393E-006         8
  7.441550565254540E-002  1.089012090856441E-006         8
  7.441550565254540E-002  1.776131044125618E-005         8
  7.441550565254540E-002  1.252655926751378E-007         8
  7.441550565254540E-002  3.553821147640220E-005         8
  7.441550565254540E-002  2.245033172170657E-008         8
  7.441550565254540E-002  2.595608625816179E-006         8
  7.441550565254540E-002  4.128203837524868E-006         8
  7.625297192198441E-002  6.214863321261604E-006         8
  7.625297192198441E-002  1.887671755744445E-005         8
  7.625297192198441E-002  3.270655474787644E-006         8
  7.625297192198441E-002  3.325224313084228E-006         8
  7.809043819142340E-002  1.531197319145733E-006         8
  7.809043819142340E-002  2.512702041999526E-005         8
  7.992790446086240E-002  5.522251142923714E-006         8
  7.992790446086240E-002  2.867426133482044E-005         8
  7.992790446086240E-002  1.086710683066282E-006         8
  7.992790446086240E-002  2.083886035230557E-005         8
  8.176537073030141E-002  9.424200527370880E-006         8
  8.360283699974040E-002  2.595066226745126E-006         8
  8.360283699974040E-002  1.385182596087055E-005         8
  8.360283699974040E-002  1.073469687202990E-005         8
  8.360283699974040E-002  5.029664733631390E-006         8
  8.360283699974040E-002  2.225323629736336E-005         8
  8.360283699974040E-002  9.388553594868130E-008         8
  8.544030326917940E-002  4.056926401915213E-008         8
  8.727776953861840E-002  4.334240581005224E-007         8
  8.727776953861840E-002  1.276322454098840E-005         8
  1.929151756937540E-002  4.172200417867232E-006         9
  2.112898383881440E-002  4.623136313073986E-006         9
  2.112898383881440E-002  1.652552294730069E-006         9
  2.112898383881440E-002  2.151762984612146E-006         9
  2.112898383881440E-002  7.916218035303286E-006         9
  2.847884891657040E-002  4.350343722569526E-006         9
  3.031631518600940E-002  8.482983459481261E-006         9
  3.215378145544840E-002  8.924238924515565E-007         9
  3.215378145544840E-002  7.553603541049360E-008         9
  3.399124772488740E-002  1.494041911428436E-007         9
  3.399124772488740E-002  2.403084447041224E-008         9
  3.399124772488740E-002  5.340224937486617E-006         9
  3.582871399432640E-002  9.225093299730111E-006         9
  3.582871399432640E-002  2.624498303079967E-007         9
  4.685351161096040E-002  8.492110372033054E-006         9
  4.685351161096040E-002  6.518117435636856E-006         9
  4.685351161096040E-002  9.155212598926080E-006         9
  4.869097788039940E-002  9.121476945034929E-007         9
  4.685351161096040E-002  4.264848726674876E-006         9
  4.869097788039940E-002  7.756287004793849E-007         9
  4.869097788039940E-002  5.965963561691193E-008         9
  4.869097788039940E-002  1.044347680725440E-005         9
  4.869097788039940E-002  5.750948372648830E-007         9
  4.869097788039940E-002  7.129317153499818E-006         9
  4.869097788039940E-002  5.145387220431079E-006         9
  4.869097788039940E-002  3.624577542183986E-008         9
  4.869097788039940E-002  7.354907729809622E-006         9
  4.869097788039940E-002  3.306282856797473E-006         9
  5.052844414983840E-002  2.205634569655005E-006         9
  5.052844414983840E-002  2.156770427258563E-006         9
  5.052844414983840E-002  1.422327155254222E-006         9
  5.052844414983840E-002  5.779334765751512E-006         9
  5.052844414983840E-002  5.776344689039431E-006         9
  5.236591041927740E-002  1.300217073808048E-005         9
  5.420337668871640E-002  5.871710236292736E-006         9
  5.420337668871640E-002  1.129112900880642E-005         9
  5.420337668871640E-002  3.210757930323623E-006         9
  5.604084295815540E-002  7.383569921430640E-007         9
  5.604084295815540E-002  2.697771687570974E-007         9
  5.971577549703340E-002  1.906874606133490E-006         9
  5.971577549703340E-002  5.641550062731914E-006         9
  6.339070803591140E-002  1.805131267019740E-005         9
  6.339070803591140E-002  5.599794241388571E-008         9
  6.339070803591140E-002  1.058267936501162E-005         9
  6.339070803591140E-002  8.578200116093992E-006         9
  6.339070803591140E-002  8.029271656885041E-007         9
  6.522817430535040E-002  6.397946705061928E-007         9
  6.522817430535040E-002  3.028349430008047E-006         9
  6.522817430535040E-002  1.362511669128979E-005         9
  6.522817430535040E-002  2.992690230031088E-006         9
  6.522817430535040E-002  1.666293228619553E-006         9
  6.522817430535040E-002  6.321096588845315E-006         9
  6.522817430535040E-002  9.019408269019018E-006         9
  6.706564057478941E-002  3.201747920376133E-006         9
  6.706564057478941E-002  4.585279940525586E-006         9
  6.706564057478941E-002  1.274983299669540E-006         9
  6.706564057478941E-002  1.926355857680811E-005         9
  6.706564057478941E-002  3.399811575289777E-006         9
  6.706564057478941E-002  1.235929628606574E-005         9
  6.706564057478941E-002  8.782487058786914E-006         9
  6.706564057478941E-002  1.003741101212022E-005         9
  6.890310684422840E-002  5.320460290595108E-006         9
  6.890310684422840E-002  1.385666742722693E-005         9
  6.890310684422840E-002  7.297274845964505E-007         9
  6.890310684422840E-002  9.384460873992536E-006         9
  7.074057311366740E-002  1.699600351776539E-006         9
  7.074057311366740E-002  1.081114439917926E-005         9
  7.074057311366740E-002  1.839741891121566E-006         9
  7.074057311366740E-002  6.622919252867914E-006         9
  7.257803938310640E-002  2.947176805349976E-006         9
  7.257803938310640E-002  1.525295126314952E-005         9
  7.257803938310640E-002  1.507646069371028E-005         9
  7.257803938310640E-002  3.240143595192237E-007         9
  7.257803938310640E-002  1.620177266783064E-006         9
  7.257803938310640E-002  2.985952053383040E-006         9
  7.257803938310640E-002  5.023574187972950E-006         9
  7.441550565254540E-002  8.910052949163147E-006         9
  7.441550565254540E-002  1.037681071910663E-005         9
  7.441550565254540E-002  1.682156714222909E-006         9
  7.441550565254540E-002  1.383964784512029E-005         9
  7.441550565254540E-002  1.217868088976740E-005         9
  7.625297192198441E-002  1.940048070835312E-006         9
  7.809043819142340E-002  1.141651834919806E-005         9
  7.809043819142340E-002  1.680131742516944E-006         9
  7.809043819142340E-002  6.261209812111538E-007         9
  7.809043819142340E-002  2.881572983350345E-009         9
  7.992790446086240E-002  7.933576853036600E-007         9
  8.176537073030141E-002  6.422076485300909E-009         9
  8.176537073030141E-002  5.977481865565965E-006         9
  8.176537073030141E-002  4.593178296783601E-008         9
  8.176537073030141E-002  1.825669159608345E-006         9
  8.176537073030141E-002  2.085872023843862E-005         9
  8.176537073030141E-002  1.291125829027595E-005         9
  8.360283699974040E-002  7.449228902713059E-006         9
  8.544030326917940E-002  2.709595591542216E-005         9
  8.544030326917940E-002  6.221668134505317E-007         9
  1.929151756937540E-002  4.048505643728506E-010        10
  1.929151756937540E-002  9.450262276640320E-006        10
  1.929151756937540E-002  5.667137377328294E-010        10
  2.480391637769240E-002  4.351615375240608E-009        10
  2.480391637769240E-002  2.707030975221815E-006        10
  2.480391637769240E-002  1.066012042722464E-005        10
  3.215378145544840E-002  2.717294608469888E-010        10
  3.215378145544840E-002  6.564569667360562E-006        10
  3.215378145544840E-002  3.866203316116009E-006        10
  3.215378145544840E-002  1.454810466823387E-005        10
  3.399124772488740E-002  8.888478466356353E-010        10
  3.399124772488740E-002  3.019857896697337E-009        10
  3.399124772488740E-002  5.500363426643747E-008        10
  3.582871399432640E-002  4.074793012124578E-009        10
  3.582871399432640E-002  2.539429797415560E-006        10
  3.766618026376540E-002  3.531659700153138E-009        10
  3.766618026376540E-002  1.041899265064888E-005        10
  3.766618026376540E-002  1.259452498345679E-007        10
  3.766618026376540E-002  1.662621313395880E-005        10
  3.950364653320440E-002  2.948569633897682E-009        10
  3.950364653320440E-002  1.974861109837691E-006        10
  4.134111280264340E-002  2.477357822803430E-009        10
  4.134111280264340E-002  1.675836537598078E-009        10
  4.134111280264340E-002  3.498257698858019E-006        10
  4.134111280264340E-002  1.247678387689957E-008        10
  4.134111280264340E-002  1.561547299109544E-005        10
  4.134111280264340E-002  6.198784856394816E-007        10
  4.317857907208240E-002  7.692856135938302E-006        10
  5.052844414983840E-002  3.275555653719569E-008        10
  5.052844414983840E-002  2.125607700635604E-005        10
  5.236591041927740E-002  1.516796783910202E-007        10
  5.236591041927740E-002  9.181686115597934E-006        10
  5.236591041927740E-002  5.658966236623775E-009        10
  5.236591041927740E-002  4.402110938587190E-007        10
  5.420337668871640E-002  3.978442027263595E-008        10
  5.420337668871640E-002  4.342451434061100E-006        10
  5.420337668871640E-002  2.017444151880003E-005        10
  5.971577549703340E-002  2.273225200830498E-005        10
  5.971577549703340E-002  1.681225349866463E-009        10
  5.971577549703340E-002  2.947155521838290E-006        10
  5.971577549703340E-002  3.279918786436269E-009        10
  6.155324176647240E-002  2.005705370216421E-008        10
  5.971577549703340E-002  1.662806878782667E-005        10
  6.155324176647240E-002  8.322084911834700E-008        10
  6.155324176647240E-002  3.009874584001491E-006        10
  6.155324176647240E-002  1.883780699883668E-005        10
  6.339070803591140E-002  7.141096444275864E-006        10
  6.339070803591140E-002  4.391614496777409E-009        10
  6.339070803591140E-002  8.555135438238475E-007        10
  6.339070803591140E-002  7.477307942990071E-006        10
  6.706564057478941E-002  5.083695250247305E-009        10
  6.706564057478941E-002  1.176128006568906E-005        10
  6.706564057478941E-002  3.012513993424629E-006        10
  7.074057311366740E-002  3.387836563158049E-008        10
  6.890310684422840E-002  8.605236982443323E-006        10
  7.074057311366740E-002  1.201250081815552E-005        10
  7.257803938310640E-002  6.859863722584443E-008        10
  7.074057311366740E-002  2.266830783572307E-005        10
  7.257803938310640E-002  9.894955507802314E-007        10
  7.257803938310640E-002  2.142100412452209E-005        10
  7.257803938310640E-002  1.492713552006145E-009        10
  7.257803938310640E-002  2.004997847873199E-005        10
  7.257803938310640E-002  2.294515940075104E-008        10
  7.257803938310640E-002  4.292510833977608E-009        10
  7.441550565254540E-002  4.293852356806685E-006        10
  7.441550565254540E-002  8.511776614366474E-008        10
  7.257803938310640E-002  2.358060118311515E-005        10
  7.441550565254540E-002  3.164585016211834E-006        10
  7.625297192198441E-002  2.335181607688157E-005        10
  7.809043819142340E-002  2.206351050661400E-007        10
  7.809043819142340E-002  7.289081078146999E-006        10
  7.809043819142340E-002  2.702017806964773E-005        10
  7.809043819142340E-002  4.765296032974726E-008        10
  7.809043819142340E-002  4.194170615481128E-006        10
  7.992790446086240E-002  6.294508314617650E-006        10
  7.809043819142340E-002  2.600634150380267E-005        10
  7.992790446086240E-002  3.081169870734110E-009        10
  7.992790446086240E-002  1.403839686053792E-006        10
  7.992790446086240E-002  2.103130512837110E-009        10
  7.992790446086240E-002  1.062955455494357E-008        10
  7.992790446086240E-002  1.174468600042794E-007        10
  7.992790446086240E-002  1.516587257761700E-005        10
  8.176537073030141E-002  9.149221448514693E-008        10
  8.176537073030141E-002  2.894395358379193E-005        10
  8.176537073030141E-002  2.408007818800627E-007        10
  8.176537073030141E-002  3.026328805292772E-008        10
  8.360283699974040E-002  4.335595056672316E-006        10
  8.360283699974040E-002  1.547246282532239E-007        10
  8.360283699974040E-002  1.245981220926749E-005        10
  8.360283699974040E-002  1.290345338262071E-005        10
  8.360283699974040E-002  1.035718826600252E-007        10
  8.360283699974040E-002  4.031156000619361E-005        10
  8.544030326917940E-002  1.280481101472018E-008        10
  8.544030326917940E-002  7.169248093598983E-007        10
  8.544030326917940E-002  2.415349618113663E-009        10
  8.544030326917940E-002  1.347220129991839E-006        10
  1.929151756937540E-002  5.335270747474728E-006        11
  1.929151756937540E-002  1.017125092997951E-006        11
  1.929151756937540E-002  3.788679318801848E-006        11
  2.296645010825340E-002  9.051651800974470E-006        11
  2.480391637769240E-002  3.035923105730267E-007        11
  2.480391637769240E-002  4.574188552895088E-006        11
  3.031631518600940E-002  7.233948872532575E-006        11
  3.215378145544840E-002  1.444799233161873E-006        11
  3.215378145544840E-002  2.905385103472225E-006        11
  3.399124772488740E-002  3.217298048383225E-006        11
  3.399124772488740E-002  2.355492360498915E-007        11
  3.399124772488740E-002  2.322736553818233E-006        11
  3.399124772488740E-002  2.851270299998890E-006        11
  3.399124772488740E-002  4.295217653988915E-006        11
  3.582871399432640E-002  2.361425334124917E-006        11
  3.766618026376540E-002  7.166116155871748E-006        11
  3.766618026376540E-002  1.277066042380543E-006        11
  3.766618026376540E-002  4.069731976406880E-006        11
  3.950364653320440E-002  4.206399821935177E-006        11
  3.950364653320440E-002  3.533527956011056E-007        11
  3.950364653320440E-002  8.949463660215494E-007        11
  4.134111280264340E-002  1.898675981074262E-006        11
  4.134111280264340E-002  1.169967647309672E-005        11
  4.134111280264340E-002  1.681510398477355E-006        11
  4.134111280264340E-002  3.751861207648803E-006        11
  4.134111280264340E-002  3.441609232958355E-006        11
  4.134111280264340E-002  1.007186366159543E-005        11
  4.317857907208240E-002  9.252441778566397E-006        11
  5.052844414983840E-002  1.153903458862197E-005        11
  5.052844414983840E-002  2.683281007280118E-006        11
  5.236591041927740E-002  6.003211817220923E-006        11
  5.236591041927740E-002  4.551524764373616E-006        11
  5.236591041927740E-002  4.226722138085180E-006        11
  5.236591041927740E-002  2.901814550578809E-007        11
  5.420337668871640E-002  4.757876623849403E-006        11
  5.420337668871640E-002  7.656508319001684E-006        11
  5.420337668871640E-002  1.188471699438358E-005        11
  5.971577549703340E-002  4.545899353268026E-006        11
  5.971577549703340E-002  1.304952590469614E-006        11
  5.971577549703340E-002  2.961104376562662E-006        11
  5.971577549703340E-002  4.167254592293087E-006        11
  5.971577549703340E-002  1.408732350343280E-005        11
  5.971577549703340E-002  7.677152145284736E-006        11
  6.155324176647240E-002  5.602463612357143E-006        11
  6.155324176647240E-002  9.308942431004046E-006        11
  6.155324176647240E-002  9.038885756131184E-006        11
  6.339070803591140E-002  4.514595524895389E-006        11
  6.339070803591140E-002  3.007527292790906E-006        11
  6.339070803591140E-002  4.574203862380065E-009        11
  6.339070803591140E-002  1.200078614476651E-005        11
  6.706564057478941E-002  1.199815052969173E-005        11
  6.706564057478941E-002  3.315358923853444E-006        11
  6.706564057478941E-002  4.478501431454059E-006        11
  6.890310684422840E-002  5.471953729930593E-006        11
  6.890310684422840E-002  1.482529742519989E-005        11
  7.074057311366740E-002  6.584634624879173E-006        11
  7.074057311366740E-002  1.312367325700340E-005        11
  7.257803938310640E-002  1.710778155534419E-006        11
  7.074057311366740E-002  1.245757556389338E-005        11
  7.257803938310640E-002  4.805491144800823E-006        11
  7.257803938310640E-002  7.580404087976508E-006        11
  7.257803938310640E-002  6.378168020031753E-007        11
  7.257803938310640E-002  3.591943701569120E-006        11
  7.257803938310640E-002  2.267484092435893E-005        11
  7.441550565254540E-002  4.684665212624227E-006        11
  7.257803938310640E-002  1.835592314234552E-005        11
  7.441550565254540E-002  4.979267239688044E-006        11
  7.441550565254540E-002  8.314614625589781E-006        11
  7.625297192198441E-002  1.637016037431209E-005        11
  7.809043819142340E-002  5.768785268250737E-006        11
  7.809043819142340E-002  1.495720035370850E-005        11
  7.809043819142340E-002  9.805082939334883E-006        11
  7.809043819142340E-002  6.011831828615591E-006        11
  7.809043819142340E-002  2.120143380698922E-005        11
  7.809043819142340E-002  1.653664227315831E-005        11
  7.992790446086240E-002  8.143082314697094E-007        11
  7.992790446086240E-002  7.161064716362027E-006        11
  7.992790446086240E-002  1.932525722223014E-006        11
  7.992790446086240E-002  8.630428432008202E-006        11
  7.992790446086240E-002  4.065543342389180E-006        11
  7.992790446086240E-002  2.620194716600458E-008        11
  8.176537073030141E-002  3.810194889175307E-006        11
  8.176537073030141E-002  1.149299888460926E-006        11
  8.176537073030141E-002  1.038774716424871E-005        11
  8.176537073030141E-002  1.060730373354480E-005        11
  8.176537073030141E-002  7.588205109849678E-006        11
  8.360283699974040E-002  3.979126770072936E-006        11
  8.360283699974040E-002  1.259568687155260E-005        11
  8.360283699974040E-002  1.484525114884342E-005        11
  8.360283699974040E-002  6.436292358862059E-006        11
  8.360283699974040E-002  2.330159845473607E-005        11
  8.360283699974040E-002  4.830280422956186E-006        11
  8.544030326917940E-002  1.138413009926049E-006        11
  8.544030326917940E-002  1.161341589964668E-005        11
  8.544030326917940E-002  3.377831089976429E-006        11
  8.544030326917940E-002  2.532153448266937E-006        11
  2.112898383881440E-002  3.609217373927609E-008        12
  2.296645010825340E-002  4.205626815385958E-006        12
  2.296645010825340E-002  5.042520359039785E-006        12
  2.296645010825340E-002  7.127186916708326E-006        12
  2.480391637769240E-002  1.353527671089324E-006        12
  3.031631518600940E-002  3.061329340197210E-007        12
  3.215378145544840E-002  7.126768497913601E-006        12
  3.399124772488740E-002  2.794345342184377E-006        12
  3.399124772488740E-002  3.864311455362777E-006        12
  3.399124772488740E-002  9.630677712218632E-006        12
  3.582871399432640E-002  6.034968703002311E-007        12
  3.766618026376540E-002  4.316198500084536E-006        12
  3.766618026376540E-002  5.870192274678122E-007        12
  3.766618026376540E-002  1.485823479342728E-005        12
  4.869097788039940E-002  3.941188490394408E-007        12
  4.869097788039940E-002  1.164135162408068E-005        12
  4.869097788039940E-002  6.713804946012755E-006        12
  4.869097788039940E-002  7.349714296394504E-006        12
  5.052844414983840E-002  1.537867862121544E-006        12
  5.052844414983840E-002  1.778426602811225E-008        12
  5.052844414983840E-002  8.709726104842994E-006        12
  5.052844414983840E-002  4.277057733767081E-006        12
  5.052844414983840E-002  2.472663520193152E-006        12
  5.052844414983840E-002  9.666043381280168E-006        12
  5.052844414983840E-002  1.129224769571635E-006        12
  5.052844414983840E-002  1.001622028683023E-005        12
  5.052844414983840E-002  9.837296567331518E-006        12
  5.052844414983840E-002  6.277493039780963E-006        12
  5.236591041927740E-002  3.816649542161137E-006        12
  5.236591041927740E-002  5.147511772156034E-006        12
  5.236591041927740E-002  5.107331426913607E-007        12
  5.236591041927740E-002  7.631644865608958E-006        12
  5.236591041927740E-002  8.872610337443096E-006        12
  5.420337668871640E-002  1.044794285111514E-005        12
  5.604084295815540E-002  5.600644118967507E-007        12
  5.604084295815540E-002  1.029952456769258E-005        12
  5.604084295815540E-002  1.976702497976149E-006        12
  5.604084295815540E-002  6.169180818059459E-006        12
  5.787830922759440E-002  2.915826539001562E-006        12
  6.155324176647240E-002  9.045892911206920E-006        12
  6.155324176647240E-002  8.574854590699206E-007        12
  6.522817430535040E-002  6.460870721735537E-006        12
  6.522817430535040E-002  7.315008946611588E-006        12
  6.522817430535040E-002  1.110192818182601E-005        12
  6.522817430535040E-002  2.535034765474491E-006        12
  6.522817430535040E-002  1.001448285953074E-005        12
  6.706564057478941E-002  1.266852398732492E-006        12
  6.706564057478941E-002  1.064460814450376E-005        12
  6.706564057478941E-002  1.981748665509211E-005        12
  6.706564057478941E-002  1.250037535555692E-005        12
  6.706564057478941E-002  1.442493067861366E-005        12
  6.890310684422840E-002  5.835227398645097E-007        12
  6.706564057478941E-002  1.438370195065028E-005        12
  6.890310684422840E-002  1.498068802808011E-006        12
  6.890310684422840E-002  4.380140826386003E-006        12
  6.890310684422840E-002  9.309151082964280E-007        12
  6.890310684422840E-002  6.676697377641540E-006        12
  6.890310684422840E-002  6.086685421154250E-007        12
  6.890310684422840E-002  1.242614183848831E-005        12
  6.890310684422840E-002  7.045205807816480E-006        12
  6.890310684422840E-002  1.109979215224600E-005        12
  7.074057311366740E-002  7.669878573747740E-006        12
  7.074057311366740E-002  8.898398884459864E-006        12
  7.074057311366740E-002  1.391553971906153E-005        12
  7.257803938310640E-002  1.180533394976931E-006        12
  7.257803938310640E-002  8.273153856052426E-007        12
  7.257803938310640E-002  1.213171592645813E-005        12
  7.257803938310640E-002  8.077116181512310E-006        12
  7.441550565254540E-002  1.408073352032016E-006        12
  7.441550565254540E-002  8.901600419219375E-007        12
  7.441550565254540E-002  1.831379495005789E-005        12
  7.441550565254540E-002  7.912711812057604E-007        12
  7.441550565254540E-002  3.940214776369983E-005        12
  7.441550565254540E-002  1.247517304275400E-008        12
  7.441550565254540E-002  2.261706708731199E-006        12
  7.441550565254540E-002  4.148877305433790E-006        12
  7.625297192198441E-002  7.230160253200836E-006        12
  7.625297192198441E-002  1.650131546026509E-005        12
  7.625297192198441E-002  2.462959493254529E-006        12
  7.625297192198441E-002  3.313937267852043E-006        12
  7.809043819142340E-002  9.971519589039995E-007        12
  7.809043819142340E-002  2.325601514093051E-005        12
  7.992790446086240E-002  5.274225505936939E-006        12
  7.992790446086240E-002  2.367087354457453E-005        12
  7.992790446086240E-002  1.139843919828245E-006        12
  7.992790446086240E-002  2.138919523087384E-005        12
  8.176537073030141E-002  8.580970016867232E-006        12
  8.360283699974040E-002  3.537496511198684E-006        12
  8.176537073030141E-002  1.439229283812303E-005        12
  8.360283699974040E-002  1.496453442975664E-005        12
  8.360283699974040E-002  5.285739111741616E-006        12
  8.360283699974040E-002  2.627540652989800E-005        12
  8.360283699974040E-002  2.573502551788651E-007        12
  8.544030326917940E-002  2.427322054150768E-009        12
  8.727776953861840E-002  8.824271398021884E-007        12
  8.727776953861840E-002  1.578525735257802E-005        12
  1.929151756937540E-002  5.352938929391046E-006        13
  1.929151756937540E-002  1.005925085234277E-006        13
  1.929151756937540E-002  3.815581766105813E-006        13
  2.296645010825340E-002  8.982841038172936E-006        13
  2.480391637769240E-002  2.582468285152648E-007        13
  2.480391637769240E-002  4.516226735956835E-006        13
  3.031631518600940E-002  7.262040730499665E-006        13
  3.215378145544840E-002  1.419172143686800E-006        13
  3.215378145544840E-002  2.942737003589546E-006        13
  3.399124772488740E-002  3.289973592994591E-006        13
  3.399124772488740E-002  2.669304006820115E-007        13
  3.399124772488740E-002  2.457418337167636E-006        13
  3.399124772488740E-002  2.559640652353269E-006        13
  3.399124772488740E-002  4.476495082026044E-006        13
  3.582871399432640E-002  2.434160565802016E-006        13
  3.766618026376540E-002  7.011495084000376E-006        13
  3.766618026376540E-002  9.301252493990012E-007        13
  3.766618026376540E-002  4.211789778983940E-006        13
  3.950364653320440E-002  3.863962859680178E-006        13
  3.950364653320440E-002  3.376607798198895E-007        13
  3.950364653320440E-002  8.389617983577003E-007        13
  4.134111280264340E-002  2.307926421016412E-006        13
  4.134111280264340E-002  1.166043679918166E-005        13
  4.134111280264340E-002  1.582415853643453E-006        13
  4.134111280264340E-002  3.901088955313911E-006        13
  4.134111280264340E-002  3.178122990914870E-006        13
  4.134111280264340E-002  1.025059015221642E-005        13
  4.317857907208240E-002  8.416812191108612E-006        13
  5.052844414983840E-002  1.412979063593438E-005        13
  5.052844414983840E-002  2.999114719159424E-006        13
  5.236591041927740E-002  6.334615224939845E-006        13
  5.236591041927740E-002  4.136606100047236E-006        13
  5.236591041927740E-002  4.312957418367036E-006        13
  5.236591041927740E-002  2.309780898877038E-007        13
  5.420337668871640E-002  5.135422665679465E-006        13
  5.420337668871640E-002  7.436095124136911E-006        13
  5.420337668871640E-002  1.226077040220626E-005        13
  5.971577549703340E-002  6.086574127853084E-006        13
  5.971577549703340E-002  1.655197029488274E-006        13
  5.971577549703340E-002  3.316367619718476E-006        13
  5.971577549703340E-002  4.441119751053971E-006        13
  5.971577549703340E-002  1.552203225959159E-005        13
  5.971577549703340E-002  8.240097801540540E-006        13
  6.155324176647240E-002  5.440220489041998E-006        13
  6.155324176647240E-002  9.207323268051154E-006        13
  6.155324176647240E-002  8.700746106880895E-006        13
  6.339070803591140E-002  3.628943161263305E-006        13
  6.339070803591140E-002  2.621595587166494E-006        13
  6.339070803591140E-002  2.810688752468222E-008        13
  6.339070803591140E-002  9.394028885412254E-006        13
  6.706564057478941E-002  1.206985552654792E-005        13
  6.706564057478941E-002  3.054979606791803E-006        13
  6.706564057478941E-002  4.151713042090227E-006        13
  6.890310684422840E-002  6.202629261451949E-006        13
  6.890310684422840E-002  1.236859369161101E-005        13
  7.074057311366740E-002  4.872644029097113E-006        13
  7.074057311366740E-002  1.384825096435392E-005        13
  7.257803938310640E-002  1.835684253423628E-006        13
  7.074057311366740E-002  1.290777943801327E-005        13
  7.257803938310640E-002  5.159612475267230E-006        13
  7.257803938310640E-002  7.984756260584987E-006        13
  7.257803938310640E-002  3.192570011954443E-007        13
  7.257803938310640E-002  2.067835038903046E-006        13
  7.257803938310640E-002  2.409423590628242E-005        13
  7.441550565254540E-002  5.215265405116011E-006        13
  7.257803938310640E-002  2.192439137490197E-005        13
  7.441550565254540E-002  4.561852980709454E-006        13
  7.441550565254540E-002  7.650349725711721E-006        13
  7.625297192198441E-002  1.916831209044669E-005        13
  7.809043819142340E-002  4.341227020486145E-006        13
  7.809043819142340E-002  1.427144706498113E-005        13
  7.809043819142340E-002  1.225157374542325E-005        13
  7.809043819142340E-002  5.382010125056747E-006        13
  7.809043819142340E-002  2.050482377127267E-005        13
  7.992790446086240E-002  1.273462691122585E-005        13
  7.992790446086240E-002  8.831608842107746E-007        13
  7.992790446086240E-002  8.066395722327393E-006        13
  7.992790446086240E-002  1.870723140958269E-006        13
  7.992790446086240E-002  8.320801127473135E-006        13
  7.992790446086240E-002  3.948700908545753E-006        13
  7.992790446086240E-002  3.385841214310514E-008        13
  8.176537073030141E-002  4.351419599217075E-006        13
  8.176537073030141E-002  2.451722603936507E-006        13
  8.176537073030141E-002  1.427768804069092E-005        13
  8.176537073030141E-002  1.195042960559099E-005        13
  8.176537073030141E-002  9.058111102117461E-006        13
  8.360283699974040E-002  4.888913441405967E-006        13
  8.360283699974040E-002  1.363015033228790E-005        13
  8.360283699974040E-002  1.254551596679744E-005        13
  8.360283699974040E-002  4.603551445617763E-006        13
  8.360283699974040E-002  2.386716230773885E-005        13
  8.360283699974040E-002  4.152659303818501E-006        13
  8.544030326917940E-002  1.600244031234590E-006        13
  8.544030326917940E-002  1.114077406302326E-005        13
  8.544030326917940E-002  3.275694579465695E-006        13
  8.544030326917940E-002  3.506567290161857E-006        13
  2.296645010825340E-002  1.197897583841335E-009        14
  2.296645010825340E-002  1.825085847537383E-006        14
  2.296645010825340E-002  2.164444636474679E-006        14
  2.664138264713140E-002  1.212136249722048E-009        14
  2.664138264713140E-002  1.491307010406399E-006        14
  2.664138264713140E-002  4.181893835893280E-006        14
  3.399124772488740E-002  3.367266250516411E-009        14
  3.399124772488740E-002  6.131112750511126E-008        14
  3.399124772488740E-002  9.457169270797349E-008        14
  3.582871399432640E-002  1.907635604075447E-005        14
  3.582871399432640E-002  1.377525339795773E-008        14
  3.582871399432640E-002  1.349116093048600E-009        14
  3.766618026376540E-002  3.962617609706223E-007        14
  3.766618026376540E-002  3.201545749355916E-009        14
  3.582871399432640E-002  2.299355126461112E-005        14
  3.950364653320440E-002  3.448904731197531E-009        14
  4.134111280264340E-002  3.091740623287672E-006        14
  4.134111280264340E-002  3.410345463411568E-006        14
  4.134111280264340E-002  1.755348702787690E-005        14
  4.134111280264340E-002  1.349850739690174E-008        14
  4.134111280264340E-002  3.957109761871020E-007        14
  4.317857907208240E-002  9.413496832453603E-010        14
  4.317857907208240E-002  6.972675168257223E-009        14
  4.134111280264340E-002  2.903811061020678E-005        14
  4.501604534152140E-002  4.881451934609355E-009        14
  4.501604534152140E-002  3.931942486770983E-006        14
  4.317857907208240E-002  2.176828947623523E-005        14
  4.685351161096040E-002  4.367967714616485E-007        14
  5.420337668871640E-002  1.074785639296870E-007        14
  5.236591041927740E-002  2.289406877608368E-005        14
  5.420337668871640E-002  1.459212437913757E-005        14
  5.420337668871640E-002  9.759496365479239E-006        14
  5.420337668871640E-002  1.174176490870708E-008        14
  5.420337668871640E-002  1.890721427409532E-005        14
  5.787830922759440E-002  1.879540934113649E-008        14
  5.787830922759440E-002  5.262943519443800E-006        14
  5.787830922759440E-002  1.167240077898014E-005        14
  6.155324176647240E-002  1.756110518336572E-005        14
  6.155324176647240E-002  5.833809185019916E-008        14
  6.155324176647240E-002  2.941791348476730E-006        14
  6.339070803591140E-002  7.778522175802131E-009        14
  6.339070803591140E-002  1.996785548421109E-008        14
  6.155324176647240E-002  3.109815001905627E-005        14
  6.339070803591140E-002  1.650992653203878E-008        14
  6.339070803591140E-002  3.513558803634883E-006        14
  6.339070803591140E-002  2.745860204774824E-006        14
  6.522817430535040E-002  1.569033362342601E-005        14
  6.706564057478941E-002  2.292281367507500E-008        14
  6.522817430535040E-002  1.049416776270736E-005        14
  6.706564057478941E-002  7.455606281686534E-006        14
  7.074057311366740E-002  4.487484141631244E-008        14
  7.074057311366740E-002  1.449601168601881E-006        14
  7.074057311366740E-002  2.344439700070824E-006        14
  7.257803938310640E-002  4.928392473701718E-010        14
  7.257803938310640E-002  9.011123831825855E-007        14
  7.257803938310640E-002  4.033828967897467E-007        14
  7.441550565254540E-002  3.458989192776469E-008        14
  7.441550565254540E-002  1.200708477076894E-005        14
  7.441550565254540E-002  1.946848767316797E-005        14
  7.441550565254540E-002  6.192113397983685E-006        14
  7.441550565254540E-002  1.031863594909479E-007        14
  7.441550565254540E-002  4.489878629752072E-006        14
  7.625297192198441E-002  2.808137198688557E-008        14
  7.625297192198441E-002  9.050339921982603E-008        14
  7.441550565254540E-002  6.139663972962964E-005        14
  7.625297192198441E-002  2.627525100291390E-007        14
  7.625297192198441E-002  1.590921421587415E-005        14
  7.625297192198441E-002  1.361285578829351E-005        14
  7.992790446086240E-002  1.720641089748819E-005        14
  7.992790446086240E-002  5.965740350907175E-007        14
  7.992790446086240E-002  1.714847192875112E-005        14
  8.176537073030141E-002  4.607072227646861E-006        14
  8.176537073030141E-002  9.732988204919855E-008        14
  8.176537073030141E-002  1.622674781820359E-005        14
  8.176537073030141E-002  9.199603581616370E-006        14
  8.176537073030141E-002  2.572282437747279E-005        14
  8.176537073030141E-002  2.034150007051610E-008        14
  8.176537073030141E-002  1.571862133366229E-005        14
  8.360283699974040E-002  6.662974263391279E-009        14
  8.360283699974040E-002  9.757901835439511E-008        14
  8.176537073030141E-002  2.748966090678722E-005        14
  8.176537073030141E-002  4.343231008634886E-005        14
  8.360283699974040E-002  9.573175763790089E-008        14
  8.176537073030141E-002  5.751777178028813E-005        14
  8.360283699974040E-002  4.043445801843748E-007        14
  8.360283699974040E-002  9.235526190926596E-007        14
  8.544030326917940E-002  3.912149260515447E-006        14
  8.544030326917940E-002  4.841568440767207E-008        14
  8.544030326917940E-002  2.401441418587803E-006        14
  8.727776953861840E-002  4.120841174215593E-007        14
  8.727776953861840E-002  5.373019837265359E-009        14
  8.727776953861840E-002  1.812430027764718E-007        14
  8.727776953861840E-002  7.829836104545608E-008        14
  8.727776953861840E-002  7.596983560199697E-009        14
  8.727776953861840E-002  3.725908937046955E-008        14
  8.727776953861840E-002  1.083256600266078E-007        14
