# Total number of k-points, k-point index, spin index Format : '(3i10)'
        27        21         1
# Cell volume (a.u.)^3. Format: '(a51, ES24.15E3)'   7.062330632076545E+004
# Total number of <f|i> elements, Initial States (bandI, bandF), Final States (bandI, bandF) Format : '(5i10)'
        64      1025      1088      1024      1024
# Final Band, Initial Band, Complex <f|i>, |<f|i>|^2, |dE*<f|i>|^2 (Hartree^2) Format : '(2i10,3ES24.15E3)'
   1024   1025  5.847996544736030E-002 -5.625309191859518E-002  6.584316709126371E-003  9.001981076320168E-006
   1024   1026 -5.480355765216977E-002 -1.486536853146980E-002  3.224409112911109E-003  4.443801049417626E-006
   1024   1027 -2.660092917211417E-002  2.217531390308550E-004  7.076586072745048E-004  1.009516692997426E-006
   1024   1028 -8.242446944262859E-005 -4.186586080698039E-005  8.546543464008270E-009  1.232782636463647E-011
   1024   1029  8.943082760385167E-002 -1.791796537699080E-002  8.318926409160880E-003  1.201019670699703E-005
   1024   1030  7.163128194589004E-002 -2.453012359087824E-002  5.732767516595354E-003  1.003292971943917E-005
   1024   1031  1.071331736804447E-002 -1.552264270097492E-002  3.557276054505733E-004  6.311994072783466E-007
   1024   1032  5.038530859992943E-002 -1.063369746788931E-002  2.651754844548718E-003  4.832650353889547E-006
   1024   1033  2.293116704261121E-002  7.233478046417294E-002  5.758158886736234E-003  1.052077144057829E-005
   1024   1034  2.164512414659247E-002 -5.935747279742215E-003  5.037444950903677E-004  9.727977926647085E-007
   1024   1035 -5.526847985786995E-002  4.416975517539434E-002  5.005572138054051E-003  1.029716252971553E-005
   1024   1036  1.552122876157583E-002  4.354171186797819E-002  2.136789214663202E-003  4.555791267790507E-006
   1024   1037 -3.489828565207613E-005  2.810799677558148E-004  8.022383861506378E-008  1.864734097248841E-010
   1024   1038 -5.325166213921712E-002 -1.687473369382447E-002  3.120496157826825E-003  7.280852801504103E-006
   1024   1039 -1.487511338980809E-002 -3.982875295635666E-003  2.371322939802327E-004  5.706093560527608E-007
   1024   1040 -1.327314756417193E-002  6.357999046538262E-002  4.218591633838429E-003  1.018703187037637E-005
   1024   1041  1.541296581628402E-003 -2.315811540235166E-003  7.738578242425768E-006  2.162545362999667E-008
   1024   1042 -3.216276378357445E-002  2.048707281204477E-005  1.034443793918161E-003  2.899345933849814E-006
   1024   1043 -1.154436863187658E-002  7.203546210322055E-002  5.322380247533180E-003  1.498992134155378E-005
   1024   1044  5.010384284744254E-002 -2.352085479539882E-003  2.515927374184281E-003  7.252947045694446E-006
   1024   1045  9.303197092765143E-005 -8.376690371692688E-005  1.567184177300428E-008  4.530445188647110E-011
   1024   1046  4.709224881321943E-002  3.735371768816000E-002  3.612980123412924E-003  1.049097243682954E-005
   1024   1047 -3.680965781978434E-002 -9.309774126253409E-003  1.441622803091468E-003  4.219005374143930E-006
   1024   1048 -4.537063449441967E-003  7.422839652639240E-003  7.568349325305567E-005  2.233064224879396E-007
   1024   1049  9.802163932492378E-004  3.333157214972070E-002  1.111954526149631E-003  3.311027351599507E-006
   1024   1050  3.020762555828149E-002  3.495810085543497E-002  2.134569457288104E-003  6.359385864829743E-006
   1024   1051  2.889757462557730E-002  1.376658792271675E-003  8.369650086711480E-004  2.504947328454586E-006
   1024   1052  7.297047645362211E-003  3.605129545165248E-002  1.352942808081025E-003  4.069893374048996E-006
   1024   1053 -4.397850105693953E-002  5.130313382257323E-003  1.960428670615400E-003  5.923479913791428E-006
   1024   1054  2.251666576996045E-002  1.204833265107750E-002  6.521625570671290E-004  1.974363119776329E-006
   1024   1055 -3.611155536486887E-002 -3.266836671593841E-002  2.371266614757022E-003  7.458000336668849E-006
   1024   1056  9.660427163386666E-003  9.790378639327647E-003  1.891753668805020E-004  6.339261618622853E-007
   1024   1057 -2.814119378379541E-004  3.170727253831235E-002  1.005430324497575E-003  3.371350005876450E-006
   1024   1058 -1.679376772267520E-004 -2.919759965501453E-005  2.905556325793123E-008  9.861711405964933E-011
   1024   1059 -1.520169657207280E-004  2.859389681045659E-004  1.048702513476409E-007  3.583731298867493E-010
   1024   1060 -8.946498929267833E-003 -6.013115284154463E-002  3.695795385144591E-003  1.272941714526021E-005
   1024   1061 -4.675705649805385E-003  1.713490359184098E-002  3.154671444253070E-004  1.090581314569994E-006
   1024   1062  3.710550642313420E-002 -3.570281524348030E-003  1.389565517080354E-003  4.997915618287178E-006
   1024   1063  1.555757330890809E-003  3.543544501664669E-002  1.258091144400411E-003  4.555450341534282E-006
   1024   1064 -4.006772226984538E-003  5.381474567772484E-002  2.912081076037139E-003  1.113887851064694E-005
   1024   1065 -6.472752801412609E-003  5.608059961683762E-003  7.334686536203526E-005  2.845458102329178E-007
   1024   1066  1.515325124866636E-003  2.028641412567786E-003  6.411596214837110E-006  2.601010897707686E-008
   1024   1067 -2.597531994000147E-002  2.350125001567784E-002  1.227025998284836E-003  4.979039000959169E-006
   1024   1068  1.037722162640872E-004 -3.312397959641941E-004  1.204884752987614E-007  5.002222656648677E-010
   1024   1069  9.945036278202625E-005  4.284369621154698E-006  9.908730480527305E-009  4.139478832601130E-011
   1024   1070 -1.597212426362729E-002  2.892951401474916E-002  1.092025534622320E-003  4.564833191882647E-006
   1024   1071 -2.315308295583653E-002  4.296891448868519E-002  2.382392862695788E-003  9.989241533463703E-006
   1024   1072  2.788614880981935E-002 -3.903961574125436E-002  2.301728892668184E-003  9.998176533352196E-006
   1024   1073  8.603092203657559E-003  1.576836967442537E-002  3.226546776539710E-004  1.404456414220889E-006
   1024   1074 -2.208604888263450E-003  2.423475821941216E-003  1.075117061199486E-005  4.683788476106734E-008
   1024   1075  3.709001532703426E-003 -1.868068695396118E-002  3.627247574414917E-004  1.584019092634313E-006
   1024   1076 -2.364182114972038E-002 -2.746152585796248E-002  1.313071109722907E-003  5.755469864002102E-006
   1024   1077  3.288689247295801E-002 -2.237025346640326E-002  1.581975936679029E-003  6.974559024674219E-006
   1024   1078  1.331939959988059E-002 -5.350115571666899E-003  2.060301423314918E-004  9.117350124804920E-007
   1024   1079 -5.045266958340516E-002 -1.241295072132825E-002  2.699553213702380E-003  1.204129193986060E-005
   1024   1080 -5.016239732225041E-003  3.282846499442250E-003  3.593974219005339E-005  1.606762003324431E-007
   1024   1081 -3.230115128181162E-002  2.025131382411204E-002  1.453480085733152E-003  6.619769178911824E-006
   1024   1082  4.745726414522235E-004 -3.036177229189637E-002  9.220624358969813E-004  4.222146547572152E-006
   1024   1083 -2.358371909357676E-002  1.835847239307151E-002  8.932253148919056E-004  4.110365663465934E-006
   1024   1084 -1.691572817578182E-002 -5.904153872768817E-003  3.210008926702702E-004  1.477515816184112E-006
   1024   1085 -2.627582690231618E-002  2.367186967771787E-002  1.250776493439341E-003  5.977120609947210E-006
   1024   1086 -6.446055933608289E-003  2.352400930964329E-004  4.160697500060665E-005  2.004538654231522E-007
   1024   1087  1.517979898454092E-002 -1.005331659222478E-002  3.314954717145714E-004  1.614007978023582E-006
   1024   1088 -1.743767273270784E-002 -3.404308315945042E-002  1.463003941334279E-003  7.134030303431095E-006
