# Total number of k-points, k-point index, spin index Format : '(3i10)'
        27        27         1
# Cell volume (a.u.)^3. Format: '(a51, ES24.15E3)'   7.062330632076545E+004
# Total number of <f|i> elements, Initial States (bandI, bandF), Final States (bandI, bandF) Format : '(5i10)'
        64      1025      1088      1024      1024
# Final Band, Initial Band, Complex <f|i>, |<f|i>|^2, |dE*<f|i>|^2 (Hartree^2) Format : '(2i10,3ES24.15E3)'
   1024   1025 -2.490871346168910E-005 -1.292976230013332E-005  7.876227594544809E-010  1.128075604363530E-012
   1024   1026  1.419234799445470E-004  9.085712892753824E-005  2.839729203652555E-008  4.094667046927083E-011
   1024   1027  6.194337933791686E-002 -1.966881912160641E-002  4.223844689439536E-003  6.090539248807546E-006
   1024   1028 -1.382503470499859E-002 -5.195167330269672E-002  2.890107943544546E-003  4.416281241767925E-006
   1024   1029 -4.581510996365771E-002  7.417962662323373E-005  2.099029803599054E-003  3.243896566128483E-006
   1024   1030 -2.596255512467905E-002  4.496262541009791E-002  2.695691952370780E-003  4.166172904025986E-006
   1024   1031 -2.528283460530873E-002 -1.443834675262575E-002  8.476875826284552E-004  1.701769305793646E-006
   1024   1032 -1.749383968929111E-002  8.033752928632705E-003  3.705756131929314E-004  7.520414524032140E-007
   1024   1033  1.203109900866361E-002 -1.581129696226087E-002  3.947444549850663E-004  8.011145943993602E-007
   1024   1034 -3.347876111398487E-005 -1.562023087719216E-004  2.551998871140600E-008  5.438854308295873E-011
   1024   1035 -2.728875908420693E-004  3.587817168992603E-005  7.575488043940043E-008  1.614573861439307E-010
   1024   1036 -5.031628735213019E-005  3.014174620741975E-005  3.440253637334639E-009  7.348796897927109E-012
   1024   1037 -4.129816108800717E-002 -7.120677715568532E-002  6.775943222150420E-003  1.451798280479887E-005
   1024   1038 -1.610038351807272E-003 -5.303282927665277E-002  2.815073204580890E-003  6.119127756200549E-006
   1024   1039 -7.056418074084408E-002  7.095424667243294E-002  1.001380872447897E-002  2.176743178986821E-005
   1024   1040 -1.680792414244778E-002 -6.375791608546537E-002  4.347578177539523E-003  9.614941478481669E-006
   1024   1041  5.283926297382383E-002  3.044164184698395E-003  2.801254647200310E-003  6.213052414933730E-006
   1024   1042 -4.794505546189392E-003 -4.610851732929951E-002  2.148982653738754E-003  4.766455234406529E-006
   1024   1043  1.593324599091090E-004 -4.515731460426851E-005  2.742601584295673E-008  6.397458398254575E-011
   1024   1044  9.960260992757753E-005 -2.333284695732674E-004  6.436285461778832E-008  1.513460093958883E-010
   1024   1045  1.522548329406236E-002 -4.440331870756750E-002  2.203470053783586E-003  5.181442473422043E-006
   1024   1046 -1.073796939894290E-004 -1.963453690546200E-004  5.008190263045832E-008  1.189460969521009E-010
   1024   1047 -1.878780527157980E-004  1.304193610671307E-005  3.546825478969175E-008  8.424009888540662E-011
   1024   1048 -3.139927557597931E-005  1.489457552679381E-004  2.317075251903281E-008  5.503601269705295E-011
   1024   1049 -3.836455379411602E-002 -9.041196883177062E-002  9.646163095858683E-003  2.379213330504783E-005
   1024   1050  4.885666655470011E-002 -3.555316882768247E-002  3.651001680526845E-003  9.005506328025991E-006
   1024   1051  6.329127135258486E-002 -2.766300486851906E-002  4.771026867782238E-003  1.188080717538629E-005
   1024   1052  3.136268735344186E-003  2.756977838524072E-003  1.743710838241028E-005  5.019038730019331E-008
   1024   1053  6.725869055880589E-002 -2.254592623979254E-003  4.528814643585306E-003  1.304539964294071E-005
   1024   1054  5.197425195897274E-003 -1.323290359607271E-002  2.021229662499020E-004  5.822384125766130E-007
   1024   1055  9.623933793125649E-006 -1.842006556012935E-004  3.402250162560079E-008  1.165282677436627E-010
   1024   1056 -8.718069957951342E-005  2.067644487005416E-004  5.035201162561227E-008  1.727993392498938E-010
   1024   1057  5.643804796019693E-002  5.390432870965792E-002  6.090929911196341E-003  2.090311890925596E-005
   1024   1058  5.050950643835331E-002 -6.574255139512639E-003  2.594431071285463E-003  8.972498827145454E-006
   1024   1059 -2.051934300133232E-003  3.973123149497339E-002  1.582781190479228E-003  5.473909800633443E-006
   1024   1060  5.576762742047217E-004  2.218864576137369E-003  5.234362834048126E-006  1.816803597882899E-008
   1024   1061 -3.861795849352095E-002 -6.280736292639775E-003  1.530794366584990E-003  5.409855955879170E-006
   1024   1062  1.991569310867199E-002 -3.853225215678303E-002  1.881369288272716E-003  6.705558989934582E-006
   1024   1063  8.442574747991498E-003 -3.535644716822314E-002  1.321355424734778E-003  4.709780590183856E-006
   1024   1064 -7.126495196113069E-003 -1.016737294756525E-002  1.541624064351042E-004  5.845776210183488E-007
   1024   1065  4.755231376072299E-003 -2.836967459159766E-002  8.274506618731245E-004  3.138655700306901E-006
   1024   1066  2.969194465790187E-002  3.624406577868219E-003  8.947479006096020E-004  3.393938930082428E-006
   1024   1067 -1.050108483345849E-002 -2.271842134927036E-002  6.263994512824751E-004  2.590002056964520E-006
   1024   1068 -3.608231305165299E-002 -2.878373310957720E-002  2.130436606880858E-003  9.207788999511828E-006
   1024   1069 -1.063493306939568E-002  1.535130059593707E-002  3.487642313773437E-004  1.518274480713205E-006
   1024   1070  2.425167140109270E-003  1.135506929175848E-002  1.348190342781022E-004  5.869403517971312E-007
   1024   1071 -2.004618970551714E-002 -4.791240835533591E-004  4.020792815970221E-004  1.770058514408895E-006
   1024   1072  2.630070602500708E-002 -1.224870308111505E-002  8.417578645831610E-004  3.705718214793816E-006
   1024   1073  3.992687201934706E-002 -1.105990244281419E-002  1.716476551293886E-003  7.575033423858972E-006
   1024   1074  1.704498414490293E-002  3.450950752947814E-002  1.481437594427101E-003  6.649144549490421E-006
   1024   1075  4.611157626675113E-002 -3.433670325337530E-002  3.305286656114760E-003  1.483534437088283E-005
   1024   1076  9.290360961291643E-003 -4.137650457214620E-003  1.034309580971801E-004  4.645969026897692E-007
   1024   1077 -1.302609845409465E-002  1.520309671870128E-003  1.719905824341489E-004  7.843476412247505E-007
   1024   1078  3.317539747235471E-003 -1.285228106078976E-002  1.761871984400224E-004  8.085712666429308E-007
   1024   1079 -1.976981849980777E-002  1.583781222646360E-003  3.933540864765485E-004  1.805242706576613E-006
   1024   1080  2.543524343770362E-002 -3.412185252829592E-003  6.585946169348727E-004  3.246903342725922E-006
   1024   1081 -3.335283441002516E-002 -4.109771579660380E-003  1.129301785619542E-003  5.600852756327633E-006
   1024   1082 -2.816683618470209E-002  8.926892914359465E-003  8.730600777602840E-004  4.333874865074709E-006
   1024   1083  2.521285531929389E-002  6.070682107224008E-003  6.725412545986159E-004  3.338517902518122E-006
   1024   1084 -1.764385919955662E-002 -8.651614549851274E-003  3.861562017729770E-004  1.954927289566734E-006
   1024   1085  3.098746436724549E-003 -4.638408982187061E-003  3.111706736514669E-005  1.575317450079399E-007
   1024   1086  2.432817748454113E-003  4.991667787271346E-003  3.083534949567576E-005  1.567398558498975E-007
   1024   1087  2.494277973097150E-002  9.771260460733166E-004  6.230970360176777E-004  3.188474073058076E-006
   1024   1088  1.010296508977118E-002 -4.224179063614197E-003  1.199135923666116E-004  6.136301242263613E-007
