# Total number of k-points, k-point index, spin index Format : '(3i10)'
        27        15         2
# Cell volume (a.u.)^3. Format: '(a51, ES24.15E3)'   7.062330632076545E+004
# Total number of <f|i> elements, Initial States (bandI, bandF), Final States (bandI, bandF) Format : '(5i10)'
        64      1025      1088      1024      1024
# Final Band, Initial Band, Complex <f|i>, |<f|i>|^2, |dE*<f|i>|^2 (Hartree^2) Format : '(2i10,3ES24.15E3)'
   1024   1025 -6.387837875774972E-002 -4.560986722956067E-002  6.160707261416683E-003  8.817740977325576E-006
   1024   1026 -1.352069519754781E-002  1.675817128884168E-002  4.636455035711498E-004  6.645725695780114E-007
   1024   1027 -4.880745799743490E-002 -5.827962029941581E-001  3.420335821805793E-001  5.004282582687441E-004
   1024   1028 -2.824928403872214E-001 -2.011081823961274E-001  1.202467058967142E-001  1.823084684165724E-004
   1024   1029 -1.132789987061619E-001  4.022962661354310E-002  1.445055440533573E-002  2.219376457703059E-005
   1024   1030 -8.103847378943528E-002 -8.533911183955362E-002  1.384999824368483E-002  2.252098474234510E-005
   1024   1031  7.873139623832579E-003  8.306330089936743E-002  6.961498283835217E-003  1.388800277704354E-005
   1024   1032 -3.573127909881361E-002 -4.675442599092576E-002  3.462700655778269E-003  6.986562740557890E-006
   1024   1033  5.372772283140320E-004  2.658688430218463E-002  7.071510837178164E-004  1.429165473129528E-006
   1024   1034  1.675360877353366E-002 -1.559768771345527E-003  2.831162855566889E-004  5.991498001995811E-007
   1024   1035 -1.974656487477515E-002  2.534808238355634E-002  1.032452104877263E-003  2.187404258753838E-006
   1024   1036 -7.700564863991522E-003  3.578370722518431E-002  1.339772402002248E-003  2.843700740912077E-006
   1024   1037  1.598383658791874E-002 -6.256725837199917E-002  4.170144852257789E-003  8.963764148511825E-006
   1024   1038 -8.624797513088099E-002 -1.577369937474599E-002  7.687522806141929E-003  1.662825729631629E-005
   1024   1039  8.245029711326410E-002  2.379350852442469E-002  7.364182541967397E-003  1.593133681513702E-005
   1024   1040  1.277827243678765E-002 -2.567544814403338E-002  8.225128838657141E-004  1.804152423137257E-006
   1024   1041 -1.013417506467967E-002 -6.340662691641880E-002  4.123101841159500E-003  9.056442664987566E-006
   1024   1042  6.871303541432601E-002  7.537821992528773E-002  1.040335727495546E-002  2.318720114376892E-005
   1024   1043  9.392418837226781E-003  1.734531503725765E-003  9.122613115130964E-005  2.129924302675647E-007
   1024   1044  3.491042771833770E-003  1.556147548022342E-003  1.460897482598875E-005  3.431815348916169E-008
   1024   1045  5.603099785024541E-002  5.953989617318462E-002  6.684471956407811E-003  1.572134495828631E-005
   1024   1046  4.129859063504767E-003  1.306969687339958E-002  1.878727122469633E-004  4.434402813209637E-007
   1024   1047 -6.438941709694952E-005 -1.594054259655821E-002  2.541050442697209E-004  6.000884011329289E-007
   1024   1048  6.370193854392141E-003 -7.964145900198741E-003  1.040069896621878E-004  2.487223262536317E-007
   1024   1049 -4.758443034501782E-003  7.472541469313250E-002  5.606530381173222E-003  1.364645924724209E-005
   1024   1050  1.463571377231519E-002  6.037419171323662E-005  2.142077626681614E-004  5.234116306928425E-007
   1024   1051 -1.080155959828340E-001 -1.904045246900048E-002  1.202990780575109E-002  3.013816204049115E-005
   1024   1052  3.346790006780375E-002  1.342191268102078E-002  1.300248074965445E-003  3.700527181741073E-006
   1024   1053 -2.435341427758474E-002 -4.002742163876204E-002  2.195283270022904E-003  6.291774061132596E-006
   1024   1054 -4.526965498663263E-002  4.078539989962271E-002  3.712790507580897E-003  1.073600070257591E-005
   1024   1055 -1.557190231809396E-002 -2.828425172674987E-003  2.504841307616817E-004  8.469955722215734E-007
   1024   1056 -2.480840631523117E-002 -6.497193438313522E-003  6.576705464764661E-004  2.239108346733506E-006
   1024   1057  3.860722217543609E-002 -6.032511164960115E-003  1.526908795058853E-003  5.210647039335849E-006
   1024   1058 -9.310605197625547E-003 -1.189121729273732E-002  2.280884178491468E-004  7.849463146487660E-007
   1024   1059  5.418954340848128E-002 -1.981469593196699E-002  3.329128789695986E-003  1.149374101991603E-005
   1024   1060 -3.903394321984726E-002  4.867412215649231E-002  3.892818890995395E-003  1.350643054611415E-005
   1024   1061 -1.623676843424271E-002 -1.745006100122693E-002  5.681372781337615E-004  1.988618951819548E-006
   1024   1062  4.383292310476858E-003 -8.351294949051225E-003  8.895737880513407E-005  3.138818037864133E-007
   1024   1063 -2.314165323753404E-002  9.171661914086707E-003  6.196554968325783E-004  2.208737247555554E-006
   1024   1064  2.477574409842017E-002 -3.931754700965458E-002  2.159706998486800E-003  8.132968971199223E-006
   1024   1065  7.364133688888381E-003 -1.456042549429490E-002  2.662364555627337E-004  1.008048837741949E-006
   1024   1066 -7.213534620110547E-003  3.436267298711286E-003  6.384301466372598E-005  2.426301758538378E-007
   1024   1067 -8.392764513819623E-003  1.187588665263328E-002  2.114751799706232E-004  8.671097208454084E-007
   1024   1068 -2.485401604584733E-002 -5.367134025832115E-003  6.465282412584813E-004  2.787905026632465E-006
   1024   1069 -1.948782940117222E-002 -9.469900347115711E-003  4.694545073534946E-004  2.038761511466227E-006
   1024   1070 -8.114364266154870E-003  1.245113930062080E-002  2.208737773273149E-004  9.603934685452255E-007
   1024   1071  4.435235647657806E-002 -9.278481660652035E-003  2.053221746952512E-003  8.994382115795386E-006
   1024   1072 -1.100260845450829E-002  3.305235580399673E-002  1.213515616997213E-003  5.330410787279522E-006
   1024   1073  5.765507909223219E-003  1.718814854847336E-002  3.286735319757023E-004  1.450867081859264E-006
   1024   1074 -1.613643373667821E-002 -9.961735578203639E-003  3.596206694682549E-004  1.599600597909603E-006
   1024   1075  2.979524934281093E-002 -1.808202866396845E-002  1.214716644004852E-003  5.406564432281141E-006
   1024   1076 -2.522033229602587E-002 -4.547446476553021E-003  6.567444305790801E-004  2.943221476555506E-006
   1024   1077 -1.425456264811657E-002 -1.556039554706767E-002  4.453184658702835E-004  2.029812058774674E-006
   1024   1078 -1.250534034602752E-003  1.773123393742869E-002  3.159604923155226E-004  1.446888284855759E-006
   1024   1079  2.703924749881206E-003  1.108861951643991E-002  1.302686918333922E-004  5.968388459253769E-007
   1024   1080  9.793446408430318E-003  5.738608378394338E-003  1.288432186753744E-004  6.318444061266029E-007
   1024   1081  1.837980482378646E-002  1.197781642541691E-002  4.812853116814711E-004  2.379097908844343E-006
   1024   1082 -2.868100597084109E-003 -2.492941433927085E-004  8.288148604924127E-006  4.108808483875643E-008
   1024   1083  4.283344038276116E-003  2.974517411882058E-002  9.031224195091896E-004  4.479212097828677E-006
   1024   1084  1.119189359953813E-002 -9.636632017148766E-003  2.181231589773191E-004  1.100113971767034E-006
   1024   1085 -2.397736811714567E-002  3.083286236675969E-004  5.750092483652864E-004  2.906612853040438E-006
   1024   1086 -5.684016993157888E-003  4.255195253632636E-003  5.041473582504534E-005  2.552747172555084E-007
   1024   1087  1.233272535260527E-002 -2.982254067378667E-003  1.609899539451894E-004  8.226763285087094E-007
   1024   1088  1.564484901031872E-002 -1.676826966757222E-002  5.259361682000930E-004  2.688922907669114E-006
