# Total number of k-points, k-point index, spin index Format : '(3i10)'
        27        12         1
# Cell volume (a.u.)^3. Format: '(a51, ES24.15E3)'   7.062330632076545E+004
# Total number of <f|i> elements, Initial States (bandI, bandF), Final States (bandI, bandF) Format : '(5i10)'
        64      1025      1088      1024      1024
# Final Band, Initial Band, Complex <f|i>, |<f|i>|^2, |dE*<f|i>|^2 (Hartree^2) Format : '(2i10,3ES24.15E3)'
   1024   1025  2.941057142639429E-002 -4.172774661955682E-002  2.606186549572976E-003  3.534088502411416E-006
   1024   1026  2.704654846682587E-002 -8.510246450739928E-002  7.973945249201515E-003  1.103267634858598E-005
   1024   1027  6.027052009245391E-002  4.869679639838573E-002  6.003913571680725E-003  8.609925320408385E-006
   1024   1028 -1.787380311759430E-002  9.180122154904814E-003  4.037474806654979E-004  5.827119825872518E-007
   1024   1029  6.529740096271033E-002  5.985116948774413E-002  7.845913061535637E-003  1.137204023236509E-005
   1024   1030 -3.190761561382529E-003  2.028794749402664E-002  4.217817728619779E-004  7.377216523748287E-007
   1024   1031  4.485786771331705E-002 -7.342213159845332E-002  7.403037704246050E-003  1.317852376288914E-005
   1024   1032 -5.423549890816144E-002  5.940050067246364E-002  6.469908821956534E-003  1.178015737793176E-005
   1024   1033 -3.200767663906043E-003 -2.680973453411488E-003  1.743253229620367E-005  3.200535731736652E-008
   1024   1034 -5.030141646369409E-002 -3.244514727681319E-002  3.582920080068094E-003  6.963342272479940E-006
   1024   1035 -9.529374803959147E-004  3.900027081436737E-003  1.611830107748326E-005  3.320358402783468E-008
   1024   1036  1.390584428619648E-002  2.462688040695935E-002  7.998557438906216E-004  1.688335831987115E-006
   1024   1037 -1.029349139876905E-002  2.985917453381807E-002  9.975262690175423E-004  2.315656329753838E-006
   1024   1038  2.571134593051746E-002 -2.786192927921505E-002  1.437360412718718E-003  3.348021348883042E-006
   1024   1039  7.493884686712947E-002 -7.602939182860180E-004  5.616408816617262E-003  1.341234240026250E-005
   1024   1040 -4.088560209651556E-003 -9.116431227918788E-003  9.982564292131884E-005  2.421357905044130E-007
   1024   1041 -4.184293461488570E-003 -3.086648761534455E-003  2.703571234893818E-005  7.544297500750235E-008
   1024   1042  2.543939334469315E-003 -8.862905569177579E-003  8.502272246561911E-005  2.380329856062381E-007
   1024   1043 -3.590192215196306E-002  4.682101052278261E-002  3.481155040580135E-003  9.807288293972956E-006
   1024   1044 -2.473499234622858E-002 -1.154477019109339E-002  7.451015651331451E-004  2.150096203935868E-006
   1024   1045  2.041707913447257E-003 -3.682796505953799E-003  1.773156130809866E-005  5.137220641178019E-008
   1024   1046  1.848654078630487E-002  5.433215910263138E-002  3.293735702997364E-003  9.583960796318929E-006
   1024   1047  7.478059014206101E-003  7.250935536445028E-003  1.084974327736305E-004  3.173781240326138E-007
   1024   1048  5.301133562011369E-002  2.868465618661787E-002  3.633011204772809E-003  1.071123238607619E-005
   1024   1049 -5.237289566063495E-002 -5.646966176710075E-003  2.774808426880662E-003  8.255583580844147E-006
   1024   1050  8.645184538059104E-003  1.103410383265364E-003  7.595673017099404E-005  2.268522347121948E-007
   1024   1051  3.627527512739176E-004  8.386459909767108E-003  7.046429937668773E-005  2.111252993034056E-007
   1024   1052  2.712168144090817E-002  8.749755414326869E-003  8.121438239926453E-004  2.435371207821332E-006
   1024   1053 -2.515706319896603E-003  2.607403162418173E-003  1.312732953935600E-005  3.959289985432791E-008
   1024   1054  3.023414504190055E-002  5.096217268945294E-002  3.511246571644302E-003  1.063390494373791E-005
   1024   1055  1.443171372883800E-002 -5.163549458168197E-004  2.085409835812006E-004  6.513207434921431E-007
   1024   1056 -1.254605662654004E-002  2.382120538392251E-002  7.248533628193682E-004  2.428360196891908E-006
   1024   1057 -2.497776565226714E-002  1.481580750247150E-002  8.433969289298670E-004  2.828542341767247E-006
   1024   1058 -1.916958119042173E-002 -1.418543515362596E-002  5.686994135138979E-004  1.934189306701201E-006
   1024   1059  1.899457440804476E-003 -9.786981161883250E-003  9.939293883248509E-005  3.388696898336127E-007
   1024   1060 -5.574939359680822E-002  1.228531712633972E-002  3.258923903306577E-003  1.120704168431630E-005
   1024   1061 -7.303215446362282E-003  6.922248324678495E-003  1.012544777244989E-004  3.505498693042121E-007
   1024   1062  4.947071085917173E-003 -4.935875903637579E-002  2.460760605940127E-003  8.826809461624379E-006
   1024   1063 -5.390635929439888E-004 -2.964014660688135E-002  8.788288804346576E-004  3.189240959488395E-006
   1024   1064 -3.356298263455230E-002  1.063920690184237E-002  1.239666526827469E-003  4.747059692918651E-006
   1024   1065 -2.448288545891224E-003 -3.502457778924239E-002  1.232715166118634E-003  4.777205724507390E-006
   1024   1066 -3.431877003911556E-002  4.997930200971456E-003  1.202757283291479E-003  4.882038854094357E-006
   1024   1067  2.192502408874520E-002 -1.035985750204820E-002  5.880333287548016E-004  2.390252642749953E-006
   1024   1068 -2.522142670005377E-002 -5.197947854340158E-003  6.631390266826245E-004  2.757068098579699E-006
   1024   1069 -7.179697345443855E-003 -4.828814661118085E-003  7.486550500360248E-005  3.125640762101782E-007
   1024   1070 -5.770060204428872E-003 -4.346201719827131E-002  1.922240533705565E-003  8.043164627567718E-006
   1024   1071  5.572421081716171E-003 -2.904927512848648E-002  8.749122622024580E-004  3.678143194165387E-006
   1024   1072 -1.233723293765121E-003 -2.184433259751862E-002  4.786969397965930E-004  2.076596435961713E-006
   1024   1073 -4.736312524693062E-004 -1.297142185296567E-002  1.684821114509109E-004  7.337993138685259E-007
   1024   1074  1.213448652162910E-002 -2.342219772957259E-002  6.958451096267937E-004  3.034438440935017E-006
   1024   1075 -2.326867639882233E-003 -3.541252541240551E-002  1.259461269097797E-003  5.506296878720758E-006
   1024   1076  6.510673092326090E-003 -1.709577907665089E-002  3.346545263527935E-004  1.471463762234457E-006
   1024   1077 -3.786632982146435E-004  3.985852692201614E-002  1.588845554286500E-003  7.009854005192018E-006
   1024   1078 -2.266270504738094E-002 -2.304583852711156E-002  1.044708873482285E-003  4.634684061421719E-006
   1024   1079 -1.854186036251393E-002 -3.086010695134397E-002  1.296146786751354E-003  5.776597988465770E-006
   1024   1080  1.820789283857280E-002 -1.316055364557829E-002  5.047275338790947E-004  2.258916447490687E-006
   1024   1081 -2.793926201775577E-003  4.176895844165286E-003  2.525248251397334E-005  1.148200336768563E-007
   1024   1082  2.429781452888656E-003  5.114417945803167E-002  2.621630930344150E-003  1.199283415054574E-005
   1024   1083 -1.297931386581606E-002  1.211690987087388E-002  3.152820932462459E-004  1.450823422321931E-006
   1024   1084  8.582922932224476E-003  5.353849201775997E-003  1.023302673358623E-004  4.716243845150281E-007
   1024   1085 -3.606184742518078E-002  3.336550818684546E-005  1.300457952974154E-003  6.223172561020256E-006
   1024   1086 -2.482340336859337E-003 -1.078918181898413E-002  1.225684578710967E-004  5.894488924345374E-007
   1024   1087  4.424423052627295E-003 -1.175779570504561E-002  1.578212791902088E-004  7.673478769234547E-007
   1024   1088  8.444263282890534E-003 -3.280334854444459E-002  1.147365258119088E-003  5.587727423665251E-006
