# Total number of k-points, k-point index, spin index Format : '(3i10)'
        27        20         2
# Cell volume (a.u.)^3. Format: '(a51, ES24.15E3)'   7.062330632076545E+004
# Total number of <f|i> elements, Initial States (bandI, bandF), Final States (bandI, bandF) Format : '(5i10)'
        64      1025      1088      1024      1024
# Final Band, Initial Band, Complex <f|i>, |<f|i>|^2, |dE*<f|i>|^2 (Hartree^2) Format : '(2i10,3ES24.15E3)'
   1024   1025 -1.348455405290466E-002 -5.271452627384882E-001  2.780639612256355E-001  3.749392831557269E-004
   1024   1026 -2.300069408356464E-001 -1.230587171433373E-001  6.804664069753641E-002  9.476565882683444E-005
   1024   1027 -6.095491970224351E-002  2.794265892237978E-001  8.179472100115198E-002  1.166390502464079E-004
   1024   1028 -7.311294386905184E-003 -1.500058454714927E-003  5.570520097955300E-005  7.978901254322123E-008
   1024   1029 -1.651771589896060E-001 -3.494770289958862E-001  1.494176876476691E-001  2.303325584580178E-004
   1024   1030 -1.340511183838717E-001  3.700037887477888E-002  1.933873037684397E-002  3.361095111145234E-005
   1024   1031 -1.063959854113893E-002 -3.328487806971192E-002  1.221084165232195E-003  2.166832790171457E-006
   1024   1032  7.118330379959040E-004  1.399629754544784E-001  1.959014120434492E-002  3.543198918196024E-005
   1024   1033 -2.614921357007507E-002  1.106661618366676E-002  8.062513640899931E-004  1.499903442607761E-006
   1024   1034  3.822471469101604E-002 -6.358037392329412E-002  5.503592761435475E-003  1.079211590960960E-005
   1024   1035  1.071549499194809E-002  5.535557992956039E-003  1.454642352158440E-004  2.981001462287577E-007
   1024   1036  2.412506319069754E-002  3.363315052494333E-002  1.713207488188645E-003  3.600623560494821E-006
   1024   1037  1.285712982989455E-002 -2.342211667271978E-002  7.139013368932620E-004  1.648556531006651E-006
   1024   1038  4.554475745097526E-003 -3.179014775540723E-002  1.031356743623305E-003  2.387545155589396E-006
   1024   1039 -3.733429136839997E-003 -3.461914242049206E-002  1.212423515050119E-003  2.880399285499843E-006
   1024   1040 -9.481440095686992E-003  6.605621145240838E-002  4.453320777733388E-003  1.081118053263393E-005
   1024   1041  4.332138950907152E-002  9.199299152141105E-003  1.961369893887276E-003  5.442894657708700E-006
   1024   1042  6.368763598249692E-003  1.509705420168382E-003  4.284036022607616E-005  1.193614138271421E-007
   1024   1043 -1.396985932265804E-002 -4.457940795913616E-004  1.953557018562545E-004  5.492831985351221E-007
   1024   1044  9.521334190525690E-003  5.991579841996089E-002  3.680558705069062E-003  1.059150013439574E-005
   1024   1045  7.378179337791009E-003  1.259055121666055E-002  2.129595102799586E-004  6.139313536378627E-007
   1024   1046  6.767657924808486E-002 -1.269728530948033E-003  4.581731589264613E-003  1.327042706980550E-005
   1024   1047 -2.724385918737209E-002 -2.819034682908555E-002  1.536923517765492E-003  4.477318619984408E-006
   1024   1048  1.879047595095465E-002  2.204427056508004E-002  8.390318512098592E-004  2.460934730739252E-006
   1024   1049 -4.522494754205328E-002  1.411974663772874E-002  2.244663125295123E-003  6.639710638861339E-006
   1024   1050  2.543777981577525E-003 -1.739880568983850E-002  3.091892458523150E-004  9.198465968600693E-007
   1024   1051  4.156960941374525E-002  1.259263754945249E-002  1.886606947263218E-003  5.628080902595113E-006
   1024   1052  1.369879975093086E-002 -1.408510293979655E-002  3.860472394407687E-004  1.152928148859168E-006
   1024   1053 -2.229211494012806E-002  5.066988577703251E-003  5.226127617504558E-004  1.568781259515834E-006
   1024   1054  4.613622055559312E-003  7.754465353368643E-003  8.141724138813799E-005  2.473086782070153E-007
   1024   1055 -1.492464137334280E-002  6.737038700788294E-003  2.681326105788149E-004  8.345592384407823E-007
   1024   1056 -5.143404643215181E-003  1.578070160851533E-003  2.894491675641747E-005  9.647795770734523E-008
   1024   1057 -2.400690334916312E-002 -1.919678766995959E-002  9.448480652615722E-004  3.151274891845553E-006
   1024   1058  2.610584109634629E-003  7.917192577965622E-003  6.949708771007075E-005  2.354272173259858E-007
   1024   1059 -3.954707331772510E-003 -8.066882174334806E-003  8.071429809457589E-005  2.739589854984648E-007
   1024   1060  1.216105971300842E-002  4.270491175241206E-002  1.971600861124658E-003  6.756012640414275E-006
   1024   1061  1.967425169695457E-003  1.866149446407220E-002  3.521221374309485E-004  1.217665753560795E-006
   1024   1062 -1.416551783082091E-003  3.466721797136291E-002  1.203822620828141E-003  4.300653673136951E-006
   1024   1063 -1.801985464635835E-002 -3.214105391013401E-002  1.357762507930023E-003  4.914472396086325E-006
   1024   1064 -8.091256765468268E-004  2.053509202925758E-002  4.223446890105255E-004  1.610324774364281E-006
   1024   1065 -2.994124878749786E-002 -4.120785912398119E-003  9.134592554906609E-004  3.526414966567277E-006
   1024   1066  1.721820587515507E-002  1.298295082494021E-002  4.650236256820403E-004  1.879758863907172E-006
   1024   1067 -2.915358483310613E-002 -2.161120679681319E-002  1.316975767835741E-003  5.328248101890415E-006
   1024   1068  1.435386466170690E-002  2.778839965964917E-003  2.137553822830420E-004  8.853530459054340E-007
   1024   1069  9.304947271911777E-003  2.131875230568902E-002  5.410712436043794E-004  2.249740378053959E-006
   1024   1070  3.856811323413566E-002  1.007039977070424E-002  1.588912309982911E-003  6.621367331167796E-006
   1024   1071  1.135102963465535E-002 -1.810597745594574E-002  4.566722934020393E-004  1.914022613019801E-006
   1024   1072 -1.792630468450251E-002  1.251709154958667E-003  3.229191754502241E-004  1.395152014588429E-006
   1024   1073  1.174698370973913E-002  5.202453204228847E-004  1.382622814702985E-004  5.994606320620846E-007
   1024   1074  1.203275989236944E-002 -1.335596366550422E-002  3.231690760616836E-004  1.402842387834745E-006
   1024   1075 -1.820291763387516E-002  7.253306026137394E-003  3.839566586944444E-004  1.671355820306336E-006
   1024   1076  3.007234077215001E-002  2.286949094427344E-002  1.427359295566521E-003  6.254631668165752E-006
   1024   1077  8.073210613287007E-003 -1.443691364036263E-002  2.736012050657786E-004  1.201921954865448E-006
   1024   1078  3.942616431979700E-003  1.912240710862003E-002  3.812106779575183E-004  1.684577100393492E-006
   1024   1079 -2.380160311930485E-002  9.636312854618377E-003  6.593748364809858E-004  2.926609270233998E-006
   1024   1080 -1.251065531522396E-002  1.672840531394718E-002  4.363560407640376E-004  1.948744016766002E-006
   1024   1081 -1.220315889230196E-002 -1.061878597162631E-002  2.616757024619760E-004  1.184774969217733E-006
   1024   1082  6.218778792329190E-003  3.288787617900907E-002  1.120285609233755E-003  5.109280349409757E-006
   1024   1083  2.367854325464483E-002  8.912463826023296E-003  6.401054221122599E-004  2.935916667605579E-006
   1024   1084  5.642191926936083E-003 -1.597378088235922E-002  2.869960054180075E-004  1.323933405387113E-006
   1024   1085  1.765461958400128E-004 -1.859646508744173E-002  3.458596823077048E-004  1.647941527235583E-006
   1024   1086  9.011238984002782E-003 -8.165681594449768E-003  1.478807839287472E-004  7.082974640167028E-007
   1024   1087 -1.124177278061048E-002  2.053874667386610E-002  5.482175701841204E-004  2.653994906136349E-006
   1024   1088 -3.939153702247299E-003  7.682053586329500E-003  7.453087919316653E-005  3.617999287914429E-007
