# Total number of k-points, k-point index, spin index Format : '(3i10)'
        27        19         2
# Cell volume (a.u.)^3. Format: '(a51, ES24.15E3)'   7.062330632076545E+004
# Total number of <f|i> elements, Initial States (bandI, bandF), Final States (bandI, bandF) Format : '(5i10)'
        64      1025      1088      1024      1024
# Final Band, Initial Band, Complex <f|i>, |<f|i>|^2, |dE*<f|i>|^2 (Hartree^2) Format : '(2i10,3ES24.15E3)'
   1024   1025  5.350645325205255E-001 -8.089919552048007E-001  9.407620375474949E-001  9.368352202218692E-004
   1024   1026  1.493673509464832E-001 -5.819299925724794E-002  2.569703069132393E-002  3.175227063423623E-005
   1024   1027 -1.664929544861607E-002 -3.446269419754881E-002  1.464876330289072E-003  1.989342057182926E-006
   1024   1028  1.304819333724167E-002 -2.026481410062359E-002  5.809180398988707E-004  8.548991657600022E-007
   1024   1029 -6.382488827587045E-004 -1.928441782489539E-002  3.722961324814859E-004  5.491868238233338E-007
   1024   1030 -4.253159846447989E-002  1.945222959933950E-002  2.187326104329168E-003  3.257431224406886E-006
   1024   1031 -1.918531498654552E-002 -1.901556368314318E-002  7.296679733206418E-004  1.155781312349168E-006
   1024   1032 -1.803238367910871E-005  7.156063444972561E-005  5.446091263997843E-009  9.409304965344204E-012
   1024   1033 -3.039449801020007E-002  1.930439179185236E-002  1.296485051745393E-003  2.249916705105583E-006
   1024   1034 -4.712456195060078E-003  9.574123224182783E-004  2.312388174547847E-005  4.027431507658639E-008
   1024   1035 -1.069966901355304E-002  5.762703912992590E-003  1.476916733884072E-004  2.595154590328611E-007
   1024   1036 -3.989328636286605E-003 -1.340114828637783E-002  1.955055183617839E-004  3.527944524920699E-007
   1024   1037 -1.833494918783092E-002 -1.285415632742728E-003  3.378226550692413E-004  6.400550510218377E-007
   1024   1038  2.914163159198303E-003 -1.481550867182633E-003  1.068733989047824E-005  2.950937062901909E-008
   1024   1039 -3.639594372639891E-003  7.686643769737158E-004  1.383749212178035E-005  3.920422899810111E-008
   1024   1040  5.191905286910897E-003 -1.299694808331774E-002  1.958765399887101E-004  5.577808338506550E-007
   1024   1041 -2.497355589482011E-003 -3.511314304428810E-003  1.856611308480342E-005  5.305208090743104E-008
   1024   1042  5.695440973199298E-003  5.549684404462433E-003  6.323704486833091E-005  1.811336412317361E-007
   1024   1043  2.553717781642154E-003 -1.224856504076310E-003  8.021747963853365E-006  2.371302711310481E-008
   1024   1044 -6.556522707376004E-003  9.301589922871393E-004  4.385318576326979E-005  1.297295438317037E-007
   1024   1045 -1.251620271936946E-003 -1.264672302574082E-002  1.615061565949267E-004  4.872465717989418E-007
   1024   1046  6.287025735822085E-004  5.174306922033863E-003  2.716871904943644E-005  8.218492263616268E-008
   1024   1047  1.489695972839959E-003  4.037689904112365E-003  1.852213385326651E-005  5.709916562524576E-008
   1024   1048 -8.392418130331076E-004  8.049539872542847E-003  6.549941898040020E-005  2.024985134857449E-007
   1024   1049 -6.195023206626262E-003 -5.719081605787643E-003  7.108620694429651E-005  2.205231427929244E-007
   1024   1050 -1.319414208243008E-002  7.064244133003829E-003  2.239889304620315E-004  6.976224281112756E-007
   1024   1051  3.845443441912489E-004 -2.646901306290220E-004  2.179352179018864E-007  7.007992018445856E-010
   1024   1052 -1.471022001494299E-002  2.482264487706812E-003  2.225522098749596E-004  7.177823691917607E-007
   1024   1053 -5.628980533761176E-003 -8.036519355360885E-003  9.627106519855241E-005  3.128178296182918E-007
   1024   1054  5.114366044198387E-004  7.330389241249132E-004  7.989134646227048E-007  2.604751037926757E-009
   1024   1055  3.606381840959365E-005 -5.178704437243420E-005  3.982496963112614E-009  1.325578906052340E-011
   1024   1056  1.356488833294078E-002 -6.190896312886884E-003  2.223333926420694E-004  7.429313663470339E-007
   1024   1057  1.650162638858441E-003 -5.385136092509219E-003  3.172272746952972E-005  1.063871624384026E-007
   1024   1058  3.404734613177884E-004  5.716619018436979E-003  3.279565517981708E-005  1.103703840255439E-007
   1024   1059  2.331311280013810E-003 -1.224431317442787E-003  6.934244335454309E-006  2.352305284694060E-008
   1024   1060  3.234404483086879E-004 -6.446756519124327E-005  1.087697905638122E-007  3.699286586116810E-010
   1024   1061 -3.577479101605875E-003  3.411939201950325E-003  2.443968584023220E-005  8.472683501476017E-008
   1024   1062  4.291680497119630E-003 -9.749393093298177E-003  1.134691871770072E-004  3.962448706810757E-007
   1024   1063 -2.664968325420744E-003  6.743118247408766E-003  5.257169987403292E-005  1.925088672475546E-007
   1024   1064 -9.541103561056015E-003  5.142297684635302E-003  1.174758826402013E-004  4.707900092564265E-007
   1024   1065  1.861400996644126E-003 -2.130472905687622E-003  8.003728472176803E-006  3.214221665429516E-008
   1024   1066  2.153822203435215E-003 -2.150207563235421E-003  9.262342649005329E-006  3.733819953679942E-008
   1024   1067 -6.413012657337042E-003  4.284154468333433E-003  5.948071085170644E-005  2.399880148161793E-007
   1024   1068  8.140139562960722E-005 -7.346065596373346E-004  5.462729846726486E-007  2.226733933489726E-009
   1024   1069  3.602403517172220E-004 -1.615316591980329E-004  1.558655879286173E-007  6.356946645955932E-010
   1024   1070 -1.238664055541901E-003 -8.321546007292355E-004  2.226769922006343E-006  9.102630445155742E-009
   1024   1071  2.815672154559053E-004 -1.498954679186032E-003  2.326145227073292E-006  9.516670200177277E-009
   1024   1072  6.791879265320482E-003 -8.882265093728710E-005  4.613751341800982E-005  1.901409627269516E-007
   1024   1073  5.847118594661140E-003 -5.663921387363151E-003  6.626880134226178E-005  2.733152859281930E-007
   1024   1074 -4.997458690164555E-003  9.836139799343908E-003  1.217242395121384E-004  5.029843268576883E-007
   1024   1075  2.756388220308670E-003 -6.214611767353674E-003  4.621907543998716E-005  1.911053569682062E-007
   1024   1076  8.593756341430131E-004 -2.641214595030861E-003  7.714541017562741E-006  3.245534228218267E-008
   1024   1077  4.155896126450227E-003  7.090361798457327E-004  1.777420491817423E-005  7.548439563916485E-008
   1024   1078 -6.931114384752182E-003 -3.580987245194587E-003  6.086381626476494E-005  2.606050648338710E-007
   1024   1079  6.650804357493913E-003  2.043571178461146E-003  4.840938176309709E-005  2.074479486907448E-007
   1024   1080 -1.164940168753370E-003 -8.171288941740296E-003  6.812704856618237E-005  3.174396907683455E-007
   1024   1081 -2.539549875410545E-003  6.206940745995431E-003  4.497542699399604E-005  2.097996093120708E-007
   1024   1082 -8.766892543839083E-004  1.785192845188313E-003  3.955497543263756E-006  1.845473279059552E-008
   1024   1083 -2.959686570100436E-004  3.591654536281076E-004  2.165972690122131E-007  1.023014463514581E-009
   1024   1084  9.499893594660729E-004  2.480755912240774E-003  7.056629679216312E-006  3.515714215873703E-008
   1024   1085  3.765190796268846E-004  6.406731195817068E-003  4.118797123277867E-005  2.058865455940045E-007
   1024   1086  1.690854655987850E-003 -2.517706190113991E-003  9.197833927414099E-006  4.607256126594640E-008
   1024   1087 -5.341887158964991E-004 -2.306170142640602E-003  5.603778310998127E-006  2.822168701156704E-008
   1024   1088  2.801763453703359E-004  4.422583543300210E-003  1.963774398197492E-005  9.903133228552509E-008
