# Total number of k-points, k-point index, spin index Format : '(3i10)'
        27        11         2
# Cell volume (a.u.)^3. Format: '(a51, ES24.15E3)'   7.062330632076545E+004
# Total number of <f|i> elements, Initial States (bandI, bandF), Final States (bandI, bandF) Format : '(5i10)'
        64      1025      1088      1024      1024
# Final Band, Initial Band, Complex <f|i>, |<f|i>|^2, |dE*<f|i>|^2 (Hartree^2) Format : '(2i10,3ES24.15E3)'
   1024   1025 -6.523326981179681E-002 -2.668556430352895E-001  7.546731371011652E-002  1.031771173913128E-004
   1024   1026  5.478998376559376E-001 -1.278741874739863E-001  3.165460399255350E-001  4.413405690122499E-004
   1024   1027  1.231274974521927E-001 -2.141422907654529E-002  1.561894983578248E-002  2.216023515062089E-005
   1024   1028  3.452698882330353E-004  5.425387393152080E-004  4.135595793781878E-007  5.917910637548310E-010
   1024   1029 -2.173909614253259E-002  3.409914671377446E-001  1.167477689618459E-001  1.752725487959081E-004
   1024   1030  1.052276005355712E-002 -4.706151489671802E-002  2.325514663518749E-003  4.076840274212088E-006
   1024   1031 -2.610713276382189E-002 -1.646748518409230E-001  2.779938920997775E-002  4.904245814780914E-005
   1024   1032 -5.534795774982414E-002  8.665186440893700E-002  1.057194203262112E-002  1.913538473162599E-005
   1024   1033 -9.483002384932072E-002 -5.471255865195732E-002  1.198619749750661E-002  2.220170506475411E-005
   1024   1034 -3.136688720615203E-002  1.402633646984691E-002  1.180619727768821E-003  2.276425325035258E-006
   1024   1035 -6.363049249876028E-002 -1.372728257861162E-002  4.237277862627844E-003  8.653093169091872E-006
   1024   1036  6.092560376644020E-002 -6.913962497427535E-002  8.492216935888712E-003  1.814523859946829E-005
   1024   1037  7.286253445184267E-006 -1.264679839180912E-004  1.604724044557405E-008  3.711569370672715E-011
   1024   1038  2.274032086597026E-002 -5.573106382033564E-002  3.623073667633606E-003  8.401452667142004E-006
   1024   1039  1.927419593079221E-002  6.464834205882551E-002  4.550902759733476E-003  1.092410757003061E-005
   1024   1040  1.016731460931931E-002 -2.763336457797781E-002  8.669771242643166E-004  2.089278925369252E-006
   1024   1041  2.936418938263353E-003  4.881217352559268E-003  3.244883902391738E-005  9.012688672015177E-008
   1024   1042  3.854556960182336E-002 -5.981139894656198E-002  5.063164379873804E-003  1.410237674309583E-005
   1024   1043 -2.448267096146164E-003  4.916479796654022E-002  2.423171370864789E-003  6.788757815287344E-006
   1024   1044  1.971096248408010E-002 -2.526916095778364E-002  1.027052537559190E-003  2.952138584200028E-006
   1024   1045  1.389365229995341E-004  7.138722292285602E-005  2.439949301983761E-008  7.025035022948138E-011
   1024   1046 -7.421460765645784E-003  5.674034084820666E-002  3.274544359466689E-003  9.453276726515157E-006
   1024   1047 -2.909743455087761E-002  3.244020952138092E-002  1.899027891233700E-003  5.551736231589811E-006
   1024   1048 -7.071672218060062E-003 -2.743257321918902E-004  5.008380256702513E-005  1.472747576687031E-007
   1024   1049  7.058545387320410E-003  2.658392774054688E-002  7.565282770994805E-004  2.240030778309252E-006
   1024   1050 -7.512450523299202E-003 -5.773531102235890E-002  3.389803051713535E-003  1.005159074166393E-005
   1024   1051 -2.571753772601341E-002  1.577047117365648E-002  9.100995077280527E-004  2.712294578917080E-006
   1024   1052 -3.292704949402068E-002 -1.531865076728710E-002  1.318851649711793E-003  3.945986892582814E-006
   1024   1053 -2.255245044017288E-002  2.055245961333068E-002  9.310166170140426E-004  2.799286882390792E-006
   1024   1054  1.168793340176590E-002  2.777972865684548E-003  1.443249204465946E-004  4.380858097749370E-007
   1024   1055 -5.347742075344535E-002 -5.400818118113833E-003  2.889003366785974E-003  9.082682608512655E-006
   1024   1056  1.279559770398310E-002 -1.102612629685052E-002  2.853027817162761E-004  9.513503319025825E-007
   1024   1057 -1.543381805157435E-002  5.504519087758950E-003  2.685024700366049E-004  8.957310697566591E-007
   1024   1058  6.526433528865226E-005 -1.329139190928305E-004  2.192554334928511E-008  7.425642840510743E-011
   1024   1059  5.283333378531183E-006  7.365463930701465E-005  5.452919503035128E-009  1.854537957851536E-011
   1024   1060 -6.725778047812237E-003 -1.037228744614104E-002  1.528204372138081E-004  5.260385815864619E-007
   1024   1061 -3.577483547101456E-002 -3.200720981302869E-002  2.304300332993401E-003  7.936321537238322E-006
   1024   1062  1.640955534686982E-002 -3.203479694617040E-002  1.295501722064352E-003  4.648156623377553E-006
   1024   1063 -3.274964635435544E-002 -1.833907928457456E-002  1.408861165341258E-003  5.076832665442689E-006
   1024   1064  1.719880466015819E-002 -5.033986146615305E-002  2.829900534169760E-003  1.078427093293290E-005
   1024   1065  5.112454932095855E-003  7.046894776329988E-003  7.579592142137812E-005  2.933570352632119E-007
   1024   1066 -1.232673215535742E-002 -1.078274606346456E-002  2.682159382990831E-004  1.082970945400600E-006
   1024   1067 -1.378717130167414E-002  1.453098121427150E-002  4.012355075512183E-004  1.622066609956935E-006
   1024   1068  1.479160501138788E-004  1.654527485740552E-004  4.925376989200103E-008  2.039580848931133E-010
   1024   1069  1.758399562731398E-004 -2.182598146952503E-005  3.139606368924774E-008  1.305419453220848E-010
   1024   1070  3.039552043170326E-002 -3.737531117089135E-002  2.320801547435046E-003  9.675089132954874E-006
   1024   1071 -1.384289572196481E-002 -1.304998118667565E-002  3.619277709417800E-004  1.510561244403487E-006
   1024   1072  6.262167717843835E-003 -1.724476549087611E-002  3.365966813617171E-004  1.457342564611387E-006
   1024   1073  2.908023370112556E-003 -8.048438642868647E-003  7.323396450914209E-005  3.175424934317622E-007
   1024   1074  1.938223568838670E-002 -2.124405649641935E-002  8.269809967032286E-004  3.585858541932131E-006
   1024   1075 -1.820350298374929E-003  1.412019850537337E-002  2.026936810399421E-004  8.810923147485619E-007
   1024   1076 -1.131369849148190E-002  3.041769680488739E-002  1.053236052470216E-003  4.597915325500447E-006
   1024   1077  2.775947988711501E-002 -1.058283464939933E-002  8.825851128196698E-004  3.872595890470560E-006
   1024   1078  1.123744096517879E-002  3.306144628144600E-003  1.372106717480878E-004  6.046917339530810E-007
   1024   1079 -3.319995262894049E-002 -2.054175076367874E-002  1.524200379000988E-003  6.770484572944184E-006
   1024   1080  7.760403555781404E-005  3.136182959800221E-003  9.841665943676130E-006  4.387050318430580E-008
   1024   1081 -5.786666172879630E-003 -7.183766615888361E-003  8.509200818790149E-005  3.863172670344756E-007
   1024   1082  9.067055392153646E-003  5.493210855571721E-003  1.123868589881535E-004  5.124114605743218E-007
   1024   1083  4.227822136357641E-003  2.145813647928172E-002  4.783261011801567E-004  2.193274218290126E-006
   1024   1084 -3.492747918977263E-002  2.612105909225483E-002  1.902238530653069E-003  8.757993667031411E-006
   1024   1085 -1.921299554000321E-002 -2.120546024631469E-002  8.188107418782157E-004  3.897177634171899E-006
   1024   1086 -2.626032539706616E-003  8.306252856997832E-003  7.588988342398264E-005  3.640019195740466E-007
   1024   1087 -9.855674695083111E-003  4.134446474688850E-003  1.142279713473686E-004  5.538124634721963E-007
   1024   1088  2.904393651720873E-003 -2.858457146193525E-002  8.255132281466395E-004  4.023562122232983E-006
