# Total number of k-points, k-point index, spin index Format : '(3i10)'
        27        13         1
# Cell volume (a.u.)^3. Format: '(a51, ES24.15E3)'   7.062330632076545E+004
# Total number of <f|i> elements, Initial States (bandI, bandF), Final States (bandI, bandF) Format : '(5i10)'
        64      1025      1088      1024      1024
# Final Band, Initial Band, Complex <f|i>, |<f|i>|^2, |dE*<f|i>|^2 (Hartree^2) Format : '(2i10,3ES24.15E3)'
   1024   1025 -1.073835745465203E-002  8.202070797115012E-002  6.842708856912570E-003  9.354883198815332E-006
   1024   1026 -1.213602656832478E-002 -5.467382626497254E-002  3.136510419319486E-003  4.322771536340741E-006
   1024   1027 -1.681568809018293E-003 -2.656434647153443E-002  7.084921771191871E-004  1.010710937226936E-006
   1024   1028  1.363252101572229E-004  1.297036914604531E-004  3.540761050287939E-008  5.107347493139605E-011
   1024   1029  2.741466144191398E-002 -8.615048243958025E-002  8.173469286547190E-003  1.180027498869611E-005
   1024   1030 -1.959828918781275E-003 -7.476282153390024E-002  5.593320413100708E-003  9.788716713922154E-006
   1024   1031  1.064864339152273E-002 -2.076145833984976E-002  5.444317584771376E-004  9.660053309049601E-007
   1024   1032  7.726583680231069E-002  3.373968041419441E-002  7.108375571213283E-003  1.295388216415328E-005
   1024   1033 -2.003996456446124E-002 -2.731848911237320E-002  1.147900027127715E-003  2.097455623398753E-006
   1024   1034 -9.518129975332216E-004 -2.276216027288481E-002  5.190218882707686E-004  1.002329225514629E-006
   1024   1035 -7.843265205920791E-002  3.064565356605082E-002  7.090836991531175E-003  1.458716693292313E-005
   1024   1036  4.645083062746670E-003  5.381830276151228E-003  5.054089378111399E-005  1.077557180815716E-007
   1024   1037 -9.671436162343264E-005  4.098924152241313E-005  1.103378566481082E-008  2.564689677193911E-011
   1024   1038 -5.412388543817764E-002 -1.694491375942873E-002  3.216525077239454E-003  7.504828047604079E-006
   1024   1039  4.263654896903438E-002  3.638387513863061E-002  3.141661678092329E-003  7.559864485545854E-006
   1024   1040 -3.745979964820758E-002  3.956429345083912E-003  1.418889922846494E-003  3.426349374250883E-006
   1024   1041  3.188377932940495E-002  1.412303052948743E-003  1.018569984239558E-003  2.846421787097542E-006
   1024   1042  2.282938168181393E-002 -5.420899779056179E-002  3.459796109431075E-003  9.697417902899549E-006
   1024   1043 -1.325191438301368E-002  6.332508710796446E-002  4.185679892046010E-003  1.178867883961194E-005
   1024   1044 -9.707130659635577E-003 -1.203895474303570E-002  2.391648169480988E-004  6.894481831585780E-007
   1024   1045  2.300288685543689E-005 -3.730857655803877E-006  5.430521025319018E-010  1.569896710734205E-012
   1024   1046 -4.763623590755320E-002 -3.699087590258148E-002  3.637535871480244E-003  1.056232329748831E-005
   1024   1047 -3.322911135696504E-002  2.043911290626423E-002  1.521931177968600E-003  4.453717227540890E-006
   1024   1048 -3.804272916135329E-003  2.963724253091369E-003  2.325615386880280E-005  6.861485869115163E-008
   1024   1049 -2.264349852745855E-003 -5.560236779184012E-002  3.096750584314690E-003  9.220832787015527E-006
   1024   1050 -1.273145695544977E-003 -6.206895101276018E-003  4.014644676032894E-005  1.196140807163637E-007
   1024   1051 -3.085091840388989E-002  1.788989321816511E-003  9.549796491570456E-004  2.858212398247556E-006
   1024   1052  2.365011686830355E-002 -4.415045144894613E-002  2.508590391030165E-003  7.546316852682460E-006
   1024   1053 -1.916177024951827E-002 -8.235845389145336E-003  4.350025883692301E-004  1.314315299700042E-006
   1024   1054  2.904161600173606E-002  8.905900329212586E-003  9.227305206661608E-004  2.793483558185883E-006
   1024   1055  4.066656787064604E-002 -2.752926402986687E-002  2.411630120403982E-003  7.585089804107529E-006
   1024   1056  1.535788492775058E-002 -2.584220421675111E-003  2.425428246418312E-004  8.127400670160441E-007
   1024   1057 -1.455081827575738E-002 -2.627436256322152E-002  9.020684405977312E-004  3.024796327311497E-006
   1024   1058  8.254359549388796E-005 -6.969364183873873E-005  1.167064886980500E-008  3.961221272299175E-011
   1024   1059 -1.218629899394330E-004 -1.719349094642509E-005  1.514620444790314E-008  5.175952419279647E-011
   1024   1060  1.459907158735620E-002 -2.136693982073053E-003  2.176983523857783E-004  7.497985907079216E-007
   1024   1061 -5.434748996722322E-002  3.019294806494755E-002  3.865263778590049E-003  1.336273044509774E-005
   1024   1062  4.826555153775595E-002 -4.912188546952049E-003  2.353693061564582E-003  8.465670750933374E-006
   1024   1063 -5.611969715811061E-003  1.247538558381044E-002  1.871294495559258E-004  6.775818967868613E-007
   1024   1064 -5.449247911124399E-002 -4.451660073401771E-004  2.969628452463454E-003  1.135900904411350E-005
   1024   1065  4.760723235788423E-003 -6.499767054496570E-003  6.491145749049483E-005  2.518194258074971E-007
   1024   1066  2.472184064631109E-002  2.287825040988337E-002  1.134583746758928E-003  4.602498188630520E-006
   1024   1067 -7.651368974301692E-003  7.282891275963652E-003  1.115839525184140E-004  4.528059479189874E-007
   1024   1068  9.429006577930824E-005  1.012749957943338E-004  1.914724127780861E-008  7.949285812873355E-011
   1024   1069 -2.738676052048394E-005  1.088615605490692E-004  1.260087401698499E-008  5.264129440092822E-011
   1024   1070  4.236212052669323E-002 -3.264669548832567E-002  2.860355981825548E-003  1.195631740109329E-005
   1024   1071 -1.799676766669725E-002  1.319460144464120E-002  4.979811537320070E-004  2.088044801155974E-006
   1024   1072  1.065317489202681E-002  1.709534219638388E-002  4.057408600915735E-004  1.762390791790007E-006
   1024   1073 -1.322134091521103E-003 -3.731821919464907E-002  1.394397522415837E-003  6.069629589472871E-006
   1024   1074  2.860153573297568E-002  7.619150396703078E-003  8.760992990522653E-004  3.816745875917148E-006
   1024   1075  3.989354939221452E-003 -1.659509107485115E-002  2.913120006136947E-004  1.272132008609526E-006
   1024   1076 -2.288516509694630E-002  2.792402571124923E-003  5.315282936337144E-004  2.329810544746143E-006
   1024   1077  4.819363063144382E-002  7.650141009865842E-003  2.381150690910871E-003  1.049813125467336E-005
   1024   1078 -1.201877045826575E-002  7.688891498391959E-003  2.035698958025257E-004  9.008578793687355E-007
   1024   1079 -5.140177611760596E-002 -3.026656866249394E-003  2.651303239830500E-003  1.182599938201910E-005
   1024   1080  6.085803781197151E-004  1.863777608033429E-004  4.051067463544035E-007  1.811151383731052E-009
   1024   1081 -4.327707790020488E-003  1.604319717332769E-003  2.130289647122671E-005  9.702489508206297E-008
   1024   1082 -7.271350746380446E-003  2.302851197817297E-002  5.831849056057437E-004  2.670344034981742E-006
   1024   1083 -3.665533855697401E-002  6.736515879823282E-003  1.388994490925497E-003  6.391769430611406E-006
   1024   1084 -2.179194920435857E-002 -3.296467526921296E-002  1.561558865730005E-003  7.187432173481881E-006
   1024   1085 -2.834734668623255E-002  2.112283753605620E-002  1.249746329724084E-003  5.972197707257470E-006
   1024   1086 -2.062797035222702E-003 -6.865295156950611E-003  5.138740920057309E-005  2.475762774317348E-007
   1024   1087 -4.651518349529978E-004 -1.395969377920046E-002  1.950894166386081E-004  9.498588202536463E-007
   1024   1088  1.129601653372805E-002 -1.784970719000346E-002  4.462120362991187E-004  2.175872879381619E-006
