# Total number of k-points, k-point index, spin index Format : '(3i10)'
        27        21         2
# Cell volume (a.u.)^3. Format: '(a51, ES24.15E3)'   7.062330632076545E+004
# Total number of <f|i> elements, Initial States (bandI, bandF), Final States (bandI, bandF) Format : '(5i10)'
        64      1025      1088      1024      1024
# Final Band, Initial Band, Complex <f|i>, |<f|i>|^2, |dE*<f|i>|^2 (Hartree^2) Format : '(2i10,3ES24.15E3)'
   1024   1025  4.924528896822902E-001 -1.420436356154536E-001  2.626862429752936E-001  3.591383871712077E-004
   1024   1026 -2.637425778314200E-001 -2.429935568119938E-001  1.286060160133063E-001  1.793074154352335E-004
   1024   1027 -9.515699394597985E-002 -8.124009522462056E-002  1.565480656894066E-002  2.221110884182755E-005
   1024   1028  4.064164897695242E-005  4.619664944225828E-004  2.150647856006561E-007  3.077511067515499E-010
   1024   1029  3.070229452250733E-001  1.506918624927902E-001  1.169711263162243E-001  1.756078735261151E-004
   1024   1030  1.665262343415148E-001  3.894458458838618E-002  2.924766739272706E-002  5.127384067971463E-005
   1024   1031  2.435307327098687E-002 -1.675534110178365E-002  8.738136331791758E-004  1.541543528551837E-006
   1024   1032  7.307917589324310E-002  4.233142949679303E-002  7.132515872477523E-003  1.290996818818735E-005
   1024   1033 -5.108031598920933E-002  1.136765339912940E-001  1.553155306183129E-002  2.876866999392474E-005
   1024   1034  3.121844699803707E-002  1.371409747366803E-002  1.162667902486518E-003  2.241811309362542E-006
   1024   1035 -9.235945061170898E-002 -2.058991113935767E-002  8.954212558023356E-003  1.828571031564638E-005
   1024   1036 -3.240651182271331E-002  5.266202237208770E-002  3.823470608833922E-003  8.169573033566884E-006
   1024   1037 -2.029955892459779E-004  1.692416088331703E-004  6.984993141376163E-008  1.615560425170834E-010
   1024   1038 -4.064551367814536E-002 -4.365152372485018E-002  3.557513305661459E-003  8.249426424296422E-006
   1024   1039 -1.228150043435082E-002 -1.140437520335522E-002  2.808950266978628E-004  6.742678649658718E-007
   1024   1040 -4.516567885929960E-002  5.493327879411325E-002  5.057603665893157E-003  1.218803179145590E-005
   1024   1041  2.997133598939474E-003 -4.624557439591962E-003  3.036934132197725E-005  8.435106671206236E-008
   1024   1042 -1.360116030479594E-002 -2.174100994577039E-002  6.576630750988440E-004  1.831781818428031E-006
   1024   1043 -6.143306322971848E-002  3.781651404924554E-002  5.204109992623375E-003  1.457983649504832E-005
   1024   1044  3.598294395209271E-002  3.735321755572369E-002  2.690035117224670E-003  7.732181336956134E-006
   1024   1045  2.535141549743625E-004  6.000412419672903E-006  6.430543172157124E-008  1.851464330102210E-010
   1024   1046 -6.675066031384593E-003  5.667076814734424E-002  3.256132468933391E-003  9.400123469557996E-006
   1024   1047 -1.740007322504913E-002 -4.004646831074170E-002  1.906482172400311E-003  5.573528540859720E-006
   1024   1048 -5.213535825180505E-003  1.429523558032943E-003  2.922449340341174E-005  8.593656957458814E-008
   1024   1049 -3.102168731312063E-002  2.227232827531471E-002  1.458401690556413E-003  4.318232077686253E-006
   1024   1050 -1.358415271955793E-002  5.075323435431131E-002  2.760420002531919E-003  8.185316880378610E-006
   1024   1051  1.857765532017249E-002  1.153401964631223E-002  4.781628863966496E-004  1.425029454112083E-006
   1024   1052 -1.014901475857266E-002  2.740664855686861E-002  8.541268856894341E-004  2.555536474527451E-006
   1024   1053 -3.350207846087552E-002 -1.726065019159562E-002  1.420319306235289E-003  4.270472867908555E-006
   1024   1054  9.112954492281111E-003  2.114285674182380E-002  5.300663307836705E-004  1.608970488583818E-006
   1024   1055 -1.695213558485771E-002 -5.081000748130535E-002  2.869031761137705E-003  9.019894258646337E-006
   1024   1056  1.821311037445528E-003  9.330511213130456E-003  9.037561339347409E-005  3.013600823541084E-007
   1024   1057 -1.220947186407851E-002  1.808756079016895E-002  4.762310585377820E-004  1.588718924777878E-006
   1024   1058 -1.259977504063046E-004 -1.338343266808353E-004  3.378706010556197E-008  1.144284713876714E-010
   1024   1059 -2.269857207549714E-004  7.068761885787515E-005  5.651925688645007E-008  1.922219962814343E-010
   1024   1060  2.152099281050798E-002 -3.939111721269058E-002  2.014813246813864E-003  6.935391115332026E-006
   1024   1061 -7.102337627376313E-003  1.837124841651157E-002  3.879459681544244E-004  1.336138305576920E-006
   1024   1062  2.239999580112036E-002  3.061731448185576E-002  1.439179757971064E-003  5.163661931427376E-006
   1024   1063 -3.050855459672068E-002  1.987808982591042E-002  1.325910358708050E-003  4.777919347773187E-006
   1024   1064 -3.019719146154994E-002  4.364538289689245E-002  2.816789820381856E-003  1.073430822614364E-005
   1024   1065 -9.083145036611010E-003 -1.644484322587307E-003  8.520785244334665E-005  3.297845385795385E-007
   1024   1066 -8.695797889081683E-004  1.559597661938747E-003  3.188513876402380E-006  1.287420840519459E-008
   1024   1067 -2.279209166711155E-002 -1.216899415557852E-002  6.675638613205197E-004  2.698746818404561E-006
   1024   1068  2.136469789346785E-004 -1.834109399602473E-004  7.928460450501637E-008  3.283146880166405E-010
   1024   1069  4.546143876540899E-006  2.897996308539206E-005  8.605056845768966E-010  3.577903495913150E-012
   1024   1070 -3.042220390888434E-002 -4.077299412316574E-003  9.421348611714146E-004  3.927625249765085E-006
   1024   1071 -4.234658997467874E-002  4.804079120358944E-003  1.816312858678231E-003  7.580661204961187E-006
   1024   1072  2.985402855299604E-002 -9.953823131721454E-003  9.903416157806958E-004  4.287822994655794E-006
   1024   1073 -1.280759097150553E-003  1.637402860085962E-002  2.697491564867027E-004  1.169632428443303E-006
   1024   1074 -2.228220783591015E-003 -6.290555001447252E-004  5.360678682689286E-006  2.324434965439751E-008
   1024   1075  1.106554799326574E-002 -7.176034739724646E-003  1.739418269770024E-004  7.561104331442496E-007
   1024   1076  7.447413161797126E-003 -2.852638230564922E-002  8.692184502505658E-004  3.794584152598921E-006
   1024   1077  3.018279879957197E-002  1.176378481547142E-002  1.049387976560159E-003  4.604491404331856E-006
   1024   1078  1.087755100809744E-002  5.089828668793235E-003  1.442274718114311E-004  6.356149918715379E-007
   1024   1079 -2.215806102803210E-002 -3.234791669889137E-002  1.537367383280411E-003  6.828972289441841E-006
   1024   1080 -4.402898758947500E-003 -6.287218745448238E-004  1.978080867707260E-005  8.817552180703694E-008
   1024   1081 -3.352106063970038E-002 -1.269794280711543E-002  1.284899257943245E-003  5.833435833751000E-006
   1024   1082  2.066183904547848E-002 -1.742363276993646E-002  7.304945716428625E-004  3.330583252931229E-006
   1024   1083 -1.857176534336385E-002 -8.238048985515245E-003  4.127759190567194E-004  1.892706208123140E-006
   1024   1084 -9.149227046774293E-004 -1.318875304089273E-002  1.747802903291914E-004  8.046964936786516E-007
   1024   1085 -2.806046915799306E-002  5.389273863452951E-003  8.164342021419770E-004  3.885866354300799E-006
   1024   1086 -6.250621545076534E-003  4.670499686100974E-003  6.088383701764425E-005  2.920261903866322E-007
   1024   1087  8.306139754349573E-003  1.014418876850218E-003  7.002100327649644E-005  3.394834370525481E-007
   1024   1088  2.828741131719403E-003 -2.820087735180302E-002  8.032912598017175E-004  3.915251961907020E-006
