# Total number of k-points, k-point index, spin index Format : '(3i10)'
        27        16         1
# Cell volume (a.u.)^3. Format: '(a51, ES24.15E3)'   7.062330632076545E+004
# Total number of <f|i> elements, Initial States (bandI, bandF), Final States (bandI, bandF) Format : '(5i10)'
        64      1025      1088      1024      1024
# Final Band, Initial Band, Complex <f|i>, |<f|i>|^2, |dE*<f|i>|^2 (Hartree^2) Format : '(2i10,3ES24.15E3)'
   1024   1025 -8.415450724737408E-002  5.422090107279692E-002  1.002188720319437E-002  1.358955842846467E-005
   1024   1026 -2.225569924879043E-002 -1.837625400472632E-003  4.986930161650731E-004  6.900152257301107E-007
   1024   1027 -7.118806701991395E-002 -3.111730313895441E-002  6.036027440673344E-003  8.656156997017656E-006
   1024   1028  1.852659346874435E-002  8.425952415400983E-003  4.142313396627224E-004  5.978300917502878E-007
   1024   1029 -6.540132682877835E-002  5.965331432386554E-002  7.835851460786584E-003  1.135740910510249E-005
   1024   1030  5.495505898140461E-003  4.327602423811309E-003  4.892872781507411E-005  8.557780487763495E-008
   1024   1031  4.478497786639829E-002  7.628796488868037E-002  7.825547829350313E-003  1.393104098088018E-005
   1024   1032  2.974159716353850E-002  4.072193364644947E-002  2.542838481744034E-003  4.630216990918419E-006
   1024   1033 -5.148288746823682E-002  3.585251378944627E-002  3.935890447089571E-003  7.225790224267299E-006
   1024   1034 -4.884018822114789E-002  3.492013304874060E-002  3.604779677618899E-003  7.005611602354130E-006
   1024   1035 -4.438104549120090E-003 -1.660830077994114E-002  2.955324267859139E-004  6.087995456368372E-007
   1024   1036  8.470720456614707E-003 -2.144247432717571E-002  5.315328103257001E-004  1.121953354182919E-006
   1024   1037 -2.343228292634205E-002  2.092456306069175E-002  9.869092224210070E-004  2.291032481112619E-006
   1024   1038 -2.442323296966737E-002 -2.868313089539933E-002  1.419216306653259E-003  3.305733602861334E-006
   1024   1039  1.079709558112571E-002  7.024460703487893E-003  1.659203211628100E-004  3.962318541777798E-007
   1024   1040 -4.741541083087615E-002 -5.703994756332689E-002  5.501776802287850E-003  1.334505091293118E-005
   1024   1041  2.634746009169513E-002  3.299030308950598E-002  1.782548751220936E-003  4.974389784912624E-006
   1024   1042 -3.370990884886457E-002 -2.668810699276892E-002  1.848613009456239E-003  5.175332183902847E-006
   1024   1043  2.696614015513771E-002  4.409518871524654E-004  7.273671534333140E-004  2.049158832839485E-006
   1024   1044 -4.372629191762852E-003 -3.377367761818258E-003  3.052649904722592E-005  8.808832069413987E-008
   1024   1045 -4.117395941505649E-003  5.962483159008996E-005  1.695650445966934E-005  4.912472359833680E-008
   1024   1046 -4.882504864603165E-002  3.019659681023939E-002  3.295719834207517E-003  9.589625096961265E-006
   1024   1047  8.123211657890135E-003 -1.349905722939551E-002  2.482111137213774E-004  7.260704699043324E-007
   1024   1048 -3.620746017845454E-002 -4.710638177782932E-002  3.529991376772981E-003  1.040778414509540E-005
   1024   1049 -9.928989659952045E-003  1.107006922947434E-002  2.211312684127893E-004  6.579594378727185E-007
   1024   1050  5.083005064540293E-002 -5.451976176823104E-003  2.613418092846874E-003  7.805195632019304E-006
   1024   1051  3.874939458519988E-002  3.400886816003329E-002  2.658118694246044E-003  7.964234125636549E-006
   1024   1052 -2.071027527074389E-003 -2.337761005504020E-002  5.508018069034165E-004  1.651689423916118E-006
   1024   1053  1.056372591815454E-002 -1.103943285832248E-002  2.334613831073000E-004  7.040865461455610E-007
   1024   1054 -5.984346675303720E-003 -3.030733619638642E-002  9.543470324510132E-004  2.890226935927658E-006
   1024   1055  9.210911975336016E-003 -1.120937155197797E-002  2.104909100076814E-004  6.574047722924615E-007
   1024   1056 -1.075122404179164E-002  4.154901553026885E-003  1.328520253121437E-004  4.450856254639655E-007
   1024   1057  3.176281251518702E-002  2.077197375129798E-002  1.440351152399533E-003  4.830359579892242E-006
   1024   1058  2.187466181719089E-002 -3.695197213516243E-003  4.921553120632475E-004  1.673849354563795E-006
   1024   1059  1.739613779631361E-003  1.304025746177366E-002  1.730745707716269E-004  5.900765314560834E-007
   1024   1060 -3.779711285241340E-002 -4.345895527898793E-002  3.317302533919147E-003  1.140807536310212E-005
   1024   1061 -7.720040065208068E-004  5.492025735324273E-003  3.075833686354831E-005  1.064897430073374E-007
   1024   1062 -5.293412286728402E-002  2.143147150082667E-002  3.261329334419467E-003  1.169859531091787E-005
   1024   1063 -6.320212478451045E-003  3.966396350304427E-003  5.567738578047658E-005  2.020533166887919E-007
   1024   1064 -2.982135218669336E-003 -3.529561061978304E-002  1.254673259485770E-003  4.804568635152754E-006
   1024   1065 -3.211848207149139E-002  1.469935566358154E-002  1.247667947501180E-003  4.835084480661751E-006
   1024   1066  1.277740260178856E-003 -1.089473064397517E-002  1.203277759772536E-004  4.884284833128163E-007
   1024   1067  2.836441126670923E-002 -2.949556449525224E-002  1.674528151400606E-003  6.806426011611471E-006
   1024   1068 -1.663613195182258E-003 -1.015434097603294E-002  1.058782495207261E-004  4.401994653281798E-007
   1024   1069  1.467494031985230E-002  2.035666534490624E-002  6.297476973557334E-004  2.629171450844080E-006
   1024   1070 -3.476462800100066E-002  3.727277254358541E-002  2.597838933133814E-003  1.086998564082965E-005
   1024   1071  9.222664128319470E-003  1.003610337693600E-002  1.857809046163369E-004  7.810356555745418E-007
   1024   1072 -2.962638412559519E-002 -2.646794965520167E-002  1.578274995307609E-003  6.846501818461622E-006
   1024   1073  1.361404650132078E-003  6.376033439800935E-003  4.250722504686099E-005  1.851296726243905E-007
   1024   1074 -1.558678884571074E-002  2.663814497548751E-002  9.525387542558631E-004  4.153891518119858E-006
   1024   1075 -3.132704431665237E-004 -1.972830283763771E-003  3.990197699097191E-006  1.744410162654272E-008
   1024   1076 -3.790231536687800E-002  1.427358038801561E-002  1.640320607263420E-003  7.212849427410152E-006
   1024   1077  1.414491231024639E-002  8.808494228288659E-003  2.776681148343545E-004  1.225045156441936E-006
   1024   1078  2.033619286725994E-002 -2.539531804561364E-002  1.058482918972265E-003  4.695712050024698E-006
   1024   1079 -4.771152633010554E-003 -8.038602498524623E-003  8.738302757676986E-005  3.894483019185200E-007
   1024   1080  1.732433995069162E-002  3.747088504150855E-002  1.704199980521079E-003  7.627414131229135E-006
   1024   1081 -1.766366098432363E-002  8.210318762199366E-003  3.794142535460400E-004  1.725175248182187E-006
   1024   1082 -4.521141601040306E-003 -8.494917425449023E-003  9.260434344185477E-005  4.236247992643933E-007
   1024   1083 -3.204098600304518E-002 -2.800360581148683E-002  1.810826722492476E-003  8.332365610327384E-006
   1024   1084 -1.973893087078412E-002  1.905746047632069E-002  7.528121917281194E-004  3.469677845512432E-006
   1024   1085  1.557986006234553E-002 -3.270364112874814E-002  1.312260182640216E-003  6.279654009420537E-006
   1024   1086 -1.066456287757115E-002 -2.348128815443421E-003  1.192466103035845E-004  5.734582104019842E-007
   1024   1087  8.707534506670793E-004  2.401995734438782E-003  6.527795080110730E-006  3.173955632282092E-008
   1024   1088 -2.063118838574587E-002 -8.745056501173640E-003  5.021219474168546E-004  2.445407681769717E-006
