# Total number of k-points, k-point index, spin index Format : '(3i10)'
        27        10         1
# Cell volume (a.u.)^3. Format: '(a51, ES24.15E3)'   7.069336592516651E+004
# Total number of <f|i> elements, Initial States (bandI, bandF), Final States (bandI, bandF) Format : '(5i10)'
        64      1025      1088      1024      1024
# Final Band, Initial Band, Complex <f|i>, |<f|i>|^2, |dE*<f|i>|^2 (Hartree^2) Format : '(2i10,3ES24.15E3)'
   1024   1025  9.721899139900536E-002  2.975373278638513E-002  1.033681690336349E-002  1.020995115563139E-005
   1024   1026 -7.724029541537342E-002 -4.106182424960891E-002  7.652136646559927E-003  8.122488916702503E-006
   1024   1027  6.624390693012354E-002  4.292828726461670E-002  6.231093052840322E-003  8.483994929119727E-006
   1024   1028  1.329877539364716E-002 -1.438833459065192E-002  3.838815992632258E-004  5.865753799072305E-007
   1024   1029 -3.929702057356445E-002 -8.795819195853348E-002  9.280899358573371E-003  1.429183404054182E-005
   1024   1030  1.188159748489073E-002 -4.129103430607037E-002  1.846121872858042E-003  2.869810218034171E-006
   1024   1031  9.136259349792025E-002 -4.255489536825156E-003  8.365232681864248E-003  1.308031097579952E-005
   1024   1032 -9.434454502533306E-005 -5.758528125154386E-005  1.221695779285651E-008  2.184095584491059E-011
   1024   1033 -8.636186681225870E-002 -3.516727462299726E-002  8.695109243707616E-003  1.570489847812548E-005
   1024   1034  6.044070927179526E-004 -3.660443455674159E-005  3.666478183569865E-007  6.642737024203839E-010
   1024   1035  3.250940967233844E-002  3.201337854178701E-002  2.081718122903681E-003  3.772843323367164E-006
   1024   1036  2.176943831494553E-002 -5.787967081347675E-002  3.823964738024651E-003  7.036425295165742E-006
   1024   1037  3.243958201570640E-002 -2.958198628599391E-002  1.927420393978474E-003  3.691356607095058E-006
   1024   1038 -1.267928941832674E-002  2.603303207581300E-002  8.384831392140010E-004  2.388083060717350E-006
   1024   1039 -2.130210539113745E-002 -4.894562801804851E-002  2.849454196176302E-003  8.316969152964762E-006
   1024   1040 -3.539823702464346E-003 -1.369770313256747E-002  2.001574229524770E-004  5.878692563984646E-007
   1024   1041 -3.196869332380037E-002  1.766084579291093E-002  1.333902826952178E-003  3.921788861861828E-006
   1024   1042  1.510649885244601E-002 -1.929675895586087E-002  6.005712137795494E-004  1.774052913005133E-006
   1024   1043  1.570104845359751E-002 -1.067416717243351E-002  3.604607673672740E-004  1.096132863672850E-006
   1024   1044 -1.635897249858454E-002 -5.668381516993884E-002  3.480670883429233E-003  1.061247583723396E-005
   1024   1045  2.148029525250715E-003  1.565988895163167E-002  2.498461528187844E-004  7.759678900338374E-007
   1024   1046  1.403307952500062E-002  3.300567133588058E-003  2.078210643583132E-004  6.470122989755523E-007
   1024   1047  4.212515388799795E-002  2.860509867304045E-002  2.592780260181889E-003  8.223217350459620E-006
   1024   1048 -3.381656963022543E-002  4.597416930133287E-002  3.257184624503503E-003  1.037059241626856E-005
   1024   1049 -1.283732959808094E-002  3.532883234213322E-003  1.772782951563504E-004  5.663108387752093E-007
   1024   1050  3.006304530294753E-002 -6.632846902653327E-003  9.477813509211134E-004  3.031038037832682E-006
   1024   1051 -7.512955882151274E-003 -7.460008120995888E-002  5.621616622619612E-003  1.859151676244270E-005
   1024   1052 -3.395638600164518E-003  4.726463361036768E-003  3.386981740615022E-005  1.122938982060000E-007
   1024   1053 -4.794284441717286E-003  5.674518448043117E-003  5.518532292527409E-005  1.844514607766381E-007
   1024   1054 -3.281218008902447E-002 -1.062161551857004E-002  1.189457878418902E-003  3.979072856401502E-006
   1024   1055  6.693447452860834E-006  2.522189009839963E-005  6.809459789399587E-010  2.321595252270987E-012
   1024   1056  1.296449582509972E-002  5.897065153870674E-002  3.645615894898604E-003  1.253201021192377E-005
   1024   1057 -9.541127313613231E-004 -5.284484641567847E-004  1.189588883415429E-006  4.100593708136203E-009
   1024   1058  3.167639583626447E-002  4.940996712066581E-003  1.027807501684366E-003  3.548783031845327E-006
   1024   1059 -1.867592773289237E-003 -2.997513550847984E-002  9.019966515185713E-004  3.140860037656801E-006
   1024   1060  1.663504297237006E-002 -4.605942842036426E-002  2.398195601103258E-003  8.366754386364037E-006
   1024   1061  1.344478974227929E-002 -1.078631832395291E-003  1.819258178439549E-004  6.481430370586066E-007
   1024   1062  8.606338715232703E-003 -1.109005020039207E-002  1.970582795285296E-004  7.057906142058430E-007
   1024   1063 -3.704811535243788E-002  1.892083480726084E-003  1.376142831065580E-003  5.164970623409807E-006
   1024   1064  9.803439455657278E-003 -4.295010244433484E-002  1.940818725139595E-003  7.965738974351243E-006
   1024   1065  1.357281533880842E-003 -2.093138798280575E-002  4.399652160489589E-004  1.813122310528499E-006
   1024   1066  2.384243022775666E-003 -2.228518680519130E-002  5.023141657339270E-004  2.073338001309542E-006
   1024   1067 -1.242445887587839E-002  2.423927621948153E-002  7.419096900027159E-004  3.071607883499964E-006
   1024   1068  8.176962085980070E-003  6.720040883623636E-003  1.120216584331287E-004  4.675478886693333E-007
   1024   1069  1.213063026940130E-003 -1.346014604114691E-003  3.283277221819178E-006  1.373434064922117E-008
   1024   1070 -8.667678378753052E-004 -1.437710303084786E-003  2.818297400371179E-006  1.180385216156432E-008
   1024   1071 -1.185626744228177E-002  3.889079878804927E-003  1.556960199666361E-004  6.528585953696751E-007
   1024   1072 -2.384619510848121E-002 -2.728891018223678E-002  1.313325640085939E-003  5.546789440509992E-006
   1024   1073  4.398359612197369E-002 -1.978362842733427E-002  2.325948681571727E-003  9.840011650581159E-006
   1024   1074 -8.978604593779027E-003  4.696069183414070E-002  2.285921917992558E-003  9.681195935589520E-006
   1024   1075 -7.783290658616367E-003 -2.262429919429797E-002  5.724385275096165E-004  2.427106721534226E-006
   1024   1076  2.137604596682949E-003 -1.844191475396148E-003  7.970395609683896E-006  3.431441976446822E-008
   1024   1077 -2.249237119579152E-002  7.009505528760495E-003  5.550399297669959E-004  2.415625440745880E-006
   1024   1078  2.621008139068338E-002 -3.161664739684559E-002  1.686580759122710E-003  7.380113086004600E-006
   1024   1079 -1.303105588957513E-003  2.712409495538231E-002  7.374146113245682E-004  3.233633108986235E-006
   1024   1080 -2.300587179495197E-002  4.672545494973404E-002  2.712538277305392E-003  1.285956183890132E-005
   1024   1081  6.530648821600338E-003  8.090799970346294E-004  4.330398447267144E-005  2.058167383564665E-007
   1024   1082 -6.928439013382299E-004 -1.208399012739359E-003  1.940260845611036E-006  9.226294121980560E-009
   1024   1083  4.916717298851883E-003  5.937883925779037E-003  5.943257451285443E-005  2.858624912401087E-007
   1024   1084 -2.694830322620001E-002  1.488498037859078E-002  9.477736876422545E-004  4.824957085774676E-006
   1024   1085  1.110702982380289E-002  7.206893245710800E-004  1.238855046093976E-004  6.336282851802167E-007
   1024   1086  4.872714540752931E-003  1.030963833900338E-002  1.300319896767135E-004  6.653258515015032E-007
   1024   1087 -4.979462323330089E-003  1.202414801546230E-002  1.693751805272098E-004  8.730803065247307E-007
   1024   1088  2.611031010883880E-002  1.505750434515063E-002  9.084767310839599E-004  4.683119063279147E-006
