# Total number of k-points, k-point index, spin index Format : '(3i10)'
        27        17         1
# Cell volume (a.u.)^3. Format: '(a51, ES24.15E3)'   7.069336592516651E+004
# Total number of <f|i> elements, Initial States (bandI, bandF), Final States (bandI, bandF) Format : '(5i10)'
        64      1025      1088      1024      1024
# Final Band, Initial Band, Complex <f|i>, |<f|i>|^2, |dE*<f|i>|^2 (Hartree^2) Format : '(2i10,3ES24.15E3)'
   1024   1025  2.297666504094350E-002  1.971801481241605E-002  9.167272445463740E-004  9.054760742457840E-007
   1024   1026 -7.883608461467566E-003  1.194018999606452E-002  2.047194195158422E-004  2.025844578457595E-007
   1024   1027 -1.090125491663771E-001 -2.887747125646223E-002  1.271764422191958E-002  1.258595946495777E-005
   1024   1028 -1.469057016045978E-002  5.392486967803019E-003  2.448917673373166E-004  2.578753565868490E-007
   1024   1029 -9.997067922708881E-002 -1.466147424782023E-002  1.020909553224498E-002  1.096023958562370E-005
   1024   1030  5.360322965586155E-002  5.736835975169894E-003  2.906217516545039E-003  3.136994986303151E-006
   1024   1031 -1.899921265718121E-002  4.661939464882012E-002  2.534338039015233E-003  3.704667859608942E-006
   1024   1032 -8.899849245101525E-003 -2.191392525819092E-002  5.594274368071123E-004  8.278977085190204E-007
   1024   1033 -1.284595465113413E-002 -6.513421018510437E-002  4.407483887336349E-003  6.533953647990937E-006
   1024   1034 -1.556787683288978E-002  1.664968977859718E-002  5.195709588075494E-004  8.146946687016416E-007
   1024   1035  1.220726499204843E-002  6.741897469191350E-003  1.944705000711800E-004  3.049686784265163E-007
   1024   1036 -2.558419627883616E-002 -1.446060576039581E-003  6.566421904235898E-004  1.033435440434542E-006
   1024   1037  1.487725189595033E-004  1.898650794798851E-002  3.605096173214283E-004  5.729226286234677E-007
   1024   1038 -7.580185333832824E-002 -6.766125808857675E-003  5.791701427986714E-003  9.304349711485039E-006
   1024   1039 -7.420453460198431E-003 -4.562080804112232E-002  2.136321255879902E-003  3.436271377941251E-006
   1024   1040  4.001754641588985E-002  3.760666166061795E-002  3.015665022404090E-003  4.908765151373711E-006
   1024   1041 -2.772904784043871E-002  3.050258990857893E-002  1.699308085268280E-003  2.778242984764997E-006
   1024   1042 -4.049955534760484E-002 -4.252298506444226E-002  3.448418242144487E-003  5.679538696517132E-006
   1024   1043  2.348903249359666E-003  1.722725955869761E-002  3.022958183775906E-004  5.293178081653333E-007
   1024   1044  1.182179338702364E-002  7.415978484442703E-003  1.947515357671930E-004  3.436405946891937E-007
   1024   1045  7.319265139578136E-002  1.610130854843517E-002  5.616416355316287E-003  9.927377002021520E-006
   1024   1046  8.645246425548175E-003 -1.018673476435771E-002  1.785098509178275E-004  3.173401383000319E-007
   1024   1047  5.111386385435589E-004  8.241715416082540E-003  6.818713570750475E-005  1.213210704748165E-007
   1024   1048 -3.220423115703367E-004  1.499783532668638E-002  2.250387757368435E-004  4.027847091239038E-007
   1024   1049 -8.520349537151544E-003 -2.457198587688585E-002  6.763788461691163E-004  1.239992618236100E-006
   1024   1050  4.031294986993886E-002 -6.116073505356826E-002  5.365769439508977E-003  9.921503715067763E-006
   1024   1051  5.186491079142386E-002 -9.334216124862262E-003  2.777096562067993E-003  5.179204638965238E-006
   1024   1052  4.992986569871485E-002 -2.090488254043685E-002  2.930005602721162E-003  6.443567842332928E-006
   1024   1053  1.743288402262685E-002 -3.499264493762534E-002  1.528390645077075E-003  3.388178701796977E-006
   1024   1054  4.331045258305907E-002 -9.171994805724780E-003  1.959920791665650E-003  4.358638352168497E-006
   1024   1055  5.445588214322814E-003  2.351134056261421E-002  5.824375660511997E-004  1.555995275491157E-006
   1024   1056 -8.721319140165159E-003 -7.336179935036156E-003  1.298809435838382E-004  3.503924749550122E-007
   1024   1057 -3.704218257687203E-002 -8.948444119774662E-003  1.452197942223052E-003  3.922947533032016E-006
   1024   1058  1.916374581482279E-003  1.481831783285052E-003  5.868316970505137E-006  1.601238661167745E-008
   1024   1059 -4.366010831460378E-002 -1.856686308177538E-002  2.250933462740328E-003  6.164384182503662E-006
   1024   1060 -1.012281319524787E-002  3.341152183831371E-003  1.136346449014055E-004  3.118096866324213E-007
   1024   1061 -2.268968973590077E-003 -5.956301909329034E-002  3.552901463710784E-003  9.836686566251615E-006
   1024   1062  4.467632835302766E-003  4.267254412392426E-003  3.816920337115806E-005  1.070262341431169E-007
   1024   1063 -6.587689104836488E-003  4.825772790679261E-002  2.372205950468012E-003  6.693347254089463E-006
   1024   1064  3.707282557981861E-002  1.944144597482234E-002  1.752364218063588E-003  5.285384825203440E-006
   1024   1065 -2.473986780435484E-002 -1.972100207465152E-002  1.000978981805363E-003  3.036750215896163E-006
   1024   1066  2.338637781456238E-002 -1.807208396882844E-002  8.735228862618414E-004  2.651004586840286E-006
   1024   1067 -3.156935496569508E-003 -2.803005002309694E-002  7.956499460268175E-004  2.624588812504926E-006
   1024   1068  1.362725310959561E-002 -5.904038953756903E-003  2.205597032804620E-004  7.729013067485221E-007
   1024   1069 -1.120877338332896E-002  4.360449038392071E-003  1.446501165752380E-004  5.118139760575215E-007
   1024   1070 -8.146249724881994E-003 -3.549733467202910E-002  1.326422153398179E-003  4.695257520604043E-006
   1024   1071  2.796846941175547E-003  8.781656991576869E-004  8.593527807540120E-006  3.067866938310624E-008
   1024   1072  1.382860492110643E-002  4.157835005537303E-002  1.919989507391187E-003  6.874747522139384E-006
   1024   1073  3.960724241525020E-003 -7.125532421921327E-003  6.646054881325596E-005  2.385390740140903E-007
   1024   1074  4.224570989229222E-002  1.501457135096149E-002  2.010137357156830E-003  7.290404855622569E-006
   1024   1075  4.399703323994662E-003 -7.344938714495820E-003  7.330551405886919E-005  2.659586451909925E-007
   1024   1076  5.850994232113558E-003 -4.597029979176696E-002  2.147502596449156E-003  7.834544343842443E-006
   1024   1077  1.545683730896441E-002  2.529695171718621E-002  8.788495857774443E-004  3.275711921630622E-006
   1024   1078  6.565676157751827E-003 -2.025633965730803E-002  4.534273997207006E-004  1.697910658608318E-006
   1024   1079 -8.582989283572078E-003  2.944399788681225E-002  9.406167166005176E-004  3.527709425022970E-006
   1024   1080  1.119636107858738E-002  2.178942794254653E-002  6.001376714655336E-004  2.416735758547710E-006
   1024   1081 -1.813738945452489E-002 -2.325520084516425E-002  8.697692625740386E-004  3.545254690278720E-006
   1024   1082  5.251521130277996E-003 -3.083930313372248E-002  9.786410919553816E-004  4.002265108650446E-006
   1024   1083  2.283507615182401E-002 -6.563930536118725E-003  5.645258869425938E-004  2.308855980976326E-006
   1024   1084  1.673737579158562E-002  3.304620584775309E-002  1.372191469320827E-003  5.708293026476226E-006
   1024   1085  1.777734622698882E-002 -5.375716108436091E-003  3.449323625527329E-004  1.440261710574317E-006
   1024   1086  1.048703416837330E-002 -1.591507166096121E-002  3.632673916221597E-004  1.519036976061188E-006
   1024   1087 -3.134270540577204E-002  1.079167002723639E-002  1.098825324129764E-003  4.627681397189463E-006
   1024   1088  1.031080635750165E-002 -2.664864993865356E-002  8.164632712947969E-004  3.444733047886734E-006
