# Total number of k-points, k-point index, spin index Format : '(3i10)'
        27        22         1
# Cell volume (a.u.)^3. Format: '(a51, ES24.15E3)'   7.069336592516651E+004
# Total number of <f|i> elements, Initial States (bandI, bandF), Final States (bandI, bandF) Format : '(5i10)'
        64      1025      1088      1024      1024
# Final Band, Initial Band, Complex <f|i>, |<f|i>|^2, |dE*<f|i>|^2 (Hartree^2) Format : '(2i10,3ES24.15E3)'
   1024   1025  3.621513385610826E-002  1.075128334848095E-002  1.427126013855163E-003  1.409610621007607E-006
   1024   1026  5.221957588903302E-002  8.093843789170510E-002  9.277914834379885E-003  9.384160577174796E-006
   1024   1027  4.484657125102904E-002  6.387269603080824E-002  6.090936251217651E-003  6.426344220776053E-006
   1024   1028  1.476997368770696E-002  1.344421609165637E-002  3.988990690547081E-004  4.239170652863079E-007
   1024   1029 -7.774691159538813E-002  4.494657109761364E-002  8.064776516053935E-003  8.614974357414992E-006
   1024   1030  6.258100709912799E-002 -1.630103171675118E-002  4.182106084571636E-003  5.546356562495065E-006
   1024   1031 -4.783856893504955E-002 -3.823120247806811E-002  3.750153520672529E-003  5.076590095103072E-006
   1024   1032  2.093581920206613E-002  7.522833726917015E-002  6.097611253945615E-003  8.466782811462421E-006
   1024   1033  6.160255962582609E-003  2.211810715565084E-002  5.271594176733874E-004  7.390196782415599E-007
   1024   1034 -4.167894970735033E-002 -4.340702706173503E-002  3.621304847046036E-003  5.421247446720775E-006
   1024   1035  8.759429586083691E-003 -1.772089679376638E-003  7.986790850531149E-005  1.277716551458151E-007
   1024   1036  2.372392109659347E-002  1.639995444559903E-002  8.317829380151163E-004  1.367600380355527E-006
   1024   1037  3.069788826368400E-002 -3.874265343746501E-003  9.573702758033832E-004  1.752761391249486E-006
   1024   1038  3.885286945425523E-002 -1.347412763280349E-003  1.511360985984050E-003  2.777264356141463E-006
   1024   1039  1.740947683244772E-003  6.909955691919940E-002  4.777779665265473E-003  9.022285048261964E-006
   1024   1040  1.918092679556351E-002  2.410756116998573E-002  9.490824583013698E-004  1.824330784069186E-006
   1024   1041  8.205049271745549E-003  9.956041337411861E-003  1.664455926640259E-004  3.742789091788256E-007
   1024   1042 -3.956007282140624E-003  8.011991027558908E-003  7.984199384203410E-005  1.801919526582846E-007
   1024   1043 -3.696001591068462E-002 -4.688086685072300E-002  3.563858452793279E-003  8.098886946395314E-006
   1024   1044 -1.542491740795671E-002  2.130081684653151E-002  6.916528753717662E-004  1.613947003724811E-006
   1024   1045  1.662183587192977E-004  3.559255557556955E-003  1.269592866677541E-005  2.975902614988856E-008
   1024   1046  4.154430115349290E-002 -4.063024544352123E-002  3.376745803132889E-003  7.952699580355147E-006
   1024   1047  4.540883766523342E-003  4.761212485589734E-002  2.287534058674632E-003  5.419533400144138E-006
   1024   1048  1.056997706964504E-002  3.704368954685298E-002  1.483959350496447E-003  3.546975373290083E-006
   1024   1049 -1.516644286892761E-003 -2.365522799440133E-003  7.895908007635535E-006  1.906606978123038E-008
   1024   1050 -5.219060423151061E-002 -1.152980306695581E-002  2.856795528812957E-003  6.928165369896346E-006
   1024   1051 -3.562509319440296E-002  4.502545617475013E-002  3.296438968854241E-003  8.023448450247674E-006
   1024   1052 -1.030101690207543E-002  3.107505407386130E-002  1.071769934910248E-003  2.611084265343403E-006
   1024   1053  7.421287463334202E-003  5.971504837002952E-003  9.073437763179105E-005  2.224453737822639E-007
   1024   1054 -5.005792993131566E-003  7.896386638837028E-004  2.568149270958512E-005  6.324761381366690E-008
   1024   1055  2.019075984073516E-003  1.510363201569184E-002  2.321963678948941E-004  5.918035212998152E-007
   1024   1056 -2.474821554973001E-002  2.938862763626987E-002  1.476165607239223E-003  4.065570311082355E-006
   1024   1057 -1.104883730503807E-003 -1.148194145207631E-002  1.330557475668403E-004  3.668868931000605E-007
   1024   1058  2.298401716685287E-002  3.880601497794725E-003  5.433241131108741E-004  1.521092733482023E-006
   1024   1059  3.238384325080188E-003 -8.841765586797713E-003  8.866395172880534E-005  2.488659008556692E-007
   1024   1060  1.009332222550061E-002 -2.012997812178754E-002  5.070911727314297E-004  1.437139373781188E-006
   1024   1061 -1.571213194598783E-002 -5.202430568347489E-002  2.953399472135769E-003  8.433183282150066E-006
   1024   1062 -7.314575766839999E-003  2.796748150681050E-003  6.132481886718083E-005  1.819458535907701E-007
   1024   1063 -5.231985369960955E-002  2.342505069931667E-002  3.286100091414103E-003  9.875886625645037E-006
   1024   1064  5.752688146272458E-003  3.488125996010105E-002  1.249795717312412E-003  3.982603831838609E-006
   1024   1065  1.801105487796928E-002 -3.042125176416151E-002  1.249850656715720E-003  4.035495049230598E-006
   1024   1066  1.054807694108314E-002  1.429517144790962E-002  3.156138538801401E-004  1.072726083339616E-006
   1024   1067 -3.440564293854351E-002 -1.830207452175308E-002  1.518714197814353E-003  5.169768514970982E-006
   1024   1068 -2.564828168870292E-002  3.351606886298419E-003  6.690676223033364E-004  2.334260887041626E-006
   1024   1069  6.457982106038351E-003  1.669787048487647E-004  4.173341476978451E-005  1.462661479395239E-007
   1024   1070  3.790320861332615E-002 -3.754226212542819E-002  2.846074668679682E-003  9.999240684377627E-006
   1024   1071  2.302663944970180E-003 -5.394114943252195E-003  3.439873726448227E-005  1.214781377403269E-007
   1024   1072 -7.167757037713154E-003  4.407711122298916E-002  1.994168474715444E-003  7.285014063656293E-006
   1024   1073  3.051481472930784E-003  1.097003263178712E-002  1.296531551221141E-004  4.756563986341508E-007
   1024   1074 -6.088785654316517E-003 -5.033259474540061E-004  3.732664775359110E-005  1.371468430536250E-007
   1024   1075 -2.173008250545889E-002  1.070174317984537E-003  4.733417587649241E-004  1.743725808352381E-006
   1024   1076  4.258146177977073E-002  1.208775364184111E-002  1.959294675407918E-003  7.263232517063880E-006
   1024   1077  2.689656482074429E-004 -6.430528064324623E-004  4.858594317763157E-007  1.808091802107161E-009
   1024   1078 -2.921788365133383E-003 -3.228671025429160E-002  1.050968506295207E-003  3.933148402529174E-006
   1024   1079 -2.699744355533377E-002  2.385611727703729E-002  1.297976290059190E-003  4.881499744524304E-006
   1024   1080 -1.809494192519952E-002  1.435306919562894E-002  5.334375186108558E-004  2.015315480840714E-006
   1024   1081  3.041600582391826E-003 -3.679558345061914E-004  9.386725598953444E-006  3.609425582095958E-008
   1024   1082  3.582325033157869E-002  2.714812497549019E-005  1.283306001339642E-003  4.967215289266077E-006
   1024   1083 -3.773410768929416E-002  1.922141682753417E-002  1.793325747965063E-003  6.985032719671542E-006
   1024   1084  2.913450767140061E-003  1.410494550404118E-003  1.047769024926872E-005  4.087405656139320E-008
   1024   1085 -1.804945138850186E-002  3.101689396937021E-002  1.287830406933046E-003  5.213476077132679E-006
   1024   1086  9.071117122430233E-003 -4.968850752211890E-003  1.069746436466036E-004  4.352301741030406E-007
   1024   1087  3.310263802441973E-002 -1.253753710698560E-002  1.252974480884800E-003  5.180869045221874E-006
   1024   1088  9.665372276126400E-003 -7.391778684620322E-003  1.480578133585202E-004  6.133008648108266E-007
