# Total number of k-points, k-point index, spin index Format : '(3i10)'
        27        15         1
# Cell volume (a.u.)^3. Format: '(a51, ES24.15E3)'   7.069336592516651E+004
# Total number of <f|i> elements, Initial States (bandI, bandF), Final States (bandI, bandF) Format : '(5i10)'
        64      1025      1088      1024      1024
# Final Band, Initial Band, Complex <f|i>, |<f|i>|^2, |dE*<f|i>|^2 (Hartree^2) Format : '(2i10,3ES24.15E3)'
   1024   1025  1.155018787954434E-005  5.496178737575024E-005  3.154204911589951E-009  3.115492746292827E-012
   1024   1026  3.879101656123585E-006  2.984243864519003E-005  9.056185739504723E-010  9.019218139817981E-013
   1024   1027  6.128827062417131E-002  2.415712830456902E-002  4.339818964025070E-003  4.322104587226553E-006
   1024   1028  5.018465048354406E-002 -5.380817210678701E-002  5.413818529629091E-003  5.777530440507920E-006
   1024   1029  8.819128059324371E-003 -4.893675198668749E-002  2.472582714733324E-003  2.674414793353188E-006
   1024   1030  4.343615702325187E-003 -1.322686247566042E-002  1.938168883195197E-004  2.096378027935902E-007
   1024   1031 -3.407090346923329E-003  2.207644396181134E-002  4.989776426310947E-004  7.350326465497460E-007
   1024   1032 -2.438052930052534E-002 -1.207144097851690E-002  7.401298962715916E-004  1.104135717854125E-006
   1024   1033  2.057833537846783E-002  9.868609143688528E-003  5.208573333795937E-004  7.770220202132992E-007
   1024   1034  5.840623498224457E-005  5.808246891205910E-005  6.784861479721481E-009  1.070862792161868E-011
   1024   1035  6.336742859634638E-006  7.238341398081370E-005  5.279512929586987E-009  8.332723311224357E-012
   1024   1036  5.528933234758435E-005 -6.624845912523938E-005  7.445768607910150E-009  1.178119319800915E-011
   1024   1037 -1.465519748097434E-002 -1.442742735196994E-004  2.147956282723564E-004  3.411302671315953E-007
   1024   1038  2.577524950932193E-002 -6.320281154027278E-002  4.658958873863039E-003  7.525680609307995E-006
   1024   1039  1.217758512375095E-001  1.353017454641163E-003  1.483118860085262E-002  2.395702876558122E-005
   1024   1040 -1.692283343578883E-002  3.580184608444430E-003  2.992000133259949E-004  4.931242573497438E-007
   1024   1041  7.315058299733572E-002 -6.060876098705396E-003  5.387742011933960E-003  8.909520620597040E-006
   1024   1042  6.005787136078333E-002  3.585572968516813E-003  3.619804245900957E-003  5.985945670469556E-006
   1024   1043 -1.938933208535096E-005 -2.668665416422935E-005  1.088123709197200E-009  1.907264664172141E-012
   1024   1044 -9.520376680911308E-006  3.145213569490546E-005  1.079874411917186E-009  1.910450632084028E-012
   1024   1045  4.811522799256319E-002 -1.985122521801164E-003  2.319015876202899E-003  4.102667705146318E-006
   1024   1046 -5.477715668606179E-005  1.100411312298057E-005  3.121627400232717E-009  5.583922923497542E-012
   1024   1047  1.150338562845778E-004 -7.076341382235320E-005  1.824024882749451E-008  3.263440525496439E-011
   1024   1048  1.902984186007721E-005  5.534268891877593E-005  3.424948097979951E-009  6.127724079671870E-012
   1024   1049 -1.369636696206039E-002  6.660713328475492E-003  2.319555700035503E-004  4.335539234832038E-007
   1024   1050  5.576164892564622E-002 -3.405220369148614E-002  4.268914067153485E-003  7.979138901248652E-006
   1024   1051  1.010582810790016E-001  5.898886287620737E-002  1.369246211807049E-002  2.587713337611128E-005
   1024   1052  6.826161461423616E-002 -5.980618413165582E-003  4.695415826346395E-003  1.046025375701978E-005
   1024   1053  6.953651626708483E-003 -4.457171263999302E-003  6.821964662224665E-005  1.521067254312300E-007
   1024   1054 -5.416989653216264E-004  1.322004909311179E-002  1.750631357933163E-004  3.903315685011178E-007
   1024   1055  1.079894791386626E-004  7.747492292587548E-005  1.766409128701000E-008  4.792262414422519E-011
   1024   1056  7.888969429461690E-005  1.039030687888252E-004  1.701943156963344E-008  4.626710132829358E-011
   1024   1057 -3.997916279399775E-002  6.782219355570970E-002  6.198183396417124E-003  1.684968458078947E-005
   1024   1058 -5.878239947608677E-003 -1.482668176720198E-002  2.543841971075421E-004  6.971440822307471E-007
   1024   1059  6.475420031713622E-003  2.334206644192195E-002  5.867831303662170E-004  1.608089420418369E-006
   1024   1060 -8.520085089098298E-003 -5.773259108870874E-003  1.059223706636357E-004  2.914580248433157E-007
   1024   1061 -3.972690224534441E-003  5.788121296667963E-002  3.366017082114234E-003  9.453058792925724E-006
   1024   1062  4.449137629298523E-002 -3.184142268628985E-002  2.993358763130981E-003  8.488207437115169E-006
   1024   1063  7.422430037355011E-003 -3.905887974119507E-002  1.580688554296569E-003  4.482327832606928E-006
   1024   1064  3.726438695269520E-003  4.264568102242836E-002  1.832540455216308E-003  5.569604917748947E-006
   1024   1065 -3.496868017253937E-003 -9.430679839329972E-004  1.311746315241292E-005  3.988248425882767E-008
   1024   1066  8.246037900286444E-003  6.009734519802169E-003  1.041140500514623E-004  3.165495470364835E-007
   1024   1067 -2.617991580592174E-002  8.500234960645992E-004  6.861105315490128E-004  2.284254925688065E-006
   1024   1068  1.146940248825899E-002  2.645841168358731E-003  1.385476689258633E-004  4.871486294656092E-007
   1024   1069  1.065263801193083E-003  3.317209166458002E-002  1.101522452369431E-003  3.904503703776035E-006
   1024   1070 -3.558158051643474E-002  1.034494109995735E-002  1.373066678409115E-003  4.867031661662470E-006
   1024   1071 -1.122325197956831E-002  1.159992059488254E-002  2.605195428044640E-004  9.343022135527348E-007
   1024   1072  2.053611924853167E-002  1.425674856421101E-002  6.249870734130457E-004  2.241393927640280E-006
   1024   1073 -7.145923563309025E-003 -9.697044494669427E-004  5.200455029197113E-005  1.869997539404354E-007
   1024   1074 -4.973778541218802E-002 -2.057660459195524E-002  2.897243954242537E-003  1.061627127442255E-005
   1024   1075  4.975925984047391E-002  9.749026304909413E-003  2.571027453765616E-003  9.420929721734580E-006
   1024   1076  1.095192318085840E-003  3.885491717851679E-002  1.510904035162994E-003  5.541199585552621E-006
   1024   1077 -7.721378061487674E-003 -9.694619043520708E-003  1.536053175674175E-004  5.729618704314483E-007
   1024   1078  1.721728991282597E-002 -2.752781109100738E-003  3.040128757769206E-004  1.142185225924235E-006
   1024   1079 -7.901530670269772E-003 -1.601256424345852E-002  3.188364005841001E-004  1.197877702503683E-006
   1024   1080  3.717050047404118E-003  2.673886226145862E-002  7.287832160921633E-004  2.953140430391140E-006
   1024   1081  1.455991506868601E-002 -2.141729227850794E-002  6.706915353503859E-004  2.741173047836933E-006
   1024   1082 -4.631762433539307E-003  2.318820845742599E-002  5.591462347057884E-004  2.289766639443321E-006
   1024   1083  2.462960180115851E-002  2.975556804815028E-002  1.492011114751732E-003  6.109953360139695E-006
   1024   1084 -1.887269103352620E-002 -1.050007612160018E-002  4.664300654063383E-004  1.951139302744423E-006
   1024   1085  2.061791384036863E-004 -3.607261258003912E-003  1.305484362060885E-005  5.461015738080558E-008
   1024   1086  4.248287778561203E-003  4.008646130017012E-005  1.804955597385205E-005  7.582069454822728E-008
   1024   1087  1.325510599869568E-002 -8.201681872330287E-003  2.429654205715694E-004  1.026033190976162E-006
   1024   1088  2.592880981419137E-002  3.364713641300568E-003  6.836244762684609E-004  2.886918687573817E-006
