# Total number of k-points, k-point index, spin index Format : '(3i10)'
        27        20         1
# Cell volume (a.u.)^3. Format: '(a51, ES24.15E3)'   7.069336592516651E+004
# Total number of <f|i> elements, Initial States (bandI, bandF), Final States (bandI, bandF) Format : '(5i10)'
        64      1025      1088      1024      1024
# Final Band, Initial Band, Complex <f|i>, |<f|i>|^2, |dE*<f|i>|^2 (Hartree^2) Format : '(2i10,3ES24.15E3)'
   1024   1025 -5.040379370482355E-002  8.610980650171789E-003  2.614691407596043E-003  2.582600795600640E-006
   1024   1026 -8.640706838770422E-002  6.226786893327001E-003  7.504954342372304E-003  7.483399537416353E-006
   1024   1027  2.223174617156213E-002  1.689776095421245E-002  7.797848631024742E-004  8.104073820813128E-007
   1024   1028  3.859704521063622E-005  4.922428094405769E-005  3.912761733451417E-009  4.116993908052241E-012
   1024   1029  7.898193200748338E-003 -9.115857228414470E-002  8.372266756719983E-003  8.819254631380901E-006
   1024   1030  2.107356313981473E-002  3.713033490854812E-002  1.822756833828706E-003  2.399748779328734E-006
   1024   1031 -4.603664200789125E-002 -4.789528186774780E-002  4.413330432553749E-003  5.902981099248216E-006
   1024   1032 -1.449437373347198E-002 -9.829400145901324E-003  3.067039771538075E-004  4.228381639331415E-007
   1024   1033  6.393853363087112E-002  6.346364546633752E-002  8.115770378743021E-003  1.122421621966858E-005
   1024   1034  2.140443584867865E-002 -1.027105991527495E-002  5.636445457833677E-004  8.312890549663833E-007
   1024   1035  2.911748764765393E-002 -2.994279783736455E-004  8.479177440255122E-004  1.343034149021379E-006
   1024   1036 -4.078928832532391E-002 -6.859782887128985E-002  6.369428167941172E-003  1.051541236281381E-005
   1024   1037  1.066531289604938E-005  5.943395062125296E-005  3.646143385620172E-009  6.636992263598445E-012
   1024   1038  5.480769244695313E-002 -1.550794870130026E-002  3.244379624281963E-003  5.931028645248743E-006
   1024   1039  9.584611170088734E-004  3.707783820948895E-003  1.466630857570828E-005  2.774326148560021E-008
   1024   1040  4.845824322907997E-002 -4.705317224877305E-002  4.562202355521380E-003  8.664257223676107E-006
   1024   1041  2.821016405641173E-002  4.479836629649264E-003  8.158822923180114E-004  1.824859603643524E-006
   1024   1042 -1.620251137467585E-002 -6.651143042066203E-003  3.067590786125259E-004  6.885125880537968E-007
   1024   1043  3.258496004572474E-002  5.952523223671748E-002  4.605032894016627E-003  1.039441873606185E-005
   1024   1044 -5.683883547545907E-002  1.305553203280620E-003  3.232357687372901E-003  7.488000397752995E-006
   1024   1045  8.345810622746279E-005 -7.457293833080659E-005  1.252637862636474E-008  2.911235476384089E-011
   1024   1046  2.999706108794513E-002  5.240968695961774E-002  3.646598961119038E-003  8.515488300219919E-006
   1024   1047 -9.596876763784043E-004 -1.116837287840349E-002  1.256535531872512E-004  2.960533959136623E-007
   1024   1048  7.760734898589155E-005 -3.828124945532549E-002  1.465460082761475E-003  3.484264983599031E-006
   1024   1049 -2.607813474611821E-002  2.843182351016848E-002  1.488437699950067E-003  3.574898900106614E-006
   1024   1050 -3.291030987917284E-002  2.642503500363251E-002  1.781370971286385E-003  4.281322250510218E-006
   1024   1051  1.028396762144347E-002  9.488753214570420E-003  1.957964276059180E-004  4.730665533902479E-007
   1024   1052 -4.836247701871054E-003  2.735462825635392E-002  7.716649788771693E-004  1.875055080447347E-006
   1024   1053  3.169723638121923E-002 -1.883521922731001E-002  1.359480277547716E-003  3.319031116261428E-006
   1024   1054  4.833925181601961E-002 -1.495226435765186E-002  2.560253475553661E-003  6.264487291232544E-006
   1024   1055  4.530773455826631E-003 -4.890175834845232E-002  2.411909877678449E-003  6.156241828980698E-006
   1024   1056  1.308788009004723E-002  1.825341056890422E-002  5.044796026484391E-004  1.381809869371000E-006
   1024   1057  1.216548533856258E-002 -2.309937170643439E-002  6.815800067548028E-004  1.868163507584955E-006
   1024   1058  1.985075381897683E-005  4.181010600947159E-006  4.115332768268555E-010  1.142816212552310E-012
   1024   1059  1.472598458879530E-005 -3.911455180329378E-005  1.746802784881989E-009  4.887546280806440E-012
   1024   1060 -1.264333029540004E-002  5.541090002557231E-002  3.230221642602549E-003  9.118053169196449E-006
   1024   1061  1.817299668815990E-003 -2.935235726842985E-002  8.648634552998254E-004  2.451579112968167E-006
   1024   1062 -1.185618241010002E-002  3.331971943088086E-003  1.516710983710914E-004  4.488045187200602E-007
   1024   1063  2.734196467828860E-002 -4.185702423709547E-002  2.499593510453579E-003  7.451570257968737E-006
   1024   1064 -1.699042304443921E-002  5.171413356663321E-002  2.963026085776591E-003  9.380813853474727E-006
   1024   1065 -8.389486602159992E-003  1.160832485837573E-003  7.173101750799785E-005  2.306519670269679E-007
   1024   1066  9.873429506638800E-003 -2.664152475897026E-002  8.072554517053911E-004  2.727677479629093E-006
   1024   1067 -1.918238693595797E-002  8.330652013788062E-003  4.373637315356419E-004  1.478446865590772E-006
   1024   1068  5.552029967644535E-005  1.212507218626953E-004  1.778424122838698E-008  6.162907293314468E-011
   1024   1069  3.465232177111670E-005  9.747481292047437E-005  1.070212255801049E-008  3.734294149450081E-011
   1024   1070 -3.559582478529031E-003  2.252075816392054E-002  5.198551756992445E-004  1.814924038863259E-006
   1024   1071 -2.574762688937824E-002  4.770929309253644E-002  2.939116937824178E-003  1.029653620018163E-005
   1024   1072  1.370023994470738E-002  1.160489199688551E-002  3.223700928019329E-004  1.173655192511898E-006
   1024   1073  9.841712599346457E-003 -6.695062163894318E-003  1.416831642665441E-004  5.168534204049890E-007
   1024   1074  2.655951198653911E-002 -2.451593913621156E-002  1.306438948693544E-003  4.770981107947313E-006
   1024   1075  1.904735873976504E-002 -2.975335352797166E-002  1.248063921121767E-003  4.569326157780668E-006
   1024   1076  4.355875372956725E-002  3.178758375686146E-002  2.907815507572571E-003  1.068818135998742E-005
   1024   1077 -5.727563377566809E-004  1.408588864178981E-003  2.312172410729476E-006  8.555531585451218E-009
   1024   1078  1.415126315856946E-002 -4.232430616566961E-003  2.181717179071387E-004  8.104212712003849E-007
   1024   1079  3.334777808036494E-002 -3.704629255813801E-002  2.484502095200420E-003  9.307344014810073E-006
   1024   1080 -1.377042618905871E-002 -6.486211338218626E-003  2.316955749523499E-004  8.701446646035578E-007
   1024   1081  7.801665992323130E-003  1.048218632661966E-002  1.707422224417434E-004  6.545006767547912E-007
   1024   1082  1.828838406921595E-002  8.248426319278917E-003  4.025015286077250E-004  1.552034482731706E-006
   1024   1083 -2.422853243751714E-002 -4.783522489730883E-002  2.875230525051935E-003  1.114035165816111E-005
   1024   1084 -8.271717974775369E-003  1.018370212832807E-002  1.721291072927356E-004  6.674072760750310E-007
   1024   1085 -2.644582784016784E-003  3.579526361365384E-002  1.288294715272489E-003  5.183578670021192E-006
   1024   1086  4.130203060564372E-003  4.636762947077118E-003  3.855814794888259E-005  1.564952182465627E-007
   1024   1087  8.952727517754422E-005  1.594862772616719E-002  2.543667414808694E-004  1.048505905378140E-006
   1024   1088 -6.777518127426729E-003 -2.931803310038655E-002  9.054818168429593E-004  3.736327895843617E-006
