# Total number of k-points, k-point index, spin index Format : '(3i10)'
        27        21         1
# Cell volume (a.u.)^3. Format: '(a51, ES24.15E3)'   7.069336592516651E+004
# Total number of <f|i> elements, Initial States (bandI, bandF), Final States (bandI, bandF) Format : '(5i10)'
        64      1025      1088      1024      1024
# Final Band, Initial Band, Complex <f|i>, |<f|i>|^2, |dE*<f|i>|^2 (Hartree^2) Format : '(2i10,3ES24.15E3)'
   1024   1025  3.384193277747526E-003  3.732151494777753E-002  1.404348242138333E-003  1.387112405276682E-006
   1024   1026  7.769135803510960E-002  5.705774678947656E-002  9.291533582031612E-003  9.397935053525200E-006
   1024   1027 -4.987194007991563E-002  6.018311310745061E-002  6.109217510638890E-003  6.445633946340439E-006
   1024   1028  1.647153050968246E-002  1.130371500646330E-002  3.990852902787440E-004  4.241149559059917E-007
   1024   1029  7.389864930432662E-002 -5.100049300238838E-002  8.062060655490519E-003  8.612072698871071E-006
   1024   1030  1.388124214730996E-002  7.581536609396144E-002  5.940658619513653E-003  7.878569037883618E-006
   1024   1031  3.509411856314090E-002 -2.785709950787404E-002  2.007615150715387E-003  2.717712774075332E-006
   1024   1032  1.593311955242576E-002 -6.542445551029979E-002  4.534223677491089E-003  6.295955432709062E-006
   1024   1033  1.331319673552198E-002  4.371891296755463E-002  2.088584558383329E-003  2.927966521686897E-006
   1024   1034  5.790839347400370E-002 -1.673036710907290E-002  3.633287218344383E-003  5.439184401441003E-006
   1024   1035  2.418594651782128E-002 -1.811019938056234E-002  9.129393305666320E-004  1.460508563979798E-006
   1024   1036  3.767566149792865E-004 -2.669999898090424E-005  1.426584368762306E-007  2.345560448994093E-010
   1024   1037  2.016919322687274E-002  2.337462528123749E-002  9.531694624611964E-004  1.745070597016039E-006
   1024   1038 -5.138892920335572E-003 -3.848297003471120E-002  1.507347203139156E-003  2.769888764341850E-006
   1024   1039 -2.026993439437452E-002 -1.987724380931184E-002  8.059750618070730E-004  1.521990796865588E-006
   1024   1040 -6.366499363266867E-002 -2.946776798075143E-002  4.921580764015140E-003  9.460285116231869E-006
   1024   1041  3.256205166727499E-003 -3.061334548809873E-002  9.477797940615178E-004  2.131229505665845E-006
   1024   1042 -4.935638378996465E-002  3.011517725695905E-002  3.342976522040349E-003  7.544620023150813E-006
   1024   1043 -3.865326235501941E-003 -9.867261197483625E-003  1.123035904462256E-004  2.552105869165476E-007
   1024   1044  9.094609563242177E-003 -2.653224397853173E-003  8.975152281317937E-005  2.094319318858550E-007
   1024   1045  1.975035709909136E-003  2.823237626961704E-003  1.187143675370864E-005  2.782643106070987E-008
   1024   1046 -1.362380471171082E-002  5.651680783298724E-002  3.379757622453642E-003  7.959791872519355E-006
   1024   1047 -4.777412003534250E-002  1.034831585208749E-002  2.389454186125879E-003  5.660998127090340E-006
   1024   1048  2.733718310806460E-002 -2.548324876421014E-002  1.396717547862470E-003  3.338450216560911E-006
   1024   1049  2.616280858757715E-002 -4.575698368474745E-002  2.778194109116445E-003  6.708442722440509E-006
   1024   1050 -6.323087219933659E-003  7.072157078072874E-003  8.999683772782459E-005  2.182560455528080E-007
   1024   1051 -1.327413217807786E-002 -3.460702945134177E-002  1.373849072527119E-003  3.343913919931343E-006
   1024   1052  1.436967465950707E-003  8.532830103229564E-003  7.487406506878145E-005  1.824109094692516E-007
   1024   1053  6.497407247781156E-003 -4.487059257613456E-002  2.055586379076981E-003  5.039496854718802E-006
   1024   1054  1.047606236898888E-002 -2.932054535923544E-002  9.694422629219277E-004  2.387512348788574E-006
   1024   1055  6.047852372616607E-003  1.396754210728891E-002  2.316687508398531E-004  5.904588375986386E-007
   1024   1056  8.873699934348467E-003  1.165066238239467E-002  2.144804844734023E-004  5.907096854883579E-007
   1024   1057  2.904359093545470E-002  2.347492503788853E-002  1.394602279960512E-003  3.845464991462109E-006
   1024   1058 -7.851390275154929E-006 -4.754997973412129E-004  2.261617016007873E-007  6.331633546404630E-010
   1024   1059  2.255371987190226E-002  1.093225157436563E-002  6.281844045454584E-004  1.763215726354394E-006
   1024   1060  1.365079594090875E-002 -3.206888321947266E-003  1.966283625297727E-004  5.572614536394117E-007
   1024   1061  1.625432998495599E-003 -5.703711793687294E-002  3.255874854977351E-003  9.296878331209305E-006
   1024   1062 -1.372884010243148E-002 -5.450653500581627E-003  2.181906741415335E-004  6.473543949938936E-007
   1024   1063 -4.222210417726979E-002 -3.682322800162965E-002  3.138656201616226E-003  9.432766607406121E-006
   1024   1064  2.884036878544731E-002 -2.030465011013985E-002  1.244045687775805E-003  3.964280740289599E-006
   1024   1065  2.944568629176007E-002 -1.974276247584915E-002  1.256825111370544E-003  4.058014174554160E-006
   1024   1066 -1.094020308139385E-002 -5.058281994542605E-003  1.452742601984535E-004  4.937662522240002E-007
   1024   1067 -3.933142758147373E-002  1.208942259172831E-002  1.693115334198104E-003  5.763436959384170E-006
   1024   1068 -2.301826224318423E-003  8.209245077110136E-003  7.269010870301702E-005  2.536031889276920E-007
   1024   1069  2.334157325095482E-002 -9.622584748958012E-003  6.374231790805688E-004  2.234023643452171E-006
   1024   1070  2.397901728590045E-004  1.379745426337360E-003  1.961196768498615E-006  6.890359727542588E-009
   1024   1071 -2.445863280461557E-002 -4.768519343777695E-002  2.872102391869222E-003  1.014274614771093E-005
   1024   1072  3.011125441888869E-002 -5.692993851644444E-003  9.390978216739052E-004  3.430673400951002E-006
   1024   1073 -2.177686125670309E-002  1.757525369161978E-002  7.831212285184907E-004  2.873024092756329E-006
   1024   1074  2.095597929657875E-002  2.026420740281549E-002  8.497911699429596E-004  3.122331932843100E-006
   1024   1075  5.082989955080866E-003 -5.713534297807433E-003  5.848126105567486E-005  2.154369215677504E-007
   1024   1076 -3.454459993397736E-002  1.634007629523592E-002  1.460327477932679E-003  5.413529881026653E-006
   1024   1077  2.199301086481615E-002 -3.783579104613276E-003  4.980079977407872E-004  1.853302442254326E-006
   1024   1078 -1.548812209500064E-002 -2.862248768854058E-002  1.059128727510304E-003  3.963687260098821E-006
   1024   1079 -4.163451859475104E-002  4.379694701793575E-003  1.752614864297588E-003  6.591329802850200E-006
   1024   1080  2.072115549723521E-003 -8.584395059790782E-003  7.798550139396639E-005  2.946275684252103E-007
   1024   1081 -5.686516888292093E-003 -2.025305132468084E-002  4.425225622809876E-004  1.701607184707598E-006
   1024   1082  1.220229288533405E-002 -1.648340987884394E-003  1.516129796718138E-004  5.868391137474282E-007
   1024   1083 -3.342609446760363E-002  3.104872180025038E-002  2.081326916786505E-003  8.106800053398258E-006
   1024   1084  8.949983131010933E-003 -1.808292857679362E-002  4.070945039587997E-004  1.588098144365074E-006
   1024   1085 -2.875020055914711E-002  2.159278512135938E-002  1.292822401488381E-003  5.233684706453970E-006
   1024   1086 -9.966039631790023E-003  2.673424860972461E-003  1.064691464296750E-004  4.331735443107080E-007
   1024   1087  3.879605629244752E-003 -2.879408605969295E-003  2.334233375859760E-005  9.651719173193563E-008
   1024   1088  1.367609379234694E-002  2.228801116459624E-002  6.837909830902368E-004  2.832471921115637E-006
