# Total number of k-points, k-point index, spin index Format : '(3i10)'
        27        24         1
# Cell volume (a.u.)^3. Format: '(a51, ES24.15E3)'   7.069336592516651E+004
# Total number of <f|i> elements, Initial States (bandI, bandF), Final States (bandI, bandF) Format : '(5i10)'
        64      1025      1088      1024      1024
# Final Band, Initial Band, Complex <f|i>, |<f|i>|^2, |dE*<f|i>|^2 (Hartree^2) Format : '(2i10,3ES24.15E3)'
   1024   1025 -3.663285671319976E-003  1.250866677153350E-002  1.698864063109645E-004  1.678013576767813E-007
   1024   1026  1.657630836641268E-003 -3.081480526134238E-002  9.522999632850382E-004  9.423686928602907E-007
   1024   1027 -2.913678189208483E-002 -1.089277366200989E-001  1.271420386420456E-002  1.258255473070790E-005
   1024   1028 -2.215174430365749E-003 -3.865869577849486E-002  1.499401757051162E-003  1.578896534611300E-006
   1024   1029  2.398969003041385E-002 -6.224316095054265E-002  4.449716312870495E-003  4.777108483200874E-006
   1024   1030  4.398650882772275E-002  7.398267243031295E-002  7.408248778782318E-003  7.996524398357487E-006
   1024   1031 -2.988604254824870E-004 -4.972324232380189E-002  2.472490144745443E-003  3.614259278568153E-006
   1024   1032 -5.872922083375580E-002 -3.634563288668561E-002  4.770126409673778E-003  7.059318982854192E-006
   1024   1033 -7.345206212861392E-003 -1.421115658774783E-002  2.559090258709460E-004  3.793769315554353E-007
   1024   1034  2.060414137021505E-002  1.004959220590276E-002  5.255249451087487E-004  8.240306040140454E-007
   1024   1035 -1.804631999797736E-003 -1.371553823310185E-002  1.913726856783725E-004  3.001106852393693E-007
   1024   1036 -3.448974257073273E-003  2.549747949508040E-002  6.620168840279996E-004  1.041894231092950E-006
   1024   1037 -1.359075093390665E-002  1.336123339678102E-002  3.632310688307408E-004  5.772475649572672E-007
   1024   1038  4.476941290575446E-002  6.150416491494391E-002  5.787062633810552E-003  9.296897503054417E-006
   1024   1039 -3.600181764412517E-002  2.912266928836384E-002  2.144260740160253E-003  3.449042033134851E-006
   1024   1040  2.065365789982055E-002  4.261317488694385E-002  2.242456258588082E-003  3.650170378324002E-006
   1024   1041 -5.120117122921055E-002 -1.938733936560720E-002  2.997428862920161E-003  4.900574406183326E-006
   1024   1042 -2.623796504815724E-002 -4.729157020725824E-002  2.924923422536356E-003  4.817343662474742E-006
   1024   1043  6.505512939281564E-003 -7.250882039099368E-003  9.489698894809364E-005  1.661639465080823E-007
   1024   1044 -1.910163912110410E-003  1.994343433758543E-002  4.013892993487107E-004  7.082545305436532E-007
   1024   1045  2.064465286342407E-002  7.205715077982483E-002  5.618434670357694E-003  9.930944504444033E-006
   1024   1046  7.804706402793475E-003 -1.074046615887694E-002  1.762710553437863E-004  3.133601916034033E-007
   1024   1047 -1.403816216556047E-003  8.218427997335692E-003  6.951325871725688E-005  1.236805575195337E-007
   1024   1048 -1.266261088376998E-002  8.162646615772661E-003  2.269705141677549E-004  4.062422230288136E-007
   1024   1049  6.954490160747777E-003  2.496548690090825E-002  6.716404695953591E-004  1.231305841579118E-006
   1024   1050 -2.776482102068972E-002  6.761366489479696E-002  5.342492966816834E-003  9.878464666907781E-006
   1024   1051 -3.937299857380859E-002 -3.530993865228675E-002  2.797024784321387E-003  5.216370196058690E-006
   1024   1052  3.616506376723221E-002 -4.048402413055029E-002  2.946868047090950E-003  6.480651151698283E-006
   1024   1053 -3.762504389269911E-002  9.432179091697208E-003  1.504609930345384E-003  3.335460955017025E-006
   1024   1054 -3.031072916358751E-003  4.415625242260929E-002  1.958962031033473E-003  4.356506178814672E-006
   1024   1055 -1.140749948472894E-002 -1.765513533622643E-003  1.332480825314958E-004  3.559752992819968E-007
   1024   1056 -3.113930252946851E-004  2.397398891331851E-002  5.748491100321209E-004  1.550826447929267E-006
   1024   1057  3.782070486702650E-002 -5.083851753198787E-003  1.456251265287224E-003  3.933897124351680E-006
   1024   1058  3.844986463021216E-003 -2.182910586939063E-003  1.954901953138705E-005  5.334177758110767E-008
   1024   1059  3.270495845619385E-002 -3.432705920422341E-002  2.247961301231624E-003  6.156244650258700E-006
   1024   1060  9.623992660019847E-003  4.016398465661433E-003  1.087526913550834E-004  2.984137684433477E-007
   1024   1061 -3.517480107930152E-002 -4.820383971367467E-002  3.560876794110071E-003  9.858767342949110E-006
   1024   1062  1.649302250914600E-004 -6.200992393401468E-003  3.847950864217159E-005  1.078963284027291E-007
   1024   1063  4.880170531159130E-002 -7.093222331443138E-004  2.382109579349831E-003  6.721291044957215E-006
   1024   1064  4.049733877919086E-002  4.821555543636580E-003  1.663281846056928E-003  5.016699461605384E-006
   1024   1065  1.218223144448839E-002  3.372195736768368E-002  1.285577171674957E-003  3.900158569418784E-006
   1024   1066  2.479982459450176E-002  7.868833818455406E-003  6.769498455805218E-004  2.054436322093143E-006
   1024   1067 -1.039497509657687E-002  2.626962559123801E-002  7.981487359622804E-004  2.632831502905867E-006
   1024   1068 -1.291741578537465E-002 -1.971894312135551E-002  5.556963483955001E-004  1.947311442037232E-006
   1024   1069  1.804361143867925E-002  8.467741268545844E-003  3.972745559410709E-004  1.405672355347619E-006
   1024   1070  1.116697001142323E-003  2.703345011148820E-002  7.320544371226819E-004  2.591319884508531E-006
   1024   1071  3.720009298592306E-003  2.191495890581214E-003  1.864112342004757E-005  6.654832277756210E-008
   1024   1072  4.261568562377065E-002 -9.576922244918398E-003  1.907814100869265E-003  6.831152051674134E-006
   1024   1073 -8.135526503972262E-003 -7.752380830708260E-004  6.678778558227846E-005  2.397135866702831E-007
   1024   1074 -1.898482608613565E-002 -4.058594606573732E-002  2.007642639571755E-003  7.281356966067655E-006
   1024   1075  1.046775399190587E-002 -1.254856331947823E-003  1.111485380488908E-004  4.032563576484578E-007
   1024   1076  2.966448108613279E-002  3.490198013203764E-002  2.098129655246680E-003  7.654421396336580E-006
   1024   1077 -3.301447886199089E-002 -7.643915886948099E-003  1.148385264615581E-003  4.280344854232030E-006
   1024   1078  1.172459463982785E-002 -7.126538254703232E-003  1.882536669640286E-004  7.049373457654715E-007
   1024   1079 -2.236993327916592E-002  2.088217588897225E-002  9.364791847723090E-004  3.512191935447833E-006
   1024   1080 -2.145404839390518E-002  1.172512529321020E-002  5.977547556295028E-004  2.407139830362360E-006
   1024   1081 -1.569586222109836E-003 -2.030668751411600E-002  4.148251587045915E-004  1.690863201100537E-006
   1024   1082  2.941595425211854E-002 -1.980525630932592E-002  1.257546542040825E-003  5.142880969596180E-006
   1024   1083 -1.847624829789774E-002 -2.000815432520975E-002  7.416979906669788E-004  3.033472656294336E-006
   1024   1084  2.372146334994695E-002 -2.957551203425949E-002  1.437418735551504E-003  5.979637337617302E-006
   1024   1085  1.958174398037651E-002  6.307561119574414E-003  4.232300245901786E-004  1.767192833561916E-006
   1024   1086 -1.469089439255172E-002 -2.462806089763508E-003  2.218877918888837E-004  9.278448002256878E-007
   1024   1087  2.842125044832491E-002  1.692102399349828E-002  1.094088530034954E-003  4.607732481330372E-006
   1024   1088 -1.482656957900392E-002 -2.442385380641701E-002  8.163518002382750E-004  3.444262741516805E-006
