# Total number of k-points, k-point index, spin index Format : '(3i10)'
        27        18         1
# Cell volume (a.u.)^3. Format: '(a51, ES24.15E3)'   7.069336592516651E+004
# Total number of <f|i> elements, Initial States (bandI, bandF), Final States (bandI, bandF) Format : '(5i10)'
        64      1025      1088      1024      1024
# Final Band, Initial Band, Complex <f|i>, |<f|i>|^2, |dE*<f|i>|^2 (Hartree^2) Format : '(2i10,3ES24.15E3)'
   1024   1025 -2.932562904720851E-002  1.037781743559284E-003  8.610695099617443E-004  8.505014377735775E-007
   1024   1026  3.793283883095153E-003  1.561195772359658E-002  2.581222265811165E-004  2.554302495837286E-007
   1024   1027 -1.117427623536098E-001  1.543371726100580E-002  1.272464456690799E-002  1.259288294142913E-005
   1024   1028  3.717841204342870E-002 -1.559223972613437E-002  1.625352261748207E-003  1.711524413435241E-006
   1024   1029  2.866963040239444E-002 -3.651067169565627E-002  2.154976855077895E-003  2.313531324845545E-006
   1024   1030  9.736899614995996E-002 -9.581654029302295E-003  9.572529505188162E-003  1.033266595510303E-005
   1024   1031 -1.732885319612835E-002  3.088256727680923E-002  1.254022114699616E-003  1.833115699980856E-006
   1024   1032  3.727098840912527E-002 -4.346953165093165E-002  3.278726758944499E-003  4.852193255392664E-006
   1024   1033 -7.418112064929796E-003  5.396553785358583E-002  2.967307662434662E-003  4.398937856076547E-006
   1024   1034 -6.707431420079088E-003 -8.174308922058544E-003  1.118089626083101E-004  1.753181464169434E-007
   1024   1035  1.269826833636597E-002  1.950115374610650E-002  5.415410161716379E-004  8.492445788350103E-007
   1024   1036  2.625744965904386E-002  5.843900364863940E-003  7.236048340716793E-004  1.138822400812530E-006
   1024   1037  1.134671167260965E-002 -1.944332457679374E-002  5.067907363798875E-004  8.053927786861819E-007
   1024   1038  2.537757508536050E-003  1.284150042973961E-002  1.713443464591338E-004  2.752640053081921E-007
   1024   1039 -8.535975131023237E-002  1.821550994473990E-002  7.618091946291636E-003  1.225369211524741E-005
   1024   1040 -7.888022575566093E-002  2.506807188565195E-002  6.850498243328250E-003  1.115093533051960E-005
   1024   1041  6.461409296435762E-003  1.512009501156828E-002  2.703670832549184E-004  4.420301820504103E-007
   1024   1042 -7.201381873504298E-003 -3.149007078327457E-002  1.043484458823679E-003  1.718617195523871E-006
   1024   1043 -1.706916441791699E-002  4.453305960880669E-003  3.111883079070986E-004  5.448885994023145E-007
   1024   1044 -9.845507701864469E-003 -9.246100940042051E-003  1.824244045009191E-004  3.218892128920163E-007
   1024   1045  1.985017828987990E-003  7.494903968200774E-002  5.621298845036571E-003  9.936007936635726E-006
   1024   1046  1.991101682936423E-003 -6.046674340362672E-003  4.052675649019261E-005  7.204515996090365E-008
   1024   1047  1.292127579516089E-002 -9.855450929863862E-004  1.679306673049202E-004  2.987884521115913E-007
   1024   1048  1.306591082739627E-002 -9.724418046232204E-003  2.652823320873577E-004  4.748143940589138E-007
   1024   1049 -1.528507190004198E-002 -1.733099623226654E-002  5.339968533922901E-004  9.789662143407388E-007
   1024   1050  2.648948630970687E-003  3.780637804661806E-003  2.131015105955952E-005  3.940324953613485E-008
   1024   1051 -8.577280974777840E-002  2.980077268745164E-002  8.245060944797754E-003  1.537678710945453E-005
   1024   1052 -1.358796592850966E-002 -1.112640122360763E-002  3.084296222630368E-004  6.782877725932642E-007
   1024   1053 -7.026155778228446E-002 -2.322532001641053E-003  4.942080656891946E-003  1.095574010420458E-005
   1024   1054 -4.662618861369388E-003 -3.378407881406132E-002  1.163103995961104E-003  2.586609113759667E-006
   1024   1055  1.454487089440072E-002  3.595217662761803E-003  2.244788593774196E-004  5.997004201732241E-007
   1024   1056 -1.946638508841478E-002 -1.025922819287369E-002  4.841919115239117E-004  1.306251945155657E-006
   1024   1057 -3.621450176097618E-002  1.190361506138731E-002  1.453186189325434E-003  3.925617127450711E-006
   1024   1058 -1.883375312116877E-002  2.999798526404550E-004  3.548002445411246E-004  9.681141634084216E-007
   1024   1059  1.102543318098548E-002 -2.461616585386920E-003  1.276197330418276E-004  3.494980893396117E-007
   1024   1060 -9.931707537431595E-003 -3.196402225193836E-003  1.088558017942997E-004  2.986966620753275E-007
   1024   1061  3.275435715086966E-002 -3.669224488330575E-002  2.419168746943204E-003  6.697793387770500E-006
   1024   1062 -3.424369843050697E-002 -4.126016992838775E-003  1.189654898424700E-003  3.335785237545414E-006
   1024   1063  2.709812050741281E-002 -5.847967766608663E-002  4.154180834963658E-003  1.172130994226801E-005
   1024   1064  2.038501985990901E-002  3.661886538434079E-003  4.289584477092494E-004  1.293800873208122E-006
   1024   1065 -5.342881583161729E-002 -1.694271808103975E-003  2.857508918128614E-003  8.669053305014865E-006
   1024   1066  2.107236383665908E-003  1.839856222107310E-002  3.429475369793437E-004  1.040791799004332E-006
   1024   1067  2.201398712396733E-003  2.821161765643414E-002  8.007415270837689E-004  2.641384043949122E-006
   1024   1068 -2.999888541081432E-002  1.094297576079971E-002  1.019681844392618E-003  3.573242844809498E-006
   1024   1069 -4.082590100884342E-004 -4.992115278833770E-003  2.508789037648396E-005  8.876820370252273E-008
   1024   1070  2.367562518595918E-002 -9.385069935156053E-003  6.486147656337949E-004  2.295960466938458E-006
   1024   1071 -1.602430214160842E-002 -7.635900797949870E-003  3.150852401216875E-004  1.124846345170732E-006
   1024   1072  5.000596234930810E-003  9.476098069713900E-003  1.148023973316397E-004  4.110634637239904E-007
   1024   1073  3.635538533902500E-003 -1.000371576942421E-002  1.132914696269166E-004  4.066238070868942E-007
   1024   1074  3.111684033450542E-002  3.823548005685187E-002  2.430209687581020E-003  8.813930909495275E-006
   1024   1075  2.820711750443332E-002  4.231856206292593E-004  7.958205639784160E-004  2.887304713124157E-006
   1024   1076  4.628764194362259E-002  1.711968397269851E-002  2.435629376026079E-003  8.885688891275453E-006
   1024   1077 -2.774640191844139E-002 -2.239547221220330E-002  1.271419995027258E-003  4.738928390088447E-006
   1024   1078 -2.576767279089947E-002 -2.524894017865343E-003  6.703480508603129E-004  2.510194659955656E-006
   1024   1079  4.281851793350690E-004  1.816919586104293E-002  3.303030207847416E-004  1.238775514716213E-006
   1024   1080 -1.094953256623206E-002  2.192561166222076E-002  6.006247101814871E-004  2.418696876280075E-006
   1024   1081  1.697080558482768E-002  4.166392882542136E-002  2.023891207367795E-003  8.249555032167877E-006
   1024   1082 -1.549936766933155E-002  6.536958740004807E-003  2.829622277176454E-004  1.157206433257381E-006
   1024   1083 -9.296325907700848E-003  4.860278012029145E-003  1.100439777364040E-004  4.500691479992557E-007
   1024   1084  3.977633828692143E-002  1.503605502797651E-002  1.808240038319949E-003  7.522247026947532E-006
   1024   1085  8.280206787955858E-004 -1.393273284455385E-002  1.948066627622228E-004  8.134133098982490E-007
   1024   1086  6.970702093987600E-003 -5.756250036101078E-003  8.172510216123677E-005  3.417412279264655E-007
   1024   1087  1.828760265643465E-002  2.790318458545199E-002  1.113024120929441E-003  4.687479134709658E-006
   1024   1088  1.798672078352447E-002 -2.268194995608689E-002  8.379929783549012E-004  3.535568747088191E-006
