# Total number of k-points, k-point index, spin index Format : '(3i10)'
        27        27         1
# Cell volume (a.u.)^3. Format: '(a51, ES24.15E3)'   7.069336592516651E+004
# Total number of <f|i> elements, Initial States (bandI, bandF), Final States (bandI, bandF) Format : '(5i10)'
        64      1025      1088      1024      1024
# Final Band, Initial Band, Complex <f|i>, |<f|i>|^2, |dE*<f|i>|^2 (Hartree^2) Format : '(2i10,3ES24.15E3)'
   1024   1025  2.926691016926795E-002 -1.406707323612744E-002  1.054434580286573E-003  1.041493301291962E-006
   1024   1026  1.501004558755438E-003 -8.061878670257903E-003  6.724690237936393E-005  6.654558246752486E-008
   1024   1027 -1.093151958427387E-002 -1.123195000701548E-001  1.273516821643086E-002  1.260329935852611E-005
   1024   1028 -1.450303962743281E-002 -8.718563939764536E-002  7.811673875611137E-003  8.225828185629503E-006
   1024   1029  2.791833388741661E-002  1.978923731852189E-002  1.171047280698054E-003  1.257208062907329E-006
   1024   1030  5.085106876127055E-002 -4.238130106475090E-002  4.382005874104521E-003  4.729972150288502E-006
   1024   1031 -2.543415618744166E-002 -5.628540647213259E-002  3.814943282700362E-003  5.576642441904514E-006
   1024   1032 -1.512354522291947E-002 -1.715487684435263E-002  5.230114196545964E-004  7.740055137550777E-007
   1024   1033  4.112789887908981E-002 -3.859669296630583E-002  3.181208774143919E-003  4.716039320970290E-006
   1024   1034 -9.219283324695031E-003  1.459693117967043E-002  2.980655848850346E-004  4.673708417813598E-007
   1024   1035 -1.264446660982964E-002 -9.144057546834460E-003  2.434963242669169E-004  3.818509319477626E-007
   1024   1036 -2.722414358662748E-002 -9.446682856348945E-003  8.303938110137474E-004  1.306888529787282E-006
   1024   1037  1.671407533110458E-002  2.488774355800896E-002  8.987600935830549E-004  1.428311124654613E-006
   1024   1038  4.690898832622412E-002  3.450627124717367E-002  3.391135941173355E-003  5.447849313771426E-006
   1024   1039 -3.624629166017695E-002 -5.173797634333262E-002  3.990611855217859E-003  6.418896139458217E-006
   1024   1040  3.932948693075240E-002 -4.505336118824714E-002  3.576613896594877E-003  5.821851233680415E-006
   1024   1041  5.025625811295224E-002  4.240391744486428E-002  4.323783694186544E-003  7.069063227276964E-006
   1024   1042  1.319907904556606E-002  9.819552556500598E-003  2.706393000609786E-004  4.457424069677913E-007
   1024   1043 -1.457899910351250E-003  4.478138239133787E-003  2.217919423739444E-005  3.883560440300356E-008
   1024   1044 -1.336308955419122E-002  1.708558164207973E-002  4.704892624815061E-004  8.301817514491513E-007
   1024   1045 -6.569878759385527E-003  7.473920862414343E-002  5.629112612676261E-003  9.949815086119143E-006
   1024   1046 -2.066638753426957E-003 -1.037234606494115E-002  1.118565586280663E-004  1.988493564215424E-007
   1024   1047  8.396452356721987E-003  2.229493238656099E-003  7.547105227991547E-005  1.342808479198169E-007
   1024   1048  8.657453942439344E-003  1.433694756533682E-002  2.804995742566759E-004  5.020508501704274E-007
   1024   1049 -3.345705764094582E-002  3.767201709187510E-003  1.133566514707276E-003  2.078146063752581E-006
   1024   1050 -2.320339644206481E-003  5.827728473749503E-002  3.401625892439547E-003  6.289730372176884E-006
   1024   1051 -4.333763187630644E-002 -4.881193266708560E-002  4.260755107342351E-003  7.946184285857778E-006
   1024   1052 -3.180182573881742E-002 -2.018694644128355E-002  1.418868926945361E-003  3.120327517413074E-006
   1024   1053  1.078638384236813E-002 -6.004958406366755E-002  3.722298622614376E-003  8.251693908411470E-006
   1024   1054  3.382233450865631E-002  1.173834528882128E-002  1.281739061735036E-003  2.850439935104576E-006
   1024   1055  2.162359094069404E-002  9.725356262201846E-003  5.621622395972141E-004  1.501828995178061E-006
   1024   1056  4.854670563921830E-003  1.115018356177373E-002  1.478944197454581E-004  3.989890868376023E-007
   1024   1057 -2.677286262738072E-002 -2.701337425091136E-002  1.446508561684401E-003  3.907577671348243E-006
   1024   1058 -1.486860741545678E-002  1.178719761143819E-002  3.600135140060706E-004  9.823385002068366E-007
   1024   1059 -5.067118102777861E-002  7.664473829706519E-003  2.626312745836167E-003  7.192393059472487E-006
   1024   1060 -2.057251067169321E-003 -3.580467183549116E-003  1.705202720584145E-005  4.679018676132191E-008
   1024   1061  3.832521093373600E-002 -1.894083659957627E-002  1.827577084207206E-003  5.059893358062887E-006
   1024   1062  3.353706353439926E-003 -3.281688158867140E-002  1.088195063509983E-003  3.051292783737424E-006
   1024   1063 -2.371983760259512E-002  4.309638516117918E-002  2.419929109854191E-003  6.828001773573880E-006
   1024   1064 -3.119303029925096E-002 -8.392926514070378E-003  1.043446354720574E-003  3.147185234830009E-006
   1024   1065 -1.326712289423786E-002 -4.267618080821643E-002  1.997272958266391E-003  6.059286462918850E-006
   1024   1066 -2.412205776052009E-002 -5.208609001454615E-003  6.090032783319014E-004  1.848229009687315E-006
   1024   1067  4.956597567709896E-004  2.834131066012322E-002  8.034755685280965E-004  2.650402765030679E-006
   1024   1068 -1.725797413076179E-002  2.384988777081560E-002  8.666548177785426E-004  3.036994205111920E-006
   1024   1069 -1.447841744897131E-003  6.427028574412089E-003  4.340294201457626E-005  1.535721613439717E-007
   1024   1070 -1.285451490749685E-002 -2.486008301298717E-002  7.832622809196722E-004  2.772584725257243E-006
   1024   1071 -1.611039212421616E-002  1.025653328240368E-002  3.647412093690605E-004  1.302116215710595E-006
   1024   1072 -5.269442350537175E-004 -4.341056909700308E-002  1.884755179552535E-003  6.748585789861803E-006
   1024   1073  1.271465555069478E-002  3.201824131314300E-003  1.719141435406802E-004  6.170312689688298E-007
   1024   1074 -3.056079658452809E-002 -2.742178280800333E-002  1.685916460250211E-003  6.114513729060163E-006
   1024   1075  3.338307859667503E-002 -1.583187312720068E-002  1.365078143307562E-003  4.952619105623987E-006
   1024   1076 -2.641227532148988E-002 -4.732521362305758E-003  7.200050461028638E-004  2.626730730942883E-006
   1024   1077 -2.260288679072983E-002 -2.547272901356383E-002  1.159750414673006E-003  4.322705469880888E-006
   1024   1078  4.975466813979957E-003  2.814969488269789E-003  3.267932323690574E-005  1.223714465676115E-007
   1024   1079  1.583783228103987E-002 -2.883442292935039E-002  1.082260877030996E-003  4.058934174912075E-006
   1024   1080 -2.022460712404265E-002  1.388072496208154E-002  6.017092587948302E-004  2.423064289122895E-006
   1024   1081 -3.510515742943451E-002  1.777214751376360E-002  1.548221305396355E-003  6.310683255415118E-006
   1024   1082  2.601879840432675E-002  7.261626932139931E-003  7.297090961065762E-004  2.984228831550998E-006
   1024   1083  9.980045440698193E-003 -5.876775163185805E-003  1.341377933170383E-004  5.486104709959135E-007
   1024   1084 -2.517415325942111E-002 -2.850648950674759E-002  1.446357936327133E-003  6.016823524820451E-006
   1024   1085  1.416029923261535E-003  6.560045990141147E-003  4.503934413633901E-005  1.880613267360190E-007
   1024   1086  1.995469457313333E-002 -1.412811186850835E-002  5.977933804761236E-004  2.499729351887976E-006
   1024   1087 -8.213880402015365E-003  2.634560190506511E-002  7.615585709987825E-004  3.207288676569669E-006
   1024   1088 -1.036580892027651E-002  1.946109637330743E-002  4.861842666228439E-004  2.051255519728195E-006
