# Total number of k-points, k-point index, spin index Format : '(3i10)'
        27        26         1
# Cell volume (a.u.)^3. Format: '(a51, ES24.15E3)'   7.069336592516651E+004
# Total number of <f|i> elements, Initial States (bandI, bandF), Final States (bandI, bandF) Format : '(5i10)'
        64      1025      1088      1024      1024
# Final Band, Initial Band, Complex <f|i>, |<f|i>|^2, |dE*<f|i>|^2 (Hartree^2) Format : '(2i10,3ES24.15E3)'
   1024   1025 -4.803583167738879E-005  2.320114124446296E-005  2.845734079983949E-009  2.810807836704318E-012
   1024   1026 -1.982953451946187E-005  4.578870962992124E-005  2.489816368831773E-009  2.479652869697033E-012
   1024   1027 -1.416757907601505E-002  6.420414977541691E-002  4.322893145259308E-003  4.305247857474879E-006
   1024   1028  9.064238497287169E-003 -4.831537815948287E-002  2.416536186229537E-003  2.578884257309755E-006
   1024   1029 -2.431112226534495E-002  3.389776836852907E-002  1.740089366167001E-003  1.882129449070233E-006
   1024   1030  5.924886219800026E-002 -2.076324347853729E-002  3.941539951506645E-003  4.263280575354901E-006
   1024   1031  1.873149153968445E-002  8.252835083023465E-003  4.189780622088530E-004  6.171870793879366E-007
   1024   1032  2.225812460309674E-002  1.514834800478271E-002  7.248965581209850E-004  1.081410419541143E-006
   1024   1033 -2.876204463854126E-003  2.473895515712483E-002  6.202884543841276E-004  9.253547124589426E-007
   1024   1034 -1.400171671443348E-004 -2.075860988608146E-005  2.003572697952712E-008  3.162262722887677E-011
   1024   1035 -1.134510008485516E-004  5.877145248120573E-005  1.632521322028868E-008  2.576629446448549E-011
   1024   1036 -8.942448080532362E-005 -1.094118730264539E-004  1.996769572645856E-008  3.159422397635737E-011
   1024   1037  1.164942977870169E-002 -7.601564353785693E-003  1.934929947936471E-004  3.072982329150328E-007
   1024   1038 -1.730442145530691E-002  6.611946242358756E-002  4.671226313087092E-003  7.545496374057431E-006
   1024   1039 -8.790425766303001E-002 -8.431089393906518E-002  1.483548535209267E-002  2.396396936826553E-005
   1024   1040 -4.170113113293920E-002  3.385606979439908E-002  2.885217799689813E-003  4.755250071796857E-006
   1024   1041  2.679726148395005E-002 -3.664812378083889E-002  2.061178199694882E-003  3.408498334161985E-006
   1024   1042  2.472287947339407E-002  6.118156597173427E-002  4.354404784209642E-003  7.200729291730956E-006
   1024   1043  5.519587629935096E-005 -3.744879764112778E-005  4.448997205219391E-009  7.798208135256450E-012
   1024   1044  3.135203709706396E-005  2.394030747637855E-005  1.556088552199221E-009  2.752940828143766E-012
   1024   1045  2.979855281051224E-002  3.798674838557689E-002  2.330946802510015E-003  4.123775204757431E-006
   1024   1046 -4.913181113252311E-006 -2.290894547133524E-005  5.489591312602304E-010  9.819703264234759E-013
   1024   1047 -1.558152056344601E-004 -2.130861937287421E-005  2.473243556648712E-008  4.424985277637449E-011
   1024   1048 -2.068236058321498E-005 -7.773825229451408E-005  6.470995909099649E-009  1.157754112459764E-011
   1024   1049 -1.516885445572328E-002 -9.968947105444517E-004  2.310879445628276E-004  4.319322231922287E-007
   1024   1050 -6.545532916798877E-002  2.580568811485917E-003  4.291059451880575E-003  8.020531419196999E-006
   1024   1051 -1.095518834527891E-001  4.085574122627504E-002  1.367080675920185E-002  2.583620731025413E-005
   1024   1052 -3.815211511678195E-002  5.708805181099329E-002  4.714629547458837E-003  1.050305729340723E-005
   1024   1053 -4.147515066157067E-003 -3.469291341474122E-003  2.923786363602718E-005  6.519054138314228E-008
   1024   1054  1.155738421984714E-002  8.462877650424564E-003  2.051934281312273E-004  4.575119272753168E-007
   1024   1055  4.764228258450363E-005  1.205821602079283E-005  2.415187663465803E-009  6.552396540346268E-012
   1024   1056 -1.815143581052835E-005 -5.083002688187272E-005  2.913166254795634E-009  7.919404226385590E-012
   1024   1057  1.057636888077245E-002 -7.806960501736680E-002  6.206722806269836E-003  1.687289886030697E-005
   1024   1058  1.034664612148730E-002  1.220623384745494E-002  2.560452307020429E-004  7.016961721695086E-007
   1024   1059 -7.278517550823106E-003  2.307976487993541E-002  5.856523646507398E-004  1.604990537309808E-006
   1024   1060 -9.330859985254070E-003 -4.116997160412276E-003  1.040146136832583E-004  2.862086041822181E-007
   1024   1061  1.557301994922579E-002 -5.592189300206103E-002  3.369777067272946E-003  9.463618264953213E-006
   1024   1062  4.105968082216427E-002 -3.607609679938961E-002  2.987382149496933E-003  8.471259673961877E-006
   1024   1063 -2.690474845980913E-002 -2.932855974488217E-002  1.584029906394725E-003  4.491802839915342E-006
   1024   1064 -3.511790467048360E-002 -2.426457395486944E-002  1.822036777656503E-003  5.537681293129219E-006
   1024   1065  3.751018157268267E-003  1.029672994952292E-003  1.513036369269025E-005  4.600252997374168E-008
   1024   1066  8.708143022086955E-003 -5.208230426627953E-003  1.029574190699749E-004  3.130329130071817E-007
   1024   1067 -2.071866673096881E-002 -1.575244767949835E-002  6.774027590042867E-004  2.255264301848405E-006
   1024   1068  3.040262949919877E-002  2.688609155933654E-002  1.647181799802579E-003  5.791669845197303E-006
   1024   1069 -2.497015210863598E-004 -7.342742920106687E-003  5.397822444040972E-005  1.913335282492972E-007
   1024   1070 -2.852922141833193E-002  9.600618619598609E-003  9.060883526151926E-004  3.211760047499981E-006
   1024   1071 -1.352102052826360E-002 -8.782758875138248E-003  2.599548495845455E-004  9.322770521427654E-007
   1024   1072  2.348113758660793E-002 -8.678541385864403E-003  6.266809029473729E-004  2.247468516053256E-006
   1024   1073  6.563299177919972E-003 -2.889771208859261E-003  5.142767373843689E-005  1.849254013545211E-007
   1024   1074 -4.580770256174824E-002  2.808354008127627E-002  2.887030837482247E-003  1.057884770249945E-005
   1024   1075  4.522156649895095E-002  2.311530767130791E-002  2.579307525358269E-003  9.451270110705207E-006
   1024   1076 -2.908657869917059E-002  2.575050169030573E-002  1.509117397725483E-003  5.534647141525045E-006
   1024   1077  1.111984762145527E-002 -1.728100421249908E-003  1.266373421903086E-004  4.723688580366214E-007
   1024   1078  1.873924952671522E-002 -5.109870058250910E-003  3.772702448367056E-004  1.417415294569825E-006
   1024   1079  4.743814629127813E-004  1.625560404835263E-002  2.644697007491736E-004  9.936204176850897E-007
   1024   1080  2.018127020790403E-002  1.824203466406897E-002  7.400554958895283E-004  2.998817422441009E-006
   1024   1081  7.059531206156796E-004 -6.391217843681791E-003  4.134603533390354E-005  1.689847444294189E-007
   1024   1082  3.490734865518026E-002 -1.168536087617802E-002  1.355070648940827E-003  5.549166521340280E-006
   1024   1083 -2.526335773840744E-003  3.635836090178159E-002  1.328312779906388E-003  5.439590263573400E-006
   1024   1084 -1.113793929191798E-002  1.830214039290836E-002  4.590220346321784E-004  1.920150519897856E-006
   1024   1085  3.784780727759188E-003  1.456820630048972E-003  1.644689150535365E-005  6.879954748139194E-008
   1024   1086  3.412358955552199E-003  2.208885856549189E-003  1.652337036880034E-005  6.940965303644915E-008
   1024   1087  3.348111968603590E-003  2.614864120252183E-002  6.949612904925290E-004  2.934793555471199E-006
   1024   1088 -1.476817394394373E-002 -4.876707891321906E-003  2.418812414958598E-004  1.021454761300872E-006
