# Total number of k-points, k-point index, spin index Format : '(3i10)'
        27        23         1
# Cell volume (a.u.)^3. Format: '(a51, ES24.15E3)'   7.069336592516651E+004
# Total number of <f|i> elements, Initial States (bandI, bandF), Final States (bandI, bandF) Format : '(5i10)'
        64      1025      1088      1024      1024
# Final Band, Initial Band, Complex <f|i>, |<f|i>|^2, |dE*<f|i>|^2 (Hartree^2) Format : '(2i10,3ES24.15E3)'
   1024   1025  2.883834445546792E-002  3.975350856792050E-003  8.474535253668147E-004  8.370525647839800E-007
   1024   1026 -1.276092230457481E-002  1.037935771262066E-002  2.705722045899330E-004  2.677503857598446E-007
   1024   1027  3.195344848054597E-002  1.081682846625185E-001  1.272140067663053E-002  1.258967264037135E-005
   1024   1028 -4.856585206656312E-002  4.013981550643320E-002  3.969846775841788E-003  4.180318220280816E-006
   1024   1029  3.225077216735237E-002  5.402104493238509E-002  3.958385600977238E-003  4.249627582843824E-006
   1024   1030 -5.008930809091591E-002 -5.409979318126472E-002  5.435726407282311E-003  5.867367153191683E-006
   1024   1031 -4.317923891343205E-002  5.962628747991944E-003  1.899999614729624E-003  2.777398486344153E-006
   1024   1032 -6.000306097207297E-002  2.939277762743716E-002  4.464302702674275E-003  6.606729092387017E-006
   1024   1033  2.353056921830823E-002 -2.417497501652582E-002  1.138117104787243E-003  1.687221881380767E-006
   1024   1034 -7.049796652030290E-003 -7.836588875444561E-003  1.111117580377189E-004  1.742249190756844E-007
   1024   1035  6.204767645793610E-003  2.054135855757254E-002  4.604465529290459E-004  7.220722479874354E-007
   1024   1036  2.822297694163314E-002  1.836305223357876E-003  7.999084443212876E-004  1.258910405457275E-006
   1024   1037 -2.556922698257330E-004  2.250404727321208E-002  5.064975222118129E-004  8.049268022611110E-007
   1024   1038  1.937814399558941E-003 -1.302801310692517E-002  1.734842501613521E-004  2.787017520113590E-007
   1024   1039  8.669600255313992E-002 -9.470848204051033E-003  7.605893824398220E-003  1.223407145007557E-005
   1024   1040 -2.633747846089359E-002 -7.497798902490894E-002  6.315361609897400E-003  1.027986379987813E-005
   1024   1041 -2.720239857185699E-002  2.728482540589381E-002  1.484432185492276E-003  2.426936819606951E-006
   1024   1042  1.910575113987550E-002  8.506689974945805E-004  3.657533643621526E-004  6.023951923720085E-007
   1024   1043  7.218619532059166E-003 -8.666433407898534E-003  1.272155359621659E-004  2.227535336300035E-007
   1024   1044  8.030978257583718E-003  1.735663131766631E-002  3.657492624711773E-004  6.453672826419726E-007
   1024   1045 -1.059209672442406E-002  7.422726648583661E-002  5.621879602978958E-003  9.937034463168051E-006
   1024   1046  5.873452951535948E-003  2.402247481424114E-003  4.026824253591484E-005  7.158559494834971E-008
   1024   1047 -3.768650238767996E-003 -1.241961353370028E-002  1.684495249486372E-004  2.997116227865793E-007
   1024   1048  1.057472211550181E-002  1.232388772544269E-002  2.637029564894001E-004  4.719875557481963E-007
   1024   1049  1.465098504637700E-002  1.797972183867008E-002  5.379217602251123E-004  9.861616708847264E-007
   1024   1050  4.500854483052786E-003  4.940768446780278E-004  2.050180300606335E-005  3.790858438780331E-008
   1024   1051 -6.548214815533583E-002  6.302396483742384E-002  8.259931870866188E-003  1.540452093365399E-005
   1024   1052 -8.259768283995418E-003 -1.480814008209756E-002  2.875047847963210E-004  6.322705927122901E-007
   1024   1053  1.695437634796639E-002 -6.838570166890914E-002  4.964055070097525E-003  1.100445358599135E-005
   1024   1054  2.383513452542987E-002 -2.449896260933519E-002  1.168312806778943E-003  2.598192908034731E-006
   1024   1055 -5.774244183371264E-004 -2.350495032089599E-002  5.528161085466807E-004  1.476860910255944E-006
   1024   1056 -1.262108050454725E-002  8.526282771568761E-004  1.600186480812702E-004  4.316979803933055E-007
   1024   1057  1.460044066770783E-002  3.519698397286269E-002  1.452000548477210E-003  3.922414253710516E-006
   1024   1058 -2.090151746955889E-002 -5.492541337438954E-004  4.371751126337103E-004  1.192883671596833E-006
   1024   1059 -7.029848456677082E-003  2.145696657308118E-003  5.402278346902839E-005  1.479462396095156E-007
   1024   1060  5.916002136943329E-003  7.863344489067144E-003  9.683126783806067E-005  2.657017449880114E-007
   1024   1061  3.881244354545049E-002 -3.008815073325573E-002  2.411702588515899E-003  6.677122326174964E-006
   1024   1062 -6.262422717983822E-002  8.567175349284294E-003  3.995190323337372E-003  1.120248983025669E-005
   1024   1063  1.243625836423781E-002 -3.441989998665577E-002  1.339390037193461E-003  3.779182077920552E-006
   1024   1064  2.041877430846293E-002 -6.959593684629502E-004  4.174107037024972E-004  1.258971202999666E-006
   1024   1065 -1.417144419295382E-002 -4.305133105581069E-003  2.193640015707746E-004  6.655021129612648E-007
   1024   1066 -2.386626034681554E-002  4.921674713028737E-002  2.991886581028630E-003  9.079904887104597E-006
   1024   1067  1.627120718680569E-002  2.315697350661910E-002  8.009976053022160E-004  2.642228762028138E-006
   1024   1068 -5.784149567368812E-003 -8.728401681249812E-003  1.096413821269374E-004  3.842132586136921E-007
   1024   1069 -1.724916844948428E-002  9.932731116071127E-004  2.985204036729255E-004  1.056251426669200E-006
   1024   1070  3.063893916014473E-002  1.851272600985388E-002  1.281465617174971E-003  4.536119978394697E-006
   1024   1071  1.723602120050545E-002 -3.955184948252922E-003  3.127239147991600E-004  1.116416473440830E-006
   1024   1072  3.769562135827478E-003 -1.025977613929002E-002  1.194726051242090E-004  4.277856911030292E-007
   1024   1073 -1.061159557889407E-002  2.090077746113922E-005  1.126063975725027E-004  4.041649581505401E-007
   1024   1074 -2.946392345229562E-002 -3.955394746456546E-002  2.432637545232340E-003  8.822736309843938E-006
   1024   1075  1.048168503964034E-002 -2.588988345753014E-002  7.801517867147129E-004  2.830457055999975E-006
   1024   1076 -1.253114635542080E-002 -4.797967339186855E-002  2.459078687771355E-003  8.971236918830219E-006
   1024   1077  1.730066483578612E-002  2.791092361723174E-002  1.078332660927151E-003  4.019239339196219E-006
   1024   1078  2.927833452803162E-003 -1.792649839636724E-002  3.299315534823107E-004  1.235466296439422E-006
   1024   1079  1.341484026595542E-003 -2.937215739080955E-002  8.645232091840994E-004  3.242326336692260E-006
   1024   1080 -7.927999985781434E-003  2.319661047176500E-002  6.009359211533481E-004  2.419950113188093E-006
   1024   1081  4.128612498713286E-002  1.427482672432979E-002  1.908314794462796E-003  7.778455609654283E-006
   1024   1082 -9.770449716643793E-003  1.104199497777730E-002  2.173873407547240E-004  8.890304237861463E-007
   1024   1083  1.599150823976997E-002 -5.388918199475437E-003  2.847687751432684E-004  1.164676547010020E-006
   1024   1084  8.217444027452805E-003  1.124517958400503E-002  1.939804502208434E-004  8.069552902322571E-007
   1024   1085  3.194011609715260E-002  1.563467282875535E-002  1.264614010761808E-003  5.280383399586868E-006
   1024   1086  1.790835072174086E-002  1.744564759398470E-002  6.250596455463805E-004  2.613745901223409E-006
   1024   1087  2.408845709855535E-002  1.666512128258617E-002  8.579800327522479E-004  3.613365987196352E-006
   1024   1088 -8.260717593021242E-003 -2.790892802499899E-002  8.471477186562248E-004  3.574193430619660E-006
