# Total number of k-points, k-point index, spin index Format : '(3i10)'
        27        11         1
# Cell volume (a.u.)^3. Format: '(a51, ES24.15E3)'   7.069336592516651E+004
# Total number of <f|i> elements, Initial States (bandI, bandF), Final States (bandI, bandF) Format : '(5i10)'
        64      1025      1088      1024      1024
# Final Band, Initial Band, Complex <f|i>, |<f|i>|^2, |dE*<f|i>|^2 (Hartree^2) Format : '(2i10,3ES24.15E3)'
   1024   1025  1.063276723525354E-002  3.324705626861019E-002  1.218422489607213E-003  1.203468555369747E-006
   1024   1026  3.281607557473903E-002  9.172405612925690E-002  9.490197288930052E-003  9.598873746982481E-006
   1024   1027  5.875117525213079E-002 -5.154489393455595E-002  6.108576684231208E-003  6.444957830980550E-006
   1024   1028 -1.280122709708928E-003 -1.983484547677454E-002  3.950598092394359E-004  4.198370063653876E-007
   1024   1029 -8.965892788686541E-002 -5.446531757034549E-003  8.068388058002517E-003  8.618831770903148E-006
   1024   1030  5.494304273926442E-002 -5.405066516163153E-002  5.940212349863444E-003  7.877977190049718E-006
   1024   1031 -4.154352876683536E-002  1.677684295363838E-002  2.007327241891923E-003  2.717323031163499E-006
   1024   1032 -3.941339543158340E-002 -1.630690294369021E-002  1.819330823061292E-003  2.526215421506350E-006
   1024   1033 -7.056588897273883E-003 -6.889600761530416E-002  4.796455312193179E-003  6.724104380056955E-006
   1024   1034  3.423723999262303E-002 -4.959834480898426E-002  3.632184410103362E-003  5.437533451046211E-006
   1024   1035 -1.152428123700556E-002 -2.793242674097734E-002  9.130295216696643E-004  1.460652850530811E-006
   1024   1036 -2.764070096083124E-005 -4.055983116492476E-004  1.652739987623263E-007  2.717400829669742E-010
   1024   1037  2.397571980762759E-003  3.084774496722348E-002  9.573317209658000E-004  1.752690894485192E-006
   1024   1038 -2.902931515621244E-002 -2.571619911827960E-002  1.504024035529709E-003  2.763782138863889E-006
   1024   1039  6.936132873745689E-002 -7.189703245320460E-003  4.862685756981334E-003  9.182620307662833E-006
   1024   1040  1.480773659714070E-002  2.571888785278813E-002  8.807302555145928E-004  1.692943736367155E-006
   1024   1041  1.639825930494371E-002 -2.592652037137323E-002  9.410873667994040E-004  2.116180547483391E-006
   1024   1042  5.734550856350812E-002 -7.731749192845551E-003  3.348287297988450E-003  7.556605685130528E-006
   1024   1043  9.807253871313657E-003  4.016327817303344E-003  1.123131176324414E-004  2.552322374726830E-007
   1024   1044  1.109374065025323E-003 -9.378673871020760E-003  8.919023439511832E-005  2.081221856673519E-007
   1024   1045  4.468528866708658E-004 -3.526116322609836E-003  1.263317382290160E-005  2.961192884663777E-008
   1024   1046  2.726054914653379E-002 -5.131057258569154E-002  3.375912398842105E-003  7.950735843685401E-006
   1024   1047  4.001722784090364E-002  2.769302438793322E-002  2.368282123821457E-003  5.610838134302758E-006
   1024   1048 -8.504057928246562E-003 -3.666537176026263E-002  1.416668487565238E-003  3.386137180236644E-006
   1024   1049 -5.228663382865553E-002 -6.451117198330992E-003  2.775508990238506E-003  6.701959026173455E-006
   1024   1050 -5.968085411453453E-003  7.205550094301852E-003  8.753799563989697E-005  2.122929787856322E-007
   1024   1051  2.535933062201557E-002 -2.916615041972974E-002  1.493759979902998E-003  3.635774037751409E-006
   1024   1052  1.344327158992354E-002 -1.999415964051363E-002  5.804879707707894E-004  1.414205821244785E-006
   1024   1053 -3.473821378201667E-002  2.723225400922079E-002  1.948339155187815E-003  4.776568449996222E-006
   1024   1054  1.178657987607671E-002  1.759733933725149E-002  4.485898169255154E-004  1.104773093179808E-006
   1024   1055  1.340227572190421E-002  7.189619683435749E-003  2.313116257183897E-004  5.895486255101670E-007
   1024   1056 -6.054045805411626E-003  1.206295935252829E-002  1.821664589547718E-004  5.017122743669128E-007
   1024   1057  2.448276977998134E-002  2.884043547047793E-002  1.431176734226369E-003  3.946315094409033E-006
   1024   1058  3.560036662205408E-003  1.336148042627314E-004  1.269171395216479E-005  3.553178157528742E-008
   1024   1059  2.394446527874426E-002 -6.716568053484112E-003  6.184497039020730E-004  1.735891938652105E-006
   1024   1060 -8.601858561897687E-003  1.092395116852266E-002  1.933246798511600E-004  5.478985367571031E-007
   1024   1061 -5.694712522009392E-002  4.006844560163136E-003  3.259029874162366E-003  9.305887224291366E-006
   1024   1062  1.156743171525696E-002  2.040400854309059E-002  5.501290411136461E-004  1.632189157459404E-006
   1024   1063 -2.589361510512433E-002 -4.610235630839021E-002  2.795906560398089E-003  8.402683296549156E-006
   1024   1064  3.397752526731170E-002  9.553338324866531E-003  1.245738496440169E-003  3.969675050598875E-006
   1024   1065  2.377948268816465E-002 -2.625751109870747E-002  1.254920686015469E-003  4.051865200167148E-006
   1024   1066 -3.877779889596803E-002 -8.244468055972511E-003  1.571688940742090E-003  5.341943967313796E-006
   1024   1067  1.556533197501590E-002 -4.402184579145389E-003  2.616587885613178E-004  8.906976991879524E-007
   1024   1068 -2.143317452951835E-003 -6.122507709769279E-003  4.207891036031221E-005  1.468060241392853E-007
   1024   1069 -1.534811041527195E-002 -2.073090982630815E-002  6.653351155458993E-004  2.331848649005013E-006
   1024   1070 -1.726070168080444E-003  4.114789977199418E-003  1.991081478159804E-005  6.995355005230144E-008
   1024   1071 -3.825651143039131E-002  3.729526232470936E-002  2.854497258692546E-003  1.008057413169709E-005
   1024   1072  1.962921213721807E-002 -2.256277767528343E-002  8.943849055521773E-004  3.267330021428419E-006
   1024   1073  2.513100702859311E-002  1.457669848821632E-002  8.440476530875642E-004  3.096543874057440E-006
   1024   1074  2.046467066193439E-002  1.898580492606034E-002  7.792635339918555E-004  2.863196867980243E-006
   1024   1075 -3.005281881152780E-004  1.092717364427266E-002  1.194934410439388E-004  4.401974003243346E-007
   1024   1076 -1.983181586456447E-002 -3.957391874638617E-002  1.959395965431566E-003  7.263609545409609E-006
   1024   1077  6.233380089871461E-004  8.554272905050347E-004  1.120306122788844E-006  4.169142027431428E-009
   1024   1078  3.226238660731456E-002  4.219071297644965E-003  1.058662152214441E-003  3.961941146733120E-006
   1024   1079  1.266589866046493E-002 -3.983548972742267E-002  1.747291230700764E-003  6.571308390864738E-006
   1024   1080 -8.699790744055164E-003 -3.914755047644437E-004  7.583961206117846E-005  2.865204441103363E-007
   1024   1081  1.598541817306209E-002  1.403984738961704E-002  4.526509088914002E-004  1.740553147772055E-006
   1024   1082 -7.206872404083356E-003  6.608901104634106E-003  9.561658365957212E-005  3.700972788354777E-007
   1024   1083  5.852888878420639E-003 -2.364087087874661E-002  5.931470841287095E-004  2.310316930089506E-006
   1024   1084  1.004651244544776E-002 -4.291722335789748E-002  1.942820473068198E-003  7.579049969583591E-006
   1024   1085  2.042152608579051E-002 -2.958133102456899E-002  1.292093872857750E-003  5.230735430851662E-006
   1024   1086 -9.378947210926365E-004  1.036804223588099E-002  1.083759463128656E-004  4.409314280361308E-007
   1024   1087  2.883350557899193E-003  3.154551245380255E-002  1.003433066412749E-003  4.149051361598767E-006
   1024   1088  3.532026464366614E-003  4.352343139212070E-003  3.141810174643249E-005  1.301434110837864E-007
