# Total number of k-points, k-point index, spin index Format : '(3i10)'
        27        25         1
# Cell volume (a.u.)^3. Format: '(a51, ES24.15E3)'   7.069336592516651E+004
# Total number of <f|i> elements, Initial States (bandI, bandF), Final States (bandI, bandF) Format : '(5i10)'
        64      1025      1088      1024      1024
# Final Band, Initial Band, Complex <f|i>, |<f|i>|^2, |dE*<f|i>|^2 (Hartree^2) Format : '(2i10,3ES24.15E3)'
   1024   1025  6.813674391729721E-002  2.652753222293326E-002  5.346325837490101E-003  5.280709349229393E-006
   1024   1026  4.028685399918434E-002  5.611451955927827E-002  4.771869910520218E-003  4.758164642981273E-006
   1024   1027  1.583235673217206E-002  2.295585736121744E-002  7.776349068833148E-004  8.081730469499052E-007
   1024   1028 -2.648734136425630E-006 -3.506619185812485E-005  1.236653603956288E-009  1.301202500170623E-012
   1024   1029 -6.801045635099284E-002 -6.128570046862796E-002  8.381359255000689E-003  8.828832617379722E-006
   1024   1030  1.337651210276737E-002 -6.778338404350218E-002  4.773518228424386E-003  6.284572102659379E-006
   1024   1031  2.650033036700855E-002 -2.761098692371023E-002  1.464634108461893E-003  1.958998323867571E-006
   1024   1032  4.146357621702901E-002  3.408912490182047E-002  2.881296589277290E-003  3.972306318462350E-006
   1024   1033 -4.135160437346561E-002  6.187800332553302E-002  5.538842479814295E-003  7.660291443219524E-006
   1024   1034 -2.274407867346722E-002 -6.911065393387603E-003  5.650559395765460E-004  8.333705789018090E-007
   1024   1035  1.776817087971090E-002 -2.742271791884745E-002  1.067713354467283E-003  1.691171094779960E-006
   1024   1036 -1.040689083797653E-002 -7.762248711406482E-002  6.133553882686720E-003  1.012601150445295E-005
   1024   1037 -4.171750725575819E-005 -1.257357909472074E-005  1.898445302885436E-009  3.455697021454649E-012
   1024   1038 -4.480613458973254E-002 -3.515418866763811E-002  3.243406677753122E-003  5.929249866117955E-006
   1024   1039  1.888951601375979E-002 -8.506494948866697E-003  4.291742715491822E-004  8.118398460764025E-007
   1024   1040  5.796312597974520E-002 -2.804024637458353E-002  4.145979390091157E-003  7.873791353876851E-006
   1024   1041  1.431840998428415E-002  1.766184794690244E-002  5.169577373775499E-004  1.156263052775473E-006
   1024   1042 -1.088635474039545E-002 -2.158642295248290E-002  5.844863754172109E-004  1.311863096471370E-006
   1024   1043  7.132075025144024E-003  6.292707642248102E-002  4.010683441245049E-003  9.052867775031712E-006
   1024   1044 -5.572165201532102E-002  2.695491720560543E-002  3.831470064877573E-003  8.875890540916267E-006
   1024   1045 -3.993801139424148E-005 -2.886911677188936E-005  2.428470657315546E-009  5.643970155878509E-012
   1024   1046 -9.686365107397113E-003 -5.954840934772271E-002  3.639838724837750E-003  8.499702770440323E-006
   1024   1047 -1.431865167727598E-002  3.572008563467671E-002  1.480948303603796E-003  3.489276419920807E-006
   1024   1048 -9.921070361157440E-003  4.494231926302064E-003  1.186257577184294E-004  2.820436226963090E-007
   1024   1049 -8.704124039606965E-005 -6.453667951596562E-003  4.165740620699425E-005  1.000518537209704E-007
   1024   1050  3.324361812712776E-002 -4.607846988790620E-002  3.228363533392975E-003  7.759003913644570E-006
   1024   1051 -1.878382037393351E-002  6.971124387631518E-003  4.014284830680306E-004  9.698970533378309E-007
   1024   1052 -1.172401510353989E-002  5.945354108303876E-002  3.672176077460609E-003  8.922952552022054E-006
   1024   1053 -1.316493976102607E-002 -1.612984831407636E-002  4.334876455465570E-004  1.058315680663606E-006
   1024   1054  1.363583583722004E-002  1.443118361908203E-002  3.941950796272759E-004  9.645258677451835E-007
   1024   1055 -4.768780040162356E-002 -1.158445197242817E-002  2.408325834646583E-003  6.147092748648191E-006
   1024   1056 -1.442976889618579E-002 -3.045211690091520E-002  1.135549654144336E-003  3.110361721409532E-006
   1024   1057  6.040137243872474E-003 -4.516170638188730E-003  5.687905515805338E-005  1.559015783963398E-007
   1024   1058  8.702081572131081E-006 -5.732936210341010E-005  3.362381982871937E-009  9.337239681001866E-012
   1024   1059 -2.976141895297527E-005 -8.106575423477544E-006  9.514586231910461E-010  2.662176760792278E-012
   1024   1060 -8.250753704119713E-003 -4.430246181599187E-002  2.030783059643462E-003  5.732357452817037E-006
   1024   1061 -7.749374997815058E-003 -4.485480342505047E-002  2.072006203156681E-003  5.873397400372869E-006
   1024   1062  1.537154432457299E-002 -4.186429241261066E-002  1.988903354130882E-003  5.885292762268963E-006
   1024   1063  2.320581001128591E-002 -1.131305628075851E-002  6.664948606915071E-004  1.986896375913047E-006
   1024   1064 -4.008553441869093E-002  3.693928037025718E-002  2.971360503904522E-003  9.407200329502886E-006
   1024   1065 -8.329655827349271E-003 -1.317848255175476E-003  7.111989022576270E-005  2.286868735379723E-007
   1024   1066  9.014465032144741E-003 -8.701318964007448E-003  1.569735315291560E-004  5.304060922176399E-007
   1024   1067 -2.250867143327554E-002 -2.407722594863088E-002  1.086353099072579E-003  3.672264821983646E-006
   1024   1068  6.470469133358114E-005  2.663242095480935E-005  4.895982926488179E-009  1.696641737771855E-011
   1024   1069 -1.632151187382676E-005  9.346733842917834E-006  3.537531833778137E-010  1.234351681258794E-012
   1024   1070  9.451199846157750E-003 -4.318660530396059E-002  1.954408056212089E-003  6.823250618897189E-006
   1024   1071  2.910317823452634E-002  2.588555745274965E-002  1.517057067990211E-003  5.314668376567881E-006
   1024   1072  1.008619307177947E-002 -7.479192806599156E-003  1.576696157194967E-004  5.740289423983401E-007
   1024   1073 -2.994191221344329E-003 -2.070128803179172E-002  4.375085072451786E-004  1.596010120620130E-006
   1024   1074 -1.489683434881001E-002  8.879726878063146E-003  3.007652230448827E-004  1.098363764330501E-006
   1024   1075  2.675877743357644E-003 -4.596036848701533E-002  2.119515793159628E-003  7.759826046415555E-006
   1024   1076 -3.605542661008220E-002  7.424622785756920E-003  1.355118811545804E-003  4.980974799431306E-006
   1024   1077  3.847540735077286E-002 -8.193783478356259E-003  1.547495058498090E-003  5.726062004852177E-006
   1024   1078  1.111795217310660E-002 -9.601665541876449E-003  2.158008417015432E-004  8.016144277844327E-007
   1024   1079 -4.648166068687636E-002 -8.487784046558042E-003  2.232587258230912E-003  8.363630506602607E-006
   1024   1080  1.831900134509767E-002  1.198094379163435E-002  4.791288244199918E-004  1.799393002093417E-006
   1024   1081  2.599606353608893E-002  2.924455491771536E-002  1.531039311707642E-003  5.868884168427038E-006
   1024   1082  2.508217203720971E-002 -8.129831202141620E-003  6.952095094795004E-004  2.680708098712242E-006
   1024   1083  1.630779911532519E-002 -3.109998060509249E-002  1.233153105622930E-003  4.777967325851350E-006
   1024   1084  3.496079515903828E-004  1.276917049065831E-002  1.631739407393143E-004  6.326847617546667E-007
   1024   1085  1.456134557424797E-002 -3.275948946429091E-002  1.285216934893658E-003  5.171194506094981E-006
   1024   1086 -9.837230848599868E-005  6.128697814499585E-003  3.757061401252885E-005  1.524871326526321E-007
   1024   1087 -9.075277211767249E-003 -6.480105559493608E-003  1.243524245326019E-004  5.125837400963334E-007
   1024   1088  4.197048711523507E-002  8.549507692887462E-004  1.762252729508021E-003  7.271658153731409E-006
