# Total number of k-points, k-point index, spin index Format : '(3i10)'
        27        14         1
# Cell volume (a.u.)^3. Format: '(a51, ES24.15E3)'   7.069336592516651E+004
# Total number of <f|i> elements, Initial States (bandI, bandF), Final States (bandI, bandF) Format : '(5i10)'
        64      1025      1088      1024      1024
# Final Band, Initial Band, Complex <f|i>, |<f|i>|^2, |dE*<f|i>|^2 (Hartree^2) Format : '(2i10,3ES24.15E3)'
   1024   1025 -2.975999082017571E-002  1.460437440795266E-002  1.098944805464605E-003  1.085457243890770E-006
   1024   1026  6.470907181982792E-004 -4.179825085328427E-003  1.788966414151916E-005  1.770309231034866E-008
   1024   1027  3.105952179463375E-002  1.085012100953049E-001  1.273720648625683E-002  1.260531652159362E-005
   1024   1028  3.127696294190805E-002 -2.026105580865156E-002  1.388758793350783E-003  1.462387115328972E-006
   1024   1029  8.011883513095362E-002  5.633033867671393E-002  9.592134798174222E-003  1.029788413120528E-005
   1024   1030  3.570314896593273E-003  4.885604721714441E-002  2.399660498144680E-003  2.590212713428181E-006
   1024   1031 -3.166939504999364E-002  5.414967353942958E-002  3.935137727259361E-003  5.752341368603254E-006
   1024   1032  3.232313336455613E-002  3.409377212514753E-002  2.207170248224368E-003  3.266395106916130E-006
   1024   1033  3.784038456934610E-003  3.674941490613617E-002  1.364838442986903E-003  2.023328935889748E-006
   1024   1034  1.677134314893867E-002  3.835463564454460E-003  2.959887317737099E-004  4.641143081559315E-007
   1024   1035 -1.134060969429281E-003 -1.558217960691399E-002  2.440904155845092E-004  3.827825859495057E-007
   1024   1036 -7.558080491160333E-003 -2.780560749663134E-002  8.302763889675792E-004  1.306703728922173E-006
   1024   1037  2.458732634752828E-002  1.726444680218341E-002  9.025977403052791E-004  1.434409919439277E-006
   1024   1038 -4.054486063310911E-002  4.410203655029420E-002  3.588875351641726E-003  5.765517060730308E-006
   1024   1039 -3.994835329342183E-002 -4.683708903366579E-002  3.789583840003583E-003  6.095542729191932E-006
   1024   1040  1.522820082148392E-002 -2.977243870060758E-002  1.118296206440880E-003  1.820312266626754E-006
   1024   1041  4.524956736609530E-002  3.314454794077593E-002  3.146084405017192E-003  5.143612897485530E-006
   1024   1042 -2.426581564186013E-002 -5.749510185439615E-002  3.894516546012132E-003  6.414261265368968E-006
   1024   1043 -3.331162981234378E-003 -3.144511140794703E-003  2.098459712212831E-005  3.674387372328352E-008
   1024   1044 -1.111755176905849E-002 -1.870816707944641E-002  4.735954728101780E-004  8.356626824353108E-007
   1024   1045  7.411848152294589E-002 -1.161196754798882E-002  5.628387093602818E-003  9.948532685622266E-006
   1024   1046 -9.324672147525396E-003 -5.030367035205503E-003  1.122541031677181E-004  1.995560782628712E-007
   1024   1047  3.145636379098849E-004 -8.698682123182170E-003  7.576602096246415E-005  1.348056669466894E-007
   1024   1048  1.650078732996394E-002 -3.146922958262852E-003  2.821791066139402E-004  5.050569532343170E-007
   1024   1049  2.911396634908279E-002 -1.679764511006577E-002  1.129783917819242E-003  2.071211500245207E-006
   1024   1050 -6.348719742196787E-002 -1.158142117139152E-002  4.164753552845080E-003  7.700781256233962E-006
   1024   1051  5.614478515514856E-002  1.849657638216451E-002  3.494360237979036E-003  6.516880156433512E-006
   1024   1052  2.715830874302320E-002  3.170512240407056E-002  1.742788520438468E-003  3.832680294786672E-006
   1024   1053 -3.222197512423512E-002 -4.957161600115144E-002  3.495600793872440E-003  7.749143929979781E-006
   1024   1054  1.087978484018559E-002  3.291937593496543E-002  1.202055030116313E-003  2.673231833604577E-006
   1024   1055  3.127402101668165E-003 -1.335393573010168E-002  1.881082433892047E-004  5.025353790107197E-007
   1024   1056  1.066138573368656E-002 -2.023881012936555E-002  5.232745812149649E-004  1.411688471213258E-006
   1024   1057  3.519363842180898E-002 -1.445761701893829E-002  1.447614875231324E-003  3.910566251006847E-006
   1024   1058 -1.210849308056870E-002 -9.483602784406754E-003  2.365543264545875E-004  6.454658317226972E-007
   1024   1059  5.191380078454411E-002 -4.959662899063281E-003  2.719640967969677E-003  7.447980767564570E-006
   1024   1060 -5.595569856266061E-003  3.821874698803243E-003  4.591712822970576E-005  1.259950491164415E-007
   1024   1061  3.080007690422030E-002  2.964659130010907E-002  1.827565113021587E-003  5.059860214050216E-006
   1024   1062  1.318243554237634E-002 -8.428711293436602E-003  2.448197808970127E-004  6.864732765748322E-007
   1024   1063 -3.525490049552856E-002 -4.488550178950734E-002  3.257616279845486E-003  9.191595590235741E-006
   1024   1064  5.427963727481031E-003 -4.429779678110526E-002  1.991757589886949E-003  6.007429178825451E-006
   1024   1065 -3.124588069944547E-003  2.149846142181274E-002  4.719468941120106E-004  1.431782979276204E-006
   1024   1066 -2.488259481067526E-002  2.353240345870310E-002  1.172917537055425E-003  3.559619947851309E-006
   1024   1067 -1.815773125580141E-002  2.176567619788965E-002  8.034478647092877E-004  2.650311379235951E-006
   1024   1068  7.758759287262650E-003  8.728889598496176E-003  1.363918593004192E-004  4.779541725490642E-007
   1024   1069 -1.448465252529356E-002 -1.941791858500187E-002  5.868607209522540E-004  2.076482955758186E-006
   1024   1070  2.550157487139422E-002 -1.791146973539052E-002  9.711510690031352E-004  3.437671754906176E-006
   1024   1071  1.222489909661200E-002  1.314858916346802E-002  3.223335549120135E-004  1.150722040587069E-006
   1024   1072 -6.478037508889806E-003  4.344533739420760E-002  1.929462311263117E-003  6.908664890389686E-006
   1024   1073  1.298486769770588E-002  1.900260595784912E-003  1.722177794588184E-004  6.181210737159030E-007
   1024   1074 -2.581531249221438E-002 -3.185364329447785E-002  1.681084950202513E-003  6.096990717269868E-006
   1024   1075  2.223328558736908E-002 -2.728750301438559E-002  1.238926808769616E-003  4.494931380548422E-006
   1024   1076 -1.728121171760308E-002  2.345737810194297E-002  8.488888658461352E-004  3.096926171695908E-006
   1024   1077  3.244606851960991E-002 -1.008610805508717E-002  1.154476938078115E-003  4.303049787113852E-006
   1024   1078 -5.913527982400606E-003  4.259717997996125E-003  5.311501062108710E-005  1.988952046766333E-007
   1024   1079 -3.089534646022086E-002  1.083001454969303E-002  1.071811648043644E-003  4.019745164841928E-006
   1024   1080  1.947590111750813E-002 -1.490255241451052E-002  6.013967928061878E-004  2.421805998401686E-006
   1024   1081  1.020253572718263E-002 -1.232843495182871E-002  2.560820436259099E-004  1.043812443998770E-006
   1024   1082  1.547445202772104E-002  5.968753519013652E-003  2.750846841289776E-004  1.124990287042844E-006
   1024   1083 -3.676119442505787E-002 -2.317127016265358E-002  1.888293176507586E-003  7.722934628127226E-006
   1024   1084 -2.851872120845299E-002 -8.077790479290041E-003  8.785681583927751E-004  3.654828055073953E-006
   1024   1085 -3.176395337700898E-002 -2.875519851880333E-003  1.017217348555359E-003  4.247380769204045E-006
   1024   1086 -1.213047424458133E-002  7.312800448335557E-003  2.006254557956277E-004  8.389342488063895E-007
   1024   1087  8.140943177115952E-003  2.842401151872337E-002  8.741993866295498E-004  3.681673216476429E-006
   1024   1088  7.668114906958111E-003  1.453450920072080E-002  2.700519439321508E-004  1.139373646227855E-006
