# Total number of k-points, k-point index, spin index Format : '(3i10)'
        27        16         1
# Cell volume (a.u.)^3. Format: '(a51, ES24.15E3)'   7.069336592516651E+004
# Total number of <f|i> elements, Initial States (bandI, bandF), Final States (bandI, bandF) Format : '(5i10)'
        64      1025      1088      1024      1024
# Final Band, Initial Band, Complex <f|i>, |<f|i>|^2, |dE*<f|i>|^2 (Hartree^2) Format : '(2i10,3ES24.15E3)'
   1024   1025 -2.543631694206509E-002 -8.641580257917096E-002  8.114697154979440E-003  8.015103911545765E-006
   1024   1026  4.579580218035113E-002  2.215528530811402E-002  2.588112164425786E-003  2.617749847880503E-006
   1024   1027 -7.805426369392238E-002 -1.013971520045075E-003  6.093496219043831E-003  6.429045157564348E-006
   1024   1028 -1.911383364885214E-002 -5.856923966068996E-003  3.996421951003055E-004  4.247067984204401E-007
   1024   1029 -5.937593460310456E-002 -6.742650503963880E-002  8.071835191852585E-003  8.622514593249739E-006
   1024   1030 -6.231714865179150E-002  1.768322672260284E-002  4.196123523412454E-003  5.564946649316708E-006
   1024   1031 -1.363537327183248E-002  5.958601702607538E-002  3.736416829293949E-003  5.057994709088531E-006
   1024   1032 -3.298243176925706E-002  7.051717373070886E-002  6.060512596380672E-003  8.415269807124708E-006
   1024   1033  2.163556302290352E-002  9.811109789005297E-003  5.643554626099456E-004  7.911644531247121E-007
   1024   1034 -4.426355509246577E-002  4.074686031463459E-002  3.619568934924096E-003  5.418648713185335E-006
   1024   1035  7.489907786833151E-003  4.905728581042130E-003  8.016489156611750E-005  1.282467648432096E-007
   1024   1036  8.509616391821066E-003  2.757006252792949E-002  8.325219189298916E-004  1.368815397628130E-006
   1024   1037  1.059411089148295E-002 -2.905775446087276E-002  9.565882798894087E-004  1.751329706743064E-006
   1024   1038  3.093763062129984E-002 -2.345334072778687E-002  1.507196179753656E-003  2.769611142859912E-006
   1024   1039  1.337112150288043E-002 -6.608345596425649E-002  4.545810042424618E-003  8.584237208988311E-006
   1024   1040  2.409336543100350E-002 -2.462002833712961E-002  1.186636053112939E-003  2.280957426175530E-006
   1024   1041 -1.267495870319536E-002  3.025036769007770E-003  1.698054255815569E-004  3.818340182270731E-007
   1024   1042 -7.957013157922126E-003 -3.687951996857900E-003  7.691504832647400E-005  1.735862555540028E-007
   1024   1043  3.815117933883377E-002 -4.592708485380128E-002  3.564809608112119E-003  8.101048452701433E-006
   1024   1044 -2.382348402768233E-002  1.116517472808456E-002  6.922195179258931E-004  1.615269243661237E-006
   1024   1045  3.545170907546687E-003  3.022548729215210E-004  1.265959477192021E-005  2.967386015961100E-008
   1024   1046 -5.789949518925887E-002 -4.692569600685562E-003  3.374371752628289E-003  7.947108365947890E-006
   1024   1047 -4.757820934269007E-002  3.994865135779228E-003  2.279644951709905E-003  5.400842846274965E-006
   1024   1048 -3.814068122520772E-002  6.014237528042088E-003  1.490882617366622E-003  3.563523438991793E-006
   1024   1049 -2.891414145832121E-003 -9.911805606249964E-004  9.342714666478975E-006  2.255964096725623E-008
   1024   1050  5.134434999213264E-002  1.480264288638124E-002  2.855360512536344E-003  6.924685236034599E-006
   1024   1051  5.173894281260236E-002 -1.943215148128479E-002  3.054526714557337E-003  7.434640187611476E-006
   1024   1052 -1.679208741970621E-002 -9.094122465269618E-003  3.646772633243772E-004  8.884397977929372E-007
   1024   1053 -2.027800941107259E-002 -2.276340311620031E-002  9.293701871061868E-004  2.278453922704438E-006
   1024   1054  2.379613129931616E-003  1.164345046883214E-002  1.412324974682903E-004  3.478231798773795E-007
   1024   1055 -9.517545925181187E-003  1.188178317982535E-002  2.317604519703137E-004  5.906924936969512E-007
   1024   1056 -2.472123519789109E-002 -3.062107546310000E-002  1.548789732226314E-003  4.265587494036416E-006
   1024   1057  7.237323306649665E-003 -3.580735497941601E-003  6.520051535119352E-005  1.797833986508324E-007
   1024   1058 -2.105401752253851E-002  1.101447786771021E-002  5.645903765376366E-004  1.580629864318367E-006
   1024   1059 -4.339052822831051E-003  7.107144918057003E-003  6.933888828558160E-005  1.946234581301414E-007
   1024   1060 -3.818520909526657E-002  3.989331791408457E-002  3.049587007843449E-003  8.642788119164327E-006
   1024   1061 -2.003044088162696E-002  3.248995915388618E-003  4.117745363705643E-004  1.175787484560046E-006
   1024   1062 -6.841488953974868E-003 -7.564440533446802E-003  1.040267316914131E-004  3.086390281155267E-007
   1024   1063  5.642566373422138E-002  7.368515863060510E-003  3.238150553871600E-003  9.731781399587278E-006
   1024   1064 -3.489716009743130E-002 -5.545503853627335E-003  1.248564395856347E-003  3.978680098269491E-006
   1024   1065  2.839581960532033E-002 -2.099788634490755E-002  1.247233802011550E-003  4.027045796440841E-006
   1024   1066 -3.617065037720615E-002  5.561202680894274E-003  1.339242923968069E-003  4.551894027569089E-006
   1024   1067 -2.121006444456721E-002 -6.446281259956726E-003  4.914213758251637E-004  1.672819520634009E-006
   1024   1068  1.047238224793530E-002 -2.337006395180036E-002  6.558306790581089E-004  2.288079487968754E-006
   1024   1069 -7.337496669271856E-003  6.936082115879259E-004  5.431994972275777E-005  1.903790966092367E-007
   1024   1070 -5.083043937533001E-002 -1.605205383877668E-002  2.841401999532084E-003  9.982823987876227E-006
   1024   1071  6.081455630848027E-003  7.434865747998930E-004  3.753687487688085E-005  1.325603792251520E-007
   1024   1072  2.742837104286888E-002  3.489672822854428E-002  1.970097179122167E-003  7.197077799340252E-006
   1024   1073 -2.024093336635880E-003  1.882121510132590E-003  7.639335214317553E-006  2.802630350603103E-008
   1024   1074  2.121471805374674E-002 -9.701155631720672E-003  5.441766826908335E-004  1.999432538998699E-006
   1024   1075 -8.877906019827745E-003 -5.759990761641940E-003  1.119947088710942E-004  4.125730735647928E-007
   1024   1076 -4.117634802685095E-002 -1.440250330470243E-002  1.902923738270316E-003  7.054261795301067E-006
   1024   1077 -7.494816685501042E-003 -1.697801764540127E-003  5.905480798094039E-005  2.197683264075232E-007
   1024   1078 -3.173632311206605E-002 -6.799767123224536E-003  1.053431037603543E-003  3.942364188661167E-006
   1024   1079  4.768795323192118E-003  3.566385256124192E-002  1.294651788344501E-003  4.868996777655897E-006
   1024   1080 -2.045112448090122E-002  1.073675224807458E-002  5.335263413698519E-004  2.015651051225264E-006
   1024   1081  8.720664598790015E-003  3.146550533139855E-002  1.066128016804860E-003  4.099522988119222E-006
   1024   1082  3.583092664824471E-002 -7.230722357476547E-003  1.336138650282804E-003  5.171711443033412E-006
   1024   1083 -6.583440717187812E-003  2.293273621898907E-002  5.692520821664593E-004  2.217246043836581E-006
   1024   1084 -1.510979726761422E-003  1.074982824231368E-002  1.178418669739288E-004  4.597077238946325E-007
   1024   1085  4.834340180790826E-003  3.556096273093409E-002  1.287952915334492E-003  5.213972023409225E-006
   1024   1086  9.532363635261063E-003  4.027308690964791E-003  1.070851717671680E-004  4.356798617484931E-007
   1024   1087 -3.099831735737864E-002  1.778180338126169E-002  1.277088210478611E-003  5.280575844813935E-006
   1024   1088  4.613956204374050E-003  1.988928175192473E-002  4.168721204633277E-004  1.726812156767932E-006
