# Total number of k-points, k-point index, spin index Format : '(3i10)'
        27        12         1
# Cell volume (a.u.)^3. Format: '(a51, ES24.15E3)'   7.069336592516651E+004
# Total number of <f|i> elements, Initial States (bandI, bandF), Final States (bandI, bandF) Format : '(5i10)'
        64      1025      1088      1024      1024
# Final Band, Initial Band, Complex <f|i>, |<f|i>|^2, |dE*<f|i>|^2 (Hartree^2) Format : '(2i10,3ES24.15E3)'
   1024   1025  5.171181517247893E-003  8.690994066343450E-003  1.022744961455433E-004  1.010192615265373E-007
   1024   1026 -5.474725214739386E-002 -8.365036406164726E-002  9.994645025336450E-003  9.965939636710764E-006
   1024   1027  6.598946185764141E-003  2.714530755246260E-002  7.804138128803942E-004  8.110610310562534E-007
   1024   1028  6.275833353178329E-005 -2.003255555383899E-005  4.339911709704200E-009  4.566439586193406E-012
   1024   1029  3.157444385434518E-002 -8.597136821475417E-002  8.388021657428038E-003  8.835850672975601E-006
   1024   1030  1.920070729613721E-003  4.236712825377564E-002  1.798660228078593E-003  2.368024415973637E-006
   1024   1031 -2.539857625161041E-002  6.155387180858649E-002  4.433966810236768E-003  5.930582963795182E-006
   1024   1032  6.790475693322878E-002 -6.162618572901477E-002  8.408842781667905E-003  1.159287100172099E-005
   1024   1033  4.129383391766626E-003  2.719588857291992E-004  1.712576883172511E-005  2.368516152560622E-008
   1024   1034  6.917698530422698E-003 -2.268892164507802E-002  5.626417183743021E-004  8.298100388092437E-007
   1024   1035  8.724415661451924E-003  2.778478523243769E-002  8.481097190464754E-004  1.343338222399704E-006
   1024   1036 -4.374510140499811E-002  6.675004659013575E-002  6.369202616718861E-003  1.051503999682936E-005
   1024   1037  8.912886614546365E-005  1.025489615122921E-004  1.846024428762555E-008  3.360276477303632E-011
   1024   1038  1.910732010903250E-002  5.355051408787395E-002  3.232747240824624E-003  5.909763563589290E-006
   1024   1039 -2.692105914867128E-003 -1.657281538868915E-003  9.994016355938294E-006  1.890500309832932E-008
   1024   1040  6.742916576807337E-002 -3.379200259224347E-003  4.558111390570259E-003  8.656487912306123E-006
   1024   1041  1.003663983943514E-002  2.673524105009747E-002  8.155072532733537E-004  1.824020765079585E-006
   1024   1042 -2.611994077330020E-003 -1.733348187886481E-002  3.072721071049417E-004  6.896640668751915E-007
   1024   1043 -2.779920107613747E-002 -6.189432050327835E-002  4.603702491034066E-003  1.039141576872662E-005
   1024   1044  4.925646621682066E-002  2.839214436821209E-002  3.232313325994192E-003  7.487897631285450E-006
   1024   1045 -2.643290787993023E-005  5.013446967218589E-005  3.212163668300204E-009  7.465337833806644E-012
   1024   1046 -4.684879924821142E-002  3.800893768881133E-002  3.639489335231158E-003  8.498885998623110E-006
   1024   1047 -1.095489979415588E-002 -2.134837306314799E-003  1.245673598244300E-004  2.934942065838235E-007
   1024   1048  2.406140769364693E-002  2.982124519914391E-002  1.468258005427355E-003  3.490917299993952E-006
   1024   1049 -1.624461310275884E-003  2.421286919820892E-004  2.697500852064199E-006  6.478801786597420E-009
   1024   1050  5.606211713490927E-002 -1.166809379545494E-002  3.279105390467822E-003  7.880956351080329E-006
   1024   1051  5.007206279952286E-002 -2.699765416968466E-003  2.514500206306019E-003  6.075319967049756E-006
   1024   1052  3.202940923974817E-002  7.012310134936185E-003  1.075055549675794E-003  2.612258461265062E-006
   1024   1053 -2.861103285910698E-002  1.784269284307752E-002  1.136952889157309E-003  2.775753410687054E-006
   1024   1054  1.118617851912812E-002  5.295415316121927E-003  1.531720132320220E-004  3.747848169732342E-007
   1024   1055 -4.536385563297303E-002  1.882048746218066E-002  2.412090146203319E-003  6.156701953217141E-006
   1024   1056  2.199203421147586E-002 -2.497485290688935E-002  1.107392846479484E-003  3.033237333182264E-006
   1024   1057 -9.209221491399308E-003  1.680246555781005E-003  8.763298896586484E-005  2.401959424339904E-007
   1024   1058  4.911223179230553E-005  9.988805416854353E-005  1.238963467719903E-008  3.440566334483316E-011
   1024   1059 -7.245267823752555E-005  3.941590103020677E-005  6.803003837813464E-009  1.903477392870626E-011
   1024   1060 -2.647063916213299E-002 -5.039854941532269E-002  3.240708520820573E-003  9.147654825787785E-006
   1024   1061 -2.826242201973033E-002  6.819613248035462E-003  8.452716232741187E-004  2.396043263981294E-006
   1024   1062 -4.975490143148589E-002  4.643732036966157E-003  2.497114463688022E-003  7.389122035502020E-006
   1024   1063  8.642717015745885E-003  9.510441166220960E-003  1.651450485904137E-004  4.923160214798050E-007
   1024   1064  5.069017995849926E-002 -1.982046634628767E-002  2.962345230409362E-003  9.378658294357089E-006
   1024   1065 -6.737892019390910E-003  5.050914915326404E-003  7.091093034683845E-005  2.280149666993571E-007
   1024   1066  9.130062920749548E-004  2.659653629368953E-002  7.082093233109131E-004  2.393005359096186E-006
   1024   1067 -2.198817410589596E-002  6.617973928412441E-003  5.272773794283402E-004  1.782387364984894E-006
   1024   1068  2.139744380882691E-005  5.029163550331435E-005  2.987099203150133E-009  1.035142024224933E-011
   1024   1069  1.615808601638803E-005  4.273474237964176E-005  2.087341949967344E-009  7.283367191744001E-012
   1024   1070 -1.085332216520006E-002 -1.520060686653582E-002  3.488530511325989E-004  1.217919563308203E-006
   1024   1071  5.486963340282629E-002  1.047197944326691E-002  3.120339023220755E-003  1.093140708221214E-005
   1024   1072  1.418468239611789E-002 -1.150851538408168E-002  3.336511410243814E-004  1.214726188660050E-006
   1024   1073  8.566629534627035E-004  1.682482194729445E-002  2.838085049739964E-004  1.035319879398815E-006
   1024   1074  2.012444468663447E-002 -4.591892409290278E-003  4.260787498439079E-004  1.555995913956104E-006
   1024   1075 -1.858981139750145E-002 -4.041936245083634E-002  1.979305948726753E-003  7.246499392613983E-006
   1024   1076  4.908794195796168E-003 -5.315204652367947E-002  2.849236310112069E-003  1.047286333759142E-005
   1024   1077 -9.461615927351533E-004 -7.810863058122597E-003  6.190480347231141E-005  2.290609899901466E-007
   1024   1078 -6.860038054357986E-003  1.311915614832135E-002  2.191723801512776E-004  8.141383340025741E-007
   1024   1079 -4.649879997662513E-003  4.954135339747675E-002  2.475967080446343E-003  9.275370478497332E-006
   1024   1080  2.010368111081628E-003 -1.520084068823629E-002  2.351071375711939E-004  8.829569637150024E-007
   1024   1081 -1.234887265342913E-003 -1.863243839430534E-002  3.486927070756898E-004  1.336632553411754E-006
   1024   1082 -2.728122682295323E-002  4.839097641281920E-002  3.085951935151446E-003  1.189934317091474E-005
   1024   1083  5.705554905283545E-003  9.745791338746533E-003  1.275338055955921E-004  4.941417497844155E-007
   1024   1084  7.326895866281194E-003 -2.357406169228947E-003  5.924076688204715E-005  2.296980416683407E-007
   1024   1085  2.579129973954674E-002 -2.511752947700960E-002  1.296081429283590E-003  5.214909268629881E-006
   1024   1086 -5.838733321972334E-003 -1.856816075479066E-003  3.753857274326756E-005  1.523570878410105E-007
   1024   1087 -1.162682250823247E-003  1.536157962195012E-002  2.373299584978925E-004  9.782798708618857E-007
   1024   1088  2.924268179644294E-002 -1.166153803109567E-002  9.911259078987059E-004  4.089724728861886E-006
