# Total number of k-points, k-point index, spin index Format : '(3i10)'
        27        19         1
# Cell volume (a.u.)^3. Format: '(a51, ES24.15E3)'   7.069336592516651E+004
# Total number of <f|i> elements, Initial States (bandI, bandF), Final States (bandI, bandF) Format : '(5i10)'
        64      1025      1088      1024      1024
# Final Band, Initial Band, Complex <f|i>, |<f|i>|^2, |dE*<f|i>|^2 (Hartree^2) Format : '(2i10,3ES24.15E3)'
   1024   1025 -1.014335823382704E-001 -7.480705315684648E-003  1.034473257799479E-002  1.021776967966108E-005
   1024   1026 -8.617111744173318E-002  1.470592455170042E-002  7.641725698077278E-003  8.111438040290322E-006
   1024   1027 -3.431370374642177E-002 -7.111130203315069E-002  6.234247541647181E-003  8.488289948562199E-006
   1024   1028 -2.313095496180383E-003 -2.909827990064750E-002  8.520603039508763E-004  1.301957680262724E-006
   1024   1029 -1.956718435290143E-003  1.016204445830170E-001  1.033054350428503E-002  1.590820109199117E-005
   1024   1030  1.311337744060918E-002 -3.745451413567961E-002  1.574801297039702E-003  2.448040359769604E-006
   1024   1031  8.256114267014636E-002 -1.737503211222239E-002  7.118234019901020E-003  1.113043929863144E-005
   1024   1032  3.085153920371352E-005 -4.568517660183143E-005  3.038952832378799E-009  5.432910201790903E-012
   1024   1033 -3.103118283540886E-002  8.789858767271209E-002  8.689096023022027E-003  1.569403754323115E-005
   1024   1034 -2.466439776741026E-002 -8.665798636594722E-004  6.090834778891326E-004  1.103506189449249E-006
   1024   1035 -3.837605444901607E-002 -1.365359609013703E-003  1.474585761935772E-003  2.672494890213051E-006
   1024   1036 -6.003764447224666E-002 -1.461935135884293E-002  3.818244187929192E-003  7.025898989155792E-006
   1024   1037 -4.280484586890487E-002 -1.016639548462973E-002  1.935610427010602E-003  3.707041993158006E-006
   1024   1038 -2.515623651479696E-002 -1.414125823166592E-002  8.328114199630628E-004  2.371929442218872E-006
   1024   1039 -4.130681880708116E-002 -9.951497128789248E-003  1.805285575065335E-003  5.269256288104288E-006
   1024   1040  2.789422805615458E-003 -3.710388809608999E-003  2.154786470695929E-005  6.328682202333815E-008
   1024   1041 -4.003508822704712E-002 -1.876648032854481E-002  1.954989073269106E-003  5.747835762537028E-006
   1024   1042 -2.992907853853366E-002 -1.767982972170917E-002  1.208326121154347E-003  3.569326044693701E-006
   1024   1043  8.538812296695302E-003 -3.517217469408993E-002  1.309993188149775E-003  3.983586328262030E-006
   1024   1044  3.902351140155533E-002 -3.171715223536964E-002  2.528812188028933E-003  7.710283201284095E-006
   1024   1045  1.820708938470294E-003  1.599460856831279E-002  2.591424842921706E-004  8.048402765960381E-007
   1024   1046 -6.457021445207173E-003  1.267231811554640E-002  2.022807723654707E-004  6.297636284771418E-007
   1024   1047  2.679047751905190E-002  1.225487430161144E-002  8.679116298471215E-004  2.752653621590097E-006
   1024   1048  5.287279423725785E-002 -3.106559194268873E-003  2.805183080482903E-003  8.931458831690983E-006
   1024   1049 -5.964600990516204E-003  6.016338995825065E-003  7.177279988875224E-005  2.292763164833286E-007
   1024   1050 -9.299733379505787E-003 -5.608092762526424E-002  3.231555484240020E-003  1.033462790159691E-005
   1024   1051  7.106186946210383E-002  2.431385829601464E-002  5.640952996687764E-003  1.865546500777054E-005
   1024   1052  1.094351441088779E-003 -3.504708257822715E-003  1.348058504906381E-005  4.469429011468427E-008
   1024   1053 -1.574804530637193E-002  3.084933933965044E-002  1.199682668664447E-003  4.009820165457298E-006
   1024   1054  1.097713228498149E-003 -6.693856411934549E-003  4.601268799561710E-005  1.539254488741056E-007
   1024   1055  1.175840321420341E-004  2.005654268917536E-005  1.422826951942162E-008  4.850940307558336E-011
   1024   1056 -1.104997141450714E-002 -5.941025625090017E-002  3.651680416059048E-003  1.255285734473841E-005
   1024   1057  7.277181680348511E-003 -8.558721214544674E-003  1.262090820370970E-004  4.350512811031558E-007
   1024   1058 -1.833171876376501E-002  2.376739884988760E-002  9.009411609234124E-004  3.110742721099681E-006
   1024   1059 -2.260116914014767E-002 -1.435919169644337E-002  7.169992326767714E-004  2.496676936721065E-006
   1024   1060  7.857944358244355E-004 -5.081869293238912E-002  2.583157024251828E-003  9.012042368023082E-006
   1024   1061  1.902359606872052E-003 -1.331719189981683E-002  1.809665721704053E-004  6.447255539432961E-007
   1024   1062  3.653446268427047E-003  1.352283066258846E-002  1.962146187653262E-004  7.027689302334262E-007
   1024   1063 -1.119721167297298E-002 -3.547199715495655E-002  1.383640131410607E-003  5.193109661756642E-006
   1024   1064 -1.022990291650056E-002 -4.688012836394347E-002  2.302397349100844E-003  9.449772953749021E-006
   1024   1065 -2.371332907809641E-003 -1.628176811647536E-002  2.707191927583345E-004  1.115649579503261E-006
   1024   1066 -3.817310899199887E-003  2.146857423409781E-002  4.754715421461187E-004  1.962543133570913E-006
   1024   1067  2.236446336962087E-002  8.440082664984576E-003  5.714042172028867E-004  2.365691838022322E-006
   1024   1068  1.017377620048697E-002  2.459155055706946E-003  1.095531657656040E-004  4.572450726717175E-007
   1024   1069 -1.660900809592581E-003  1.410200760234808E-004  2.778478161146960E-006  1.162270590414943E-008
   1024   1070 -1.863567978927271E-003  7.374048307589515E-004  4.016651496509712E-006  1.682290891044082E-008
   1024   1071  7.673706639006063E-003 -9.943300602124295E-003  1.577550004457311E-004  6.614922334971722E-007
   1024   1072  4.791985245711839E-002 -1.327549658008976E-002  2.472551068959970E-003  1.044274149633008E-005
   1024   1073  3.159835340975446E-002 -1.048176109031314E-002  1.108323253762144E-003  4.688802386680011E-006
   1024   1074 -4.165475176322364E-002 -2.463723839951417E-002  2.342111860410279E-003  9.919168124402386E-006
   1024   1075 -1.926223727820079E-002 -1.427758736911907E-002  5.748832860445369E-004  2.437472358381714E-006
   1024   1076  1.743760227252929E-002  2.801421453757463E-003  3.119179351764911E-004  1.342879762110340E-006
   1024   1077  8.017009098701607E-004  1.992796103836343E-002  3.977663554954175E-004  1.731144871349742E-006
   1024   1078 -1.004677327003474E-002 -3.557972589886511E-002  1.366854548177858E-003  5.981060250807165E-006
   1024   1079 -2.476278899733298E-002  1.694834199303366E-002  9.004420152392634E-004  3.948523759365602E-006
   1024   1080 -3.948181113071011E-002 -3.382864029860730E-002  2.703190314613623E-003  1.281524515376014E-005
   1024   1081  5.651324533222957E-003  3.334921030218325E-003  4.305916725760014E-005  2.046531622716256E-007
   1024   1082  4.461140062707088E-004  1.451877656862336E-003  2.306966437086970E-006  1.097004607697747E-008
   1024   1083  5.195416873787767E-003 -5.725904879818441E-003  5.977834318516729E-005  2.875255908976048E-007
   1024   1084 -4.084369331002189E-003 -9.615655456669928E-004  1.760668113064513E-005  8.963266441027689E-008
   1024   1085  1.222890891999418E-003  3.252918721916832E-002  1.059643483273439E-003  5.419682353544583E-006
   1024   1086 -5.748309018983778E-003  1.040708835159210E-002  1.413505445355743E-004  7.232387325531126E-007
   1024   1087  1.004485502446555E-002  6.894969492920894E-003  1.484397167708407E-004  7.651640164168152E-007
   1024   1088 -2.146036896266354E-002  2.100251575859515E-002  9.016531042036900E-004  4.647943856140177E-006
