# Total number of k-points, k-point index, spin index Format : '(3i10)'
        27        13         1
# Cell volume (a.u.)^3. Format: '(a51, ES24.15E3)'   7.069336592516651E+004
# Total number of <f|i> elements, Initial States (bandI, bandF), Final States (bandI, bandF) Format : '(5i10)'
        64      1025      1088      1024      1024
# Final Band, Initial Band, Complex <f|i>, |<f|i>|^2, |dE*<f|i>|^2 (Hartree^2) Format : '(2i10,3ES24.15E3)'
   1024   1025  3.372231506189276E-002 -2.207212725873497E-002  1.624373334859350E-003  1.604437087593912E-006
   1024   1026 -3.431626960086031E-002  8.547619717881681E-002  8.483786643470902E-003  8.459420396434478E-006
   1024   1027  4.541567178713030E-003  2.758283186863502E-002  7.814384463321509E-004  8.121259534550860E-007
   1024   1028 -1.436229633381201E-005 -2.385835004099118E-005  7.754964226586935E-010  8.159745630624993E-013
   1024   1029 -6.471801827387434E-002 -6.479568349987573E-002  8.386902489513603E-003  8.834671801334506E-006
   1024   1030 -5.765131916697831E-002 -3.798465743932875E-002  4.766508802475955E-003  6.275343848433810E-006
   1024   1031 -3.671484211397916E-002 -1.125510083514985E-002  1.474656926263809E-003  1.972404186461983E-006
   1024   1032  4.700215330978849E-002  2.717910777531804E-002  2.947906315219215E-003  4.064137974004038E-006
   1024   1033  6.466044761795740E-002 -3.587198578965145E-002  5.467772850647569E-003  7.562001218952782E-006
   1024   1034 -1.721522493102683E-002 -1.621304073535208E-002  5.592266593120334E-004  8.247732874244322E-007
   1024   1035 -3.200597185385793E-002 -6.530875174211454E-003  1.067034564851078E-003  1.690095947266450E-006
   1024   1036 -4.681948638653146E-002  6.276809529904605E-002  6.131898092968732E-003  1.012327792764701E-005
   1024   1037 -6.557332107447823E-005 -7.558862781273205E-006  4.356996843282728E-009  7.930942752422594E-012
   1024   1038  4.214395916460097E-002  3.821418023811102E-002  3.236436865338389E-003  5.916508399941804E-006
   1024   1039 -8.587651113646524E-003  6.693657048383721E-002  4.554252219787421E-003  8.614969876360572E-006
   1024   1040  2.741180166194606E-003  3.952042350244937E-003  2.313270744166821E-005  4.393222800383486E-008
   1024   1041  1.946494470549143E-002 -1.174998280439821E-002  5.169461682914924E-004  1.156237176640321E-006
   1024   1042  3.944543808768419E-004 -2.413122017999742E-002  5.824713816341078E-004  1.307340500075570E-006
   1024   1043 -1.069918884731640E-002  3.353910433275217E-002  1.239344161433775E-003  2.797433152121683E-006
   1024   1044 -7.759423481156597E-002 -2.406292174412567E-002  6.599889478856352E-003  1.528914374920925E-005
   1024   1045 -2.890776090042756E-005  1.832882611887997E-005  1.171604507172425E-009  2.722907461666803E-012
   1024   1046  3.678969933791625E-002  4.778870009655271E-002  3.637241834292532E-003  8.493638546817041E-006
   1024   1047  3.707962208915068E-002  9.960758083676285E-003  1.474115075875754E-003  3.473176586863160E-006
   1024   1048  2.268608750475621E-003 -1.074949153189949E-002  1.206981538571135E-004  2.869709346671636E-007
   1024   1049 -4.984276033126456E-002 -1.052125751400511E-003  2.485407726036641E-003  5.969398311263860E-006
   1024   1050 -2.784853567904296E-002  4.139847908031720E-003  7.926792801685634E-004  1.905114332203626E-006
   1024   1051  3.013901994643601E-003  2.026843884238541E-002  4.198932183408345E-004  1.014509962165790E-006
   1024   1052  6.478089169074058E-002 -4.652493956681888E-004  4.196780385247632E-003  1.019767883210448E-005
   1024   1053  6.337155980361445E-003 -8.496229410957151E-003  1.123454601230441E-004  2.742799323537753E-007
   1024   1054  1.256876039208320E-002 -2.483530631470027E-003  1.641416621910492E-004  4.016257110754970E-007
   1024   1055 -4.632472973197924E-002 -1.624262508757601E-002  2.409803454476475E-003  6.150864276495653E-006
   1024   1056 -3.165630480456841E-002 -1.368644571243822E-002  1.189440430119259E-003  3.257972885829611E-006
   1024   1057  4.145109436358871E-004 -2.817934505536877E-003  8.112574199889279E-006  2.223600794867098E-008
   1024   1058  3.913602707243534E-005  2.221333429835404E-005  2.025060835664823E-009  5.623536673550102E-012
   1024   1059 -1.440396600946355E-005  2.335127881490265E-006  2.129270590246945E-010  5.957689115415482E-013
   1024   1060  8.727165480421250E-003  4.450987437721438E-002  2.057292334398061E-003  5.807186045347251E-006
   1024   1061 -3.411069858648965E-002  2.964152565043617E-002  2.042159800943812E-003  5.788793512233392E-006
   1024   1062  1.853895379157711E-002 -4.112061384421450E-002  2.034597690611237E-003  6.020505239086084E-006
   1024   1063 -1.597049272882877E-002  1.924783470764611E-002  6.255357789344390E-004  1.864792732216098E-006
   1024   1064  5.847761062550748E-003 -5.419423799509126E-002  2.971211741313278E-003  9.406729354039081E-006
   1024   1065 -8.165677516140462E-003  2.553475278146554E-003  7.319852529370748E-005  2.353707499321856E-007
   1024   1066  1.831290950119544E-002 -2.707721536613648E-002  1.068538246383112E-003  3.610539880046409E-006
   1024   1067  3.680375149243645E-003 -1.252491282319776E-002  1.704186024678737E-004  5.760762678341336E-007
   1024   1068 -3.941597352730188E-005 -1.975560696629610E-005  1.943902975711729E-009  6.736352990804680E-012
   1024   1069  4.583154484171216E-005 -2.099375740100030E-005  2.541268352389928E-009  8.867252680526527E-012
   1024   1070  1.972779823241832E-002 -3.940466124009818E-002  1.941913350545903E-003  6.779628966781594E-006
   1024   1071  3.539783812743642E-002 -1.685207823370798E-002  1.536999484891206E-003  5.384532151026933E-006
   1024   1072  1.223732928695393E-002  8.327029596706417E-003  2.190916499817650E-004  7.976485992600024E-007
   1024   1073 -8.982626643436761E-003 -1.680622850234613E-002  3.631368978884515E-004  1.324706044793931E-006
   1024   1074 -8.442055680891894E-003  1.784204174260495E-002  3.896067576641364E-004  1.422803942083105E-006
   1024   1075 -1.971248969120486E-002 -4.074141399597807E-002  2.048445064217536E-003  7.499626761830934E-006
   1024   1076  2.217825002776354E-003 -2.813001190724765E-002  7.962163176448345E-004  2.926631509663840E-006
   1024   1077 -1.858060981942356E-002 -4.198289531727078E-002  2.107802560482576E-003  7.799319351288541E-006
   1024   1078  1.465980462784229E-002  2.313424227789198E-003  2.202618033842281E-004  8.181851289532502E-007
   1024   1079  3.252926116440951E-002  3.350181750414485E-002  2.180524607983386E-003  8.168595456213114E-006
   1024   1080 -1.981717391369701E-002 -1.143972403244491E-002  5.235876678642113E-004  1.966360480950132E-006
   1024   1081 -1.710569725271518E-003  7.061494856179128E-003  5.279075838885976E-005  2.023611306295141E-007
   1024   1082  9.774455856619181E-003  4.086279797126207E-002  1.765308245333176E-003  6.806978393527038E-006
   1024   1083  7.888393024994507E-003 -3.049223379630488E-002  9.920030664052994E-004  3.843608889034704E-006
   1024   1084 -1.099177449191737E-003  2.859122160152051E-002  8.186661437320647E-004  3.174266624897341E-006
   1024   1085 -2.221682810123481E-002  2.828508187041634E-002  1.293633307295972E-003  5.205058593576040E-006
   1024   1086  4.312823201918906E-003  4.166986096475207E-003  3.596421709922774E-005  1.459672802152898E-007
   1024   1087  3.498128496469112E-003 -3.248217669316695E-002  1.067328705703928E-003  4.399555070864407E-006
   1024   1088  3.533356443264532E-003  1.615038925563573E-002  2.733196808637131E-004  1.127810587380048E-006
