# Cell volume (a.u.)^3. Format: '(a51, ES24.15E3)'   7.062330632076545E+004
# Total number of initial states, Initial states (bandI, bandF) Format : '(3i10)'
        64      1025      1088
# Temperature (K):   300.0
# Initial state, dEPlot (eV), Transition rate Format : '(i10, f10.5, ES24.15E3)'
      1025   0.00000   3.29592221955216E+010
      1026   0.03124   2.39500764791370E+010
      1027   0.14926   1.94300304400478E+010
      1028   0.20887   4.02453154605641E+010
      1029   0.21300   1.27646138954331E+009
      1030   0.21800   1.19510790385494E+010
      1031   0.22109   8.82905886147703E+009
      1032   0.29538   2.59895009423747E+005
      1033   0.30135   2.66125928541151E+010
      1034   0.30318   3.57257082360458E+009
      1035   0.30347   3.28143235264053E+009
      1036   0.31247   1.20539201925405E+010
      1037   0.33571   6.04238946657851E+009
      1038   0.59707   2.51409211476972E+009
      1039   0.61532   1.05388342059847E+010
      1040   0.61993   1.18148157677519E+009
      1041   0.62072   3.54771504918666E+009
      1042   0.62418   1.92582069355914E+008
      1043   0.64586   9.46091433587993E+008
      1044   0.64795   5.51735542182935E+009
      1045   0.66173   3.48637145179457E+008
      1046   0.66367   6.36525122593738E+009
      1047   0.67806   2.52390781867810E+009
      1048   0.68107   4.40812492873721E+009
      1049   0.68360   2.62577153676818E+009
      1050   0.68441   1.19096767881385E+010
      1051   0.71075   6.63725829636241E+009
      1052   0.71269   1.10683904308063E+010
      1053   0.71891   3.68998536438761E+009
      1054   0.71958   1.93232038299606E+007
      1055   0.73431   1.40916310223050E+005
      1056   0.74079   1.09706629627353E+010
      1057   0.74316   2.21098249558074E+008
      1058   0.74447   3.09604744552553E+009
      1059   0.75113   2.10863731198119E+009
      1060   0.75278   7.76520427024217E+007
      1061   0.76964   4.83980360718613E+009
      1062   0.77399   4.33146154144580E+009
      1063   0.81296   4.18721319455542E+009
      1064   0.88881   5.12068605780801E+009
      1065   0.89238   1.78522523910893E+009
      1066   0.89379   3.14884258438753E+009
      1067   0.89643   9.36796487716653E+008
      1068   0.90361   2.31540790915687E+007
      1069   0.90549   4.47085220165213E+008
      1070   0.90680   2.23581668401252E+008
      1071   0.90781   2.50864502725769E+008
      1072   0.91395   7.58912970925663E+008
      1073   0.91550   7.20105053486121E+009
      1074   0.91659   1.11427975010950E+010
      1075   0.91763   8.81184890422681E+008
      1076   0.93106   4.67117346952048E+009
      1077   0.94086   5.77741876678019E+008
      1078   0.94581   2.97789737267073E+009
      1079   0.94744   9.32783615684480E+008
      1080   1.02347   8.38952359294384E+009
      1081   1.02594   1.60016742094288E+008
      1082   1.02633   1.72419490734532E+008
      1083   1.03692   8.81401300308833E+007
      1084   1.08691   3.35300758781320E+009
      1085   1.09134   4.98732613788025E+008
      1086   1.09171   7.89813595145864E+007
      1087   1.09900   2.54575959330415E+008
      1088   1.09989   2.83081600041261E+009
