# Cell volume (a.u.)^3. Format: '(a51, ES24.15E3)'   7.062330632076545E+004
# Total number of initial states, Initial states (bandI, bandF) Format : '(3i10)'
        64      1025      1088
# Temperature (K):   300.0
# Initial state, dEPlot (eV), Transition rate Format : '(i10, f10.5, ES24.15E3)'
      1025   0.00000   1.56009836445171E+008
      1026   0.00088   3.59011628486247E+009
      1027   0.00096   4.02014513893741E+010
      1028   0.02809   2.35631442806718E+010
      1029   0.03671   1.56225056896058E+010
      1030   0.03906   3.21181219534066E+009
      1031   0.18543   1.06545685726163E+010
      1032   0.19187   1.54614539846461E+009
      1033   0.19286   1.13634983945073E+010
      1034   0.22263   6.57184607119557E+008
      1035   0.22288   2.32412045181711E+009
      1036   0.22455   1.60482850833340E+009
      1037   0.22986   4.34155995395849E+009
      1038   0.23597   7.83146686992784E+009
      1039   0.23657   1.32820065410780E+010
      1040   0.24321   8.37101019192489E+009
      1041   0.24556   1.91744831179745E+009
      1042   0.24948   1.52917504692563E+010
      1043   0.28388   8.66554341988541E+008
      1044   0.28822   7.97068471206600E+008
      1045   0.28940   1.74321867249175E+010
      1046   0.29263   6.72070684781812E+008
      1047   0.29304   2.56562124230196E+008
      1048   0.29638   7.20864073062147E+008
      1049   0.31041   5.66694453678514E+009
      1050   0.31539   6.47308440577605E+009
      1051   0.32034   1.48782449887544E+010
      1052   0.42183   1.40137397351672E+008
      1053   0.42699   1.80756730118913E+010
      1054   0.42898   1.80962047353280E+009
      1055   0.55185   2.12529028198068E+009
      1056   0.55867   1.43781317801993E+008
      1057   0.55971   4.30692890000420E+009
      1058   0.56730   2.57574639179401E+009
      1059   0.56962   1.01337694282908E+010
      1060   0.57101   4.46569075909100E+009
      1061   0.57754   2.45006027948069E+009
      1062   0.58663   5.83622483443958E+009
      1063   0.59115   4.31972865111284E+008
      1064   0.64013   1.46675597988125E+009
      1065   0.64463   6.13037536858536E+009
      1066   0.64484   3.68950656260663E+009
      1067   0.71287   2.56111838631125E+009
      1068   0.75627   8.16213499490316E+008
      1069   0.76401   3.51012798546355E+008
      1070   0.76441   3.97627535614897E+009
      1071   0.77200   4.16660928108580E+009
      1072   0.77426   9.61939733873420E+008
      1073   0.77614   1.52412854298084E+009
      1074   0.78484   9.46404327577558E+007
      1075   0.78513   2.62190784415711E+009
      1076   0.78966   9.72491212231602E+009
      1077   0.80723   1.19908731914551E+009
      1078   0.81099   7.31408966587437E+008
      1079   0.81234   5.10291851416249E+009
      1080   0.87574   1.97030388471173E+009
      1081   0.88352   8.56699470464203E+008
      1082   0.88656   4.88601238065756E+009
      1083   0.88694   1.67558975036880E+009
      1084   0.90153   4.50711771913519E+008
      1085   0.90488   5.89408230392030E+009
      1086   0.90651   1.12191597541189E+008
      1087   0.91445   3.23876698734671E+009
      1088   0.91611   1.37939106160072E+008
