# Cell volume (a.u.)^3. Format: '(a51, ES24.15E3)'   7.069336592516651E+004
# Total number of initial states, Initial states (bandI, bandF) Format : '(3i10)'
        64      1025      1088
# Temperature (K):   300.0
# Initial state, dEPlot (eV), Transition rate Format : '(i10, f10.5, ES24.15E3)'
      1025   0.00000   8.44733361940423E+009
      1026   0.00015   2.42356259462214E+010
      1027   0.00081   2.51343176631276E+009
      1028   0.00101   1.26041610915035E+004
      1029   0.00103   2.69679341987760E+010
      1030   0.00486   5.82313511029856E+009
      1031   0.00514   1.40904513043265E+010
      1032   0.00570   9.78147655635501E+008
      1033   0.00576   2.58802337883933E+010
      1034   0.00698   1.79319926138797E+009
      1035   0.00837   2.69120829872020E+009
      1036   0.00920   2.01950243165129E+010
      1037   0.01124   1.15333499699040E+004
      1038   0.01133   1.02619331938114E+010
      1039   0.01206   4.63435561224314E+007
      1040   0.01215   1.44138762375787E+010
      1041   0.01587   2.56652119873975E+009
      1042   0.01595   9.64974389151051E+008
      1043   0.01608   1.44840757103250E+010
      1044   0.01670   1.01634320272696E+010
      1045   0.01678   3.93780090858839E+004
      1046   0.01690   1.14617623836543E+010
      1047   0.01711   3.94931297252664E+008
      1048   0.01733   4.60573667499391E+009
      1049   0.01758   4.67634001191445E+009
      1050   0.01760   5.59656519512545E+009
      1051   0.01773   6.15083330726580E+008
      1052   0.01787   2.42425161760751E+009
      1053   0.01798   4.27055194238371E+009
      1054   0.01804   8.04205287924620E+009
      1055   0.01909   7.56755045179083E+009
      1056   0.02091   1.57951752015185E+009
      1057   0.02093   2.13404850079257E+009
      1058   0.02127   1.28833923872666E+003
      1059   0.02147   5.46710956970665E+003
      1060   0.02170   1.01088677054227E+010
      1061   0.02181   2.70651837139706E+009
      1062   0.02297   4.74347075260465E+008
      1063   0.02317   7.81835585885605E+009
      1064   0.02484   9.25988441346909E+009
      1065   0.02528   2.24140201433432E+008
      1066   0.02670   2.51851832930212E+009
      1067   0.02671   1.36452206541509E+009
      1068   0.02744   5.54461002784743E+004
      1069   0.02764   3.33590128427687E+004
      1070   0.02766   1.62035465139094E+009
      1071   0.02776   9.16279192760368E+009
      1072   0.02891   1.00426289028143E+009
      1073   0.02897   4.41399324721760E+008
      1074   0.02900   4.07039534543567E+009
      1075   0.02908   3.88876315923907E+009
      1076   0.02920   9.06147864683565E+009
      1077   0.02940   7.20336848498381E+006
      1078   0.02952   6.79629524986060E+008
      1079   0.02978   7.74123611013043E+009
      1080   0.02985   7.21983478905418E+008
      1081   0.03049   5.32036485200857E+008
      1082   0.03067   1.25398092182788E+009
      1083   0.03082   8.95593614272421E+009
      1084   0.03084   5.36136770063574E+008
      1085   0.03200   4.01099685466375E+009
      1086   0.03228   1.20003568290690E+008
      1087   0.03277   7.91292766156311E+008
      1088   0.03281   2.81662616047269E+009
