# Cell volume (a.u.)^3. Format: '(a51, ES24.15E3)'   7.069336592516651E+004
# Total number of initial states, Initial states (bandI, bandF) Format : '(3i10)'
        64      1025      1088
# Temperature (K):   300.0
# Initial state, dEPlot (eV), Transition rate Format : '(i10, f10.5, ES24.15E3)'
      1025   0.00000   2.73788433898798E+009
      1026   0.00003   8.74078104065359E+008
      1027   0.00003   4.10961528025926E+010
      1028   0.00102   1.27876125505031E+010
      1029   0.00134   1.27410391032652E+010
      1030   0.00143   1.74919520680312E+010
      1031   0.00681   6.04711998158624E+009
      1032   0.00704   1.42010669722799E+010
      1033   0.00707   3.62014035968105E+009
      1034   0.00817   3.52786666845470E+008
      1035   0.00817   1.46193497047009E+009
      1036   0.00824   2.53941906114798E+009
      1037   0.00844   1.60754103398406E+009
      1038   0.00865   5.50471750417311E+008
      1039   0.00868   2.41329840615443E+010
      1040   0.00892   2.00298476637883E+010
      1041   0.00901   4.70733123234705E+009
      1042   0.00916   1.15971995366903E+009
      1043   0.01042   4.02761389018347E+008
      1044   0.01058   1.15783372728104E+009
      1045   0.01061   1.77971763713157E+010
      1046   0.01073   1.27454058230949E+008
      1047   0.01075   5.33156536895249E+008
      1048   0.01088   8.34414274179534E+008
      1049   0.01139   1.70126685210779E+009
      1050   0.01157   6.48194792894536E+007
      1051   0.01176   2.61081282905190E+010
      1052   0.01547   9.04612528729832E+008
      1053   0.01566   1.56162411727709E+010
      1054   0.01573   3.67518605565635E+009
      1055   0.02026   1.73206978751932E+009
      1056   0.02051   5.01275479023608E+008
      1057   0.02055   4.54860441579398E+009
      1058   0.02081   1.36901903725167E+009
      1059   0.02090   1.69147161678675E+008
      1060   0.02095   3.03179876853029E+008
      1061   0.02119   7.55072386387778E+009
      1062   0.02152   1.25034153142887E+010
      1063   0.02169   4.19146152638194E+009
      1064   0.02349   1.30526772996228E+009
      1065   0.02365   6.85955409274506E+008
      1066   0.02366   9.35571781675773E+009
      1067   0.02601   2.50100245755237E+009
      1068   0.02777   3.41809644894287E+008
      1069   0.02806   9.30311006701082E+008
      1070   0.02807   3.99360531921623E+009
      1071   0.02832   9.74495443875996E+008
      1072   0.02841   3.72292322813396E+008
      1073   0.02848   3.50930406003085E+008
      1074   0.02879   7.57840615020043E+009
      1075   0.02881   2.43031928726578E+009
      1076   0.02897   7.66103065407556E+009
      1077   0.02962   3.35938297708096E+009
      1078   0.02977   1.02802078143272E+009
      1079   0.02981   2.69366547761041E+009
      1080   0.03203   1.87089817098347E+009
      1081   0.03242   5.93920828906135E+009
      1082   0.03252   6.76528475355584E+008
      1083   0.03252   8.86228240747131E+008
      1084   0.03307   6.03288225758761E+008
      1085   0.03319   3.93297375969366E+009
      1086   0.03324   1.94372017900734E+009
      1087   0.03347   2.66705305990481E+009
      1088   0.03353   2.63319036331102E+009
