# Cell volume (a.u.)^3. Format: '(a51, ES24.15E3)'   7.062330632076545E+004
# Total number of initial states, Initial states (bandI, bandF) Format : '(3i10)'
        64      1025      1088
# Temperature (K):   300.0
# Initial state, dEPlot (eV), Transition rate Format : '(i10, f10.5, ES24.15E3)'
      1025   0.00000   6.17753384256133E+009
      1026   0.00403   2.60158913831319E+010
      1027   0.02162   2.24893872117330E+009
      1028   0.02731   1.00638363375141E+005
      1029   0.02777   2.65061676530553E+010
      1030   0.13222   2.31024522886828E+009
      1031   0.14009   1.71386184178590E+010
      1032   0.15551   1.24309412009859E+010
      1033   0.15700   1.40807215663517E+010
      1034   0.18963   1.66126257885817E+009
      1035   0.22805   7.50814436618721E+009
      1036   0.25030   1.50256865344016E+010
      1037   0.30577   2.50142637319791E+005
      1038   0.30826   1.01340432586052E+010
      1039   0.32868   1.20888501588503E+010
      1040   0.33104   2.31594743869323E+009
      1041   0.43233   3.80185547616179E+007
      1042   0.43447   1.60654913012875E+010
      1043   0.43795   7.06440316390474E+009
      1044   0.45488   4.63147976225073E+009
      1045   0.45689   2.40596940025164E+003
      1046   0.46015   1.15066081959120E+010
      1047   0.46592   4.48806370170808E+009
      1048   0.47195   3.52889313057905E+008
      1049   0.47870   1.82611974580138E+009
      1050   0.47909   8.09012383178699E+009
      1051   0.48252   3.81861371449981E+009
      1052   0.48629   6.34203508973200E+009
      1053   0.48962   4.03899315424846E+009
      1054   0.49106   9.84540194796713E+008
      1055   0.51991   7.52185908421424E+009
      1056   0.56906   1.87643202617180E+009
      1057   0.56955   1.77356968308196E+009
      1058   0.57916   1.43143481389838E+005
      1059   0.58457   1.11933078532403E+005
      1060   0.59083   2.38889480298843E+008
      1061   0.59380   1.25867374647731E+010
      1062   0.62580   3.86690369936104E+009
      1063   0.63128   4.15940032476681E+009
      1064   0.67679   9.15221876085961E+009
      1065   0.68872   1.88993193144440E+008
      1066   0.72702   1.58712370064681E+009
      1067   0.72724   2.32550733145048E+009
      1068   0.74716   3.71836253245633E+005
      1069   0.75263   9.62401389896225E+004
      1070   0.75316   9.53758298965556E+009
      1071   0.75585   1.03115104222313E+009
      1072   0.78727   1.66310440685938E+009
      1073   0.78915   5.41077576814995E+008
      1074   0.78991   5.61543672502853E+009
      1075   0.79206   1.48835285402635E+009
      1076   0.79540   4.99855064188817E+009
      1077   0.80066   4.16762429836424E+009
      1078   0.80402   6.01887111096246E+008
      1079   0.81121   8.31458186259558E+009
      1080   0.81329   5.47050982456553E+007
      1081   0.83025   9.31456334257795E+008
      1082   0.83520   6.45939166370211E+008
      1083   0.83976   1.59108255858908E+009
      1084   0.83996   7.98557504887204E+009
      1085   0.87492   3.90367126102560E+009
      1086   0.88260   1.65683693517443E+008
      1087   0.89259   4.85492250711031E+008
      1088   0.89404   4.39394971087589E+009
