# Cell volume (a.u.)^3. Format: '(a51, ES24.15E3)'   7.062330632076545E+004
# Total number of initial states, Initial states (bandI, bandF) Format : '(3i10)'
        64      1025      1088
# Temperature (K):   300.0
# Initial state, dEPlot (eV), Transition rate Format : '(i10, f10.5, ES24.15E3)'
      1025   0.00000   2.21151786654473E+010
      1026   0.00408   1.01327657872552E+010
      1027   0.02163   2.28491684069617E+009
      1028   0.02734   1.14128720872865E+005
      1029   0.02779   2.63443850892732E+010
      1030   0.13222   1.78760959643744E+010
      1031   0.14012   1.73906834574369E+009
      1032   0.15550   2.26822776770853E+010
      1033   0.15705   3.66251258171887E+009
      1034   0.18965   1.65259847838339E+009
      1035   0.22810   2.25281228724503E+010
      1036   0.25029   1.60378393459610E+008
      1037   0.30579   3.49179032750056E+004
      1038   0.30829   1.01778296883890E+010
      1039   0.32870   9.93184959314952E+009
      1040   0.33106   4.48517730007451E+009
      1041   0.43237   3.20686812167946E+009
      1042   0.43453   1.08919207241738E+010
      1043   0.43792   1.31755630132557E+010
      1044   0.45489   7.52392543474885E+008
      1045   0.45691   1.70828888557212E+003
      1046   0.46017   1.14415980500661E+010
      1047   0.46592   4.78611942121155E+009
      1048   0.47194   7.31206238769407E+007
      1049   0.47874   9.73442725386489E+009
      1050   0.47913   1.26197779533423E+008
      1051   0.48255   3.00160100885950E+009
      1052   0.48634   7.88363361816453E+009
      1053   0.48964   1.36693310151428E+009
      1054   0.49107   2.89938467487160E+009
      1055   0.51993   7.57099597020204E+009
      1056   0.56906   7.60351370921853E+008
      1057   0.56959   2.82784138441100E+009
      1058   0.57918   3.65759588167617E+004
      1059   0.58460   4.74614174186206E+004
      1060   0.59084   6.82057584357649E+008
      1061   0.59384   1.21092720867429E+010
      1062   0.62582   7.36769019622900E+009
      1063   0.63130   5.85681862863191E+008
      1064   0.67681   9.28406079250285E+009
      1065   0.68873   2.02882919451802E+008
      1066   0.72699   3.54316397290385E+009
      1067   0.72730   3.48457783614371E+008
      1068   0.74719   5.97689831685899E+004
      1069   0.75265   3.93299089118830E+004
      1070   0.75315   8.92743614555602E+009
      1071   0.75589   1.55415900516897E+009
      1072   0.78727   1.26548363765797E+009
      1073   0.78917   4.34889822270944E+009
      1074   0.78993   2.73234032347375E+009
      1075   0.79207   9.08506885139508E+008
      1076   0.79544   1.65755392621147E+009
      1077   0.80070   7.42485715695442E+009
      1078   0.80404   6.34726060652222E+008
      1079   0.81123   8.26550047816878E+009
      1080   0.81334   1.26289912204685E+006
      1081   0.83029   6.63884816111297E+007
      1082   0.83521   1.81731763498237E+009
      1083   0.83978   4.32791825060674E+009
      1084   0.83998   4.86569916031557E+009
      1085   0.87494   3.89169385540204E+009
      1086   0.88261   1.59996103429208E+008
      1087   0.89260   6.07319256557930E+008
      1088   0.89407   1.38903080898874E+009
