# Cell volume (a.u.)^3. Format: '(a51, ES24.15E3)'   7.069336592516651E+004
# Total number of initial states, Initial states (bandI, bandF) Format : '(3i10)'
        64      1025      1088
# Temperature (K):   300.0
# Initial state, dEPlot (eV), Transition rate Format : '(i10, f10.5, ES24.15E3)'
      1025   0.00000   2.62163075506442E+010
      1026   0.00038   8.35197243500890E+009
      1027   0.00105   1.96264003130854E+010
      1028   0.00117   1.28682256033795E+009
      1029   0.00126   2.59862155126446E+010
      1030   0.00499   1.34008478830498E+010
      1031   0.00536   1.19248967352018E+010
      1032   0.00584   1.93237220080835E+010
      1033   0.00601   1.79888916701908E+009
      1034   0.00726   1.15100066397586E+010
      1035   0.00857   2.54388651067639E+008
      1036   0.00912   2.63974375992734E+009
      1037   0.01136   3.02546822458233E+009
      1038   0.01144   4.76633009460727E+009
      1039   0.01203   1.43652542347240E+010
      1040   0.01241   3.74744601908294E+009
      1041   0.01599   5.34140062220645E+008
      1042   0.01608   2.41916929003937E+008
      1043   0.01624   1.12091247993887E+010
      1044   0.01688   2.17581878557738E+009
      1045   0.01699   3.97900092372897E+007
      1046   0.01710   1.06055494449642E+010
      1047   0.01725   7.16525600049511E+009
      1048   0.01746   4.68475449998236E+009
      1049   0.01771   2.93506450937000E+007
      1050   0.01782   8.97008816263777E+009
      1051   0.01791   9.59589696759151E+009
      1052   0.01793   1.14564533887421E+009
      1053   0.01809   2.91905899274284E+009
      1054   0.01820   4.43502845366832E+008
      1055   0.01906   7.27151522967960E+008
      1056   0.02105   4.84886497862207E+009
      1057   0.02108   2.04128028109506E+008
      1058   0.02148   1.76699724280091E+009
      1059   0.02155   2.16993073689874E+008
      1060   0.02181   9.54343474941299E+009
      1061   0.02201   1.28849318758570E+009
      1062   0.02304   3.25347990687555E+008
      1063   0.02339   1.01267115143771E+010
      1064   0.02502   3.90155120699807E+009
      1065   0.02539   3.89646496148839E+009
      1066   0.02687   4.17727523390102E+009
      1067   0.02692   1.53274768101555E+009
      1068   0.02764   2.04425969572336E+009
      1069   0.02777   1.69339923027521E+008
      1070   0.02785   8.85694459132128E+009
      1071   0.02800   1.16992228075766E+008
      1072   0.02901   6.13833091493918E+009
      1073   0.02914   2.38048632606898E+007
      1074   0.02919   1.69572824908662E+009
      1075   0.02927   3.48964577856322E+008
      1076   0.02946   5.92761996021493E+009
      1077   0.02958   1.83963998491781E+008
      1078   0.02975   3.28246062436357E+009
      1079   0.02990   4.03450971001658E+009
      1080   0.03004   1.66207459441104E+009
      1081   0.03058   3.32187145759608E+009
      1082   0.03079   4.16193863754217E+009
      1083   0.03098   1.77316751482838E+009
      1084   0.03103   3.67101835019249E+008
      1085   0.03220   4.00854939904583E+009
      1086   0.03236   3.33275874743383E+008
      1087   0.03287   3.97216161400583E+009
      1088   0.03293   1.29661616593825E+009
