# Cell volume (a.u.)^3. Format: '(a51, ES24.15E3)'   7.069336592516651E+004
# Total number of initial states, Initial states (bandI, bandF) Format : '(3i10)'
        64      1025      1088
# Temperature (K):   300.0
# Initial state, dEPlot (eV), Transition rate Format : '(i10, f10.5, ES24.15E3)'
      1025   0.00000   3.34209257103828E+010
      1026   0.00115   2.46069987015864E+010
      1027   0.00547   1.98926848679192E+010
      1028   0.00766   2.70744677541526E+009
      1029   0.00781   3.28178365382882E+010
      1030   0.00800   5.00151147936828E+009
      1031   0.00811   2.26040187019045E+010
      1032   0.01085   9.61644105508550E+003
      1033   0.01107   2.74884360420876E+010
      1034   0.01114   1.92677301428968E+009
      1035   0.01114   4.66479651898122E+009
      1036   0.01147   1.20743383819834E+010
      1037   0.01233   6.11327311784215E+009
      1038   0.02194   2.60607912174854E+009
      1039   0.02260   5.64818775623839E+009
      1040   0.02277   6.74024960604195E+007
      1041   0.02279   6.11455056976717E+009
      1042   0.02292   3.77907425808285E+009
      1043   0.02372   4.09638896337063E+009
      1044   0.02379   7.90821742425238E+009
      1045   0.02430   8.10111329645722E+008
      1046   0.02437   6.32367143323474E+008
      1047   0.02489   2.71224475148953E+009
      1048   0.02500   8.76563512231478E+009
      1049   0.02509   2.24288813466349E+008
      1050   0.02512   1.00981799986859E+010
      1051   0.02608   1.76104584880737E+010
      1052   0.02615   4.20804221221957E+007
      1053   0.02639   3.74411541718786E+009
      1054   0.02641   1.43602207138834E+008
      1055   0.02696   4.43757084847023E+004
      1056   0.02720   1.13886808376248E+010
      1057   0.02728   3.93575011673134E+008
      1058   0.02733   2.80924205204215E+009
      1059   0.02758   2.23503988442336E+009
      1060   0.02764   8.05183570274876E+009
      1061   0.02826   5.63845716221964E+008
      1062   0.02842   6.11454419953939E+008
      1063   0.02984   4.31125531057845E+009
      1064   0.03264   7.16421761386679E+009
      1065   0.03277   8.42165019856660E+008
      1066   0.03282   1.47895862055298E+009
      1067   0.03292   1.77721140051738E+009
      1068   0.03318   3.40717132498790E+008
      1069   0.03325   8.64014050743251E+006
      1070   0.03329   1.24904241886957E+007
      1071   0.03333   4.90490708436564E+008
      1072   0.03356   7.68523417873865E+009
      1073   0.03361   3.44484332830020E+009
      1074   0.03365   7.27991344391076E+009
      1075   0.03369   1.78690316039321E+009
      1076   0.03419   9.69027162711190E+008
      1077   0.03454   1.23577470157943E+009
      1078   0.03472   4.24519785473208E+009
      1079   0.03479   2.79633829512706E+009
      1080   0.03743   8.39667709750974E+009
      1081   0.03751   1.33742004430537E+008
      1082   0.03753   7.16548248776053E+006
      1083   0.03793   1.85706411553321E+008
      1084   0.03992   5.46021298549747E+007
      1085   0.04009   3.28500897071762E+009
      1086   0.04010   4.38205439639034E+008
      1087   0.04037   4.60130700443671E+008
      1088   0.04037   2.79494377598419E+009
