# Cell volume (a.u.)^3. Format: '(a51, ES24.15E3)'   7.062330632076545E+004
# Total number of initial states, Initial states (bandI, bandF) Format : '(3i10)'
        64      1025      1088
# Temperature (K):   300.0
# Initial state, dEPlot (eV), Transition rate Format : '(i10, f10.5, ES24.15E3)'
      1025   1.03348   4.73790702879701E+008
      1026   1.03435   3.26568522460444E+009
      1027   1.03443   3.97189103051508E+010
      1028   1.06154   2.80734985559116E+009
      1029   1.07016   1.76171793779504E+010
      1030   1.07252   2.14957673112058E+010
      1031   1.21889   4.35195322485607E+009
      1032   1.22535   1.03228505996575E+010
      1033   1.22632   8.73698064554178E+009
      1034   1.25608   2.73239474958431E+009
      1035   1.25634   8.55959538833229E+008
      1036   1.25800   1.01529611126637E+009
      1037   1.26334   1.93455701739543E+010
      1038   1.26944   1.75240072511858E+009
      1039   1.27004   4.34594120079802E+009
      1040   1.27668   5.86740847381922E+009
      1041   1.27903   1.16784985662359E+010
      1042   1.28299   7.88343667465496E+009
      1043   1.31735   1.54272177530981E+009
      1044   1.32168   7.19106104813303E+007
      1045   1.32286   1.73201915141159E+010
      1046   1.32609   8.34428560392495E+008
      1047   1.32650   6.86473856404832E+008
      1048   1.32984   1.09752702697681E+008
      1049   1.34387   6.45780746673135E+009
      1050   1.34882   4.40675765921306E+009
      1051   1.35378   1.59976724054337E+010
      1052   1.45529   1.63511362469179E+009
      1053   1.46044   6.48716741789417E+009
      1054   1.46245   1.17760237994373E+010
      1055   1.58531   6.63474282720022E+008
      1056   1.59213   1.63023845458955E+009
      1057   1.59316   4.25942571492899E+009
      1058   1.60076   9.24130890326911E+009
      1059   1.60307   4.37250767012224E+006
      1060   1.60448   5.97076254565724E+008
      1061   1.61101   3.97510015375037E+009
      1062   1.62010   4.56569025373540E+009
      1063   1.62464   7.63244582119107E+009
      1064   1.67358   4.46131266405758E+009
      1065   1.67808   1.44360661497051E+009
      1066   1.67829   5.45294242221922E+009
      1067   1.74632   2.53398990318382E+009
      1068   1.78972   6.59069361676369E+008
      1069   1.79746   2.30054483931105E+009
      1070   1.79786   2.17694910068110E+009
      1071   1.80545   4.27671128679267E+009
      1072   1.80772   4.14350636882582E+009
      1073   1.80960   2.90911814655478E+009
      1074   1.81831   2.13447809813951E+009
      1075   1.81859   2.31584058420694E+009
      1076   1.82312   3.17071670720117E+009
      1077   1.84069   4.32488429658657E+009
      1078   1.84447   1.42303988412598E+009
      1079   1.84581   1.28276909955113E+009
      1080   1.90920   1.89839706279096E+009
      1081   1.91698   5.75423003614581E+009
      1082   1.92002   3.12214136883801E+008
      1083   1.92038   1.30817634723695E+009
      1084   1.93499   2.94489365047321E+009
      1085   1.93833   2.28251355860493E+009
      1086   1.93996   1.22567384712125E+009
      1087   1.94791   1.54948408581740E+009
      1088   1.94957   4.39947688570639E+009
