# Cell volume (a.u.)^3. Format: '(a51, ES24.15E3)'   7.069336592516651E+004
# Total number of initial states, Initial states (bandI, bandF) Format : '(3i10)'
        64      1025      1088
# Temperature (K):   300.0
# Initial state, dEPlot (eV), Transition rate Format : '(i10, f10.5, ES24.15E3)'
      1025   0.00000   4.61064335205384E+009
      1026   0.00038   2.99403132588338E+010
      1027   0.00105   1.96181549734741E+010
      1028   0.00117   1.28442974156546E+009
      1029   0.00126   2.59634910315931E+010
      1030   0.00499   1.33560814307641E+010
      1031   0.00536   1.19687378358570E+010
      1032   0.00584   1.94420097179527E+010
      1033   0.00601   1.68032636979670E+009
      1034   0.00726   1.15155267341078E+010
      1035   0.00857   2.53446229553209E+008
      1036   0.00912   2.63740061393515E+009
      1037   0.01136   3.02794149723894E+009
      1038   0.01144   4.77950080367814E+009
      1039   0.01203   1.50983034783418E+010
      1040   0.01241   2.99724188465466E+009
      1041   0.01599   5.23571369486755E+008
      1042   0.01608   2.51122899574038E+008
      1043   0.01624   1.12061340038804E+010
      1044   0.01688   2.17403768664931E+009
      1045   0.01699   3.99042092613042E+007
      1046   0.01710   1.06130110146086E+010
      1047   0.01725   7.19005261226361E+009
      1048   0.01746   4.66299973228679E+009
      1049   0.01771   2.48054234695950E+007
      1050   0.01782   8.97459625222377E+009
      1051   0.01791   1.03558723372098E+010
      1052   0.01793   3.36699968342402E+009
      1053   0.01809   2.84987623507831E+008
      1054   0.01820   8.06458520192873E+007
      1055   0.01906   7.28519214921067E+008
      1056   0.02105   4.62149739616746E+009
      1057   0.02108   4.16567372724974E+008
      1058   0.02148   1.70044026561492E+009
      1059   0.02155   2.77470029952200E+008
      1060   0.02181   1.58690062177129E+009
      1061   0.02201   9.24155032317334E+009
      1062   0.02304   1.91795957400672E+008
      1063   0.02339   1.02766647436273E+010
      1064   0.02502   3.90539887678949E+009
      1065   0.02539   3.90464023963242E+009
      1066   0.02687   9.84441218000725E+008
      1067   0.02692   4.73688321054948E+009
      1068   0.02764   2.08551996376838E+009
      1069   0.02777   1.30101984274679E+008
      1070   0.02785   8.87150978562862E+009
      1071   0.02800   1.07211506786136E+008
      1072   0.02901   6.21333106213183E+009
      1073   0.02914   4.04011022225514E+008
      1074   0.02919   1.16314890110729E+008
      1075   0.02927   1.47488670403436E+009
      1076   0.02946   6.10321580122353E+009
      1077   0.02958   1.51352018279452E+006
      1078   0.02975   3.27478744846571E+009
      1079   0.02990   4.04486981967263E+009
      1080   0.03004   1.66179788812537E+009
      1081   0.03058   2.92474218487481E+007
      1082   0.03079   3.99737020534772E+009
      1083   0.03098   5.58604361651753E+009
      1084   0.03103   3.26401763324125E+007
      1085   0.03220   4.00816811086983E+009
      1086   0.03236   3.32931883560872E+008
      1087   0.03287   3.89716003618717E+009
      1088   0.03293   4.60510897292529E+008
