# Cell volume (a.u.)^3. Format: '(a51, ES24.15E3)'   7.062330632076545E+004
# Total number of initial states, Initial states (bandI, bandF) Format : '(3i10)'
        64      1025      1088
# Temperature (K):   300.0
# Initial state, dEPlot (eV), Transition rate Format : '(i10, f10.5, ES24.15E3)'
      1025   1.02982   2.51845139121882E+003
      1026   1.03329   9.07797078600903E+004
      1027   1.03330   1.35026593636388E+010
      1028   1.06371   9.22105671718598E+009
      1029   1.06973   6.69455774866069E+009
      1030   1.06975   8.59753139544625E+009
      1031   1.21922   2.68286533780624E+009
      1032   1.22584   1.17249273761512E+009
      1033   1.22586   1.24896163426165E+009
      1034   1.25622   8.06439267811581E+004
      1035   1.25624   2.39387120870719E+005
      1036   1.25766   1.08705652832052E+004
      1037   1.25956   2.14092282118147E+010
      1038   1.26868   8.89120960089512E+009
      1039   1.26869   3.16278538705921E+010
      1040   1.27968   1.37253825920713E+010
      1041   1.28152   8.84316392857031E+009
      1042   1.28154   6.78402116664186E+009
      1043   1.31423   8.64754261505810E+004
      1044   1.31953   2.02898909388451E+005
      1045   1.31954   6.94627289439227E+009
      1046   1.32613   1.57839065490885E+005
      1047   1.32614   1.11782396815864E+005
      1048   1.32618   7.30254108967966E+004
      1049   1.35142   3.03745046953709E+010
      1050   1.35145   1.14965365920124E+010
      1051   1.35790   1.50204905837915E+010
      1052   1.45990   5.47250153225417E+007
      1053   1.46045   1.42130593296556E+010
      1054   1.46047   6.34333877628621E+008
      1055   1.59251   1.06424255252856E+005
      1056   1.59409   1.57496285459028E+005
      1057   1.59410   1.90518357590253E+010
      1058   1.60024   8.11398140297029E+009
      1059   1.60025   4.95007937452174E+009
      1060   1.60314   1.63691511887493E+007
      1061   1.61765   4.78578102326424E+009
      1062   1.62454   5.88091973436786E+009
      1063   1.62458   4.13038744185002E+009
      1064   1.67565   4.81378622518057E+008
      1065   1.67591   2.58370763637230E+009
      1066   1.67592   2.79384111167655E+009
      1067   1.74975   1.95317092047547E+009
      1068   1.78893   6.63844531651023E+009
      1069   1.79539   1.08660839890460E+009
      1070   1.79544   4.20039822148380E+008
      1071   1.80546   1.25252264256732E+009
      1072   1.80548   2.62216358526546E+009
      1073   1.80769   5.34672193713492E+009
      1074   1.82302   4.61356031692391E+009
      1075   1.82303   1.02934835231477E+010
      1076   1.82374   3.22106091037899E+008
      1077   1.83761   5.35489701872640E+008
      1078   1.84341   5.48506170890660E+008
      1079   1.84343   1.22459309556629E+009
      1080   1.91063   2.04820538008417E+009
      1081   1.91634   3.51180128497488E+009
      1082   1.91720   2.71499010549529E+009
      1083   1.91720   2.09142908798347E+009
      1084   1.93613   1.20048354999416E+009
      1085   1.93613   9.67368893023740E+007
      1086   1.94006   9.58555021459312E+007
      1087   1.94654   1.93688023755248E+009
      1088   1.94657   3.72748175280901E+008
