# Cell volume (a.u.)^3. Format: '(a51, ES24.15E3)'   7.062330632076545E+004
# Total number of initial states, Initial states (bandI, bandF) Format : '(3i10)'
        64      1025      1088
# Temperature (K):   300.0
# Initial state, dEPlot (eV), Transition rate Format : '(i10, f10.5, ES24.15E3)'
      1025   0.00000   2.86678499491401E+010
      1026   0.00408   2.90781867008937E+009
      1027   0.02163   2.28623151629361E+009
      1028   0.02734   1.06561352099683E+003
      1029   0.02779   2.67500054019581E+010
      1030   0.13222   1.44997911717905E+010
      1031   0.14012   5.05499707100733E+009
      1032   0.15550   1.92526087327719E+010
      1033   0.15705   7.48615897624195E+009
      1034   0.18965   1.64822572743216E+009
      1035   0.22810   1.97240122959897E+010
      1036   0.25029   3.10465172658762E+009
      1037   0.30579   6.18373350928889E+004
      1038   0.30829   9.82817797829187E+009
      1039   0.32870   1.10320748057582E+010
      1040   0.33106   2.94075338630902E+009
      1041   0.43237   3.38599181604565E+009
      1042   0.43453   2.96963805360722E+009
      1043   0.43792   1.23231198774039E+010
      1044   0.45489   9.52647856323997E+009
      1045   0.45691   1.00608248521864E+005
      1046   0.46017   1.12459074751440E+010
      1047   0.46592   1.72771783756653E+009
      1048   0.47194   3.13234983378232E+009
      1049   0.47874   5.04984283972388E+008
      1050   0.47913   9.75468405468891E+009
      1051   0.48255   3.97274534913512E+009
      1052   0.48634   1.31691312246106E+009
      1053   0.48964   2.62993177135671E+009
      1054   0.49107   7.07735749299624E+009
      1055   0.51993   7.50292722545168E+009
      1056   0.56906   1.48607083232879E+009
      1057   0.56959   2.24783795420954E+009
      1058   0.57918   4.30810512105266E+004
      1059   0.58460   8.05948136258688E+004
      1060   0.59084   6.80339453360408E+008
      1061   0.59384   1.17891817360391E+010
      1062   0.62582   4.31830222756192E+008
      1063   0.63130   7.88254289271234E+009
      1064   0.67681   9.22006620433773E+009
      1065   0.68873   2.14067819276998E+008
      1066   0.72699   3.76038010444799E+009
      1067   0.72730   1.80060890686760E+007
      1068   0.74719   5.25472300662486E+004
      1069   0.75265   5.05526650309822E+004
      1070   0.75315   9.24303514474842E+009
      1071   0.75589   1.57264387087773E+009
      1072   0.78727   2.25121705059363E+009
      1073   0.78917   2.23091030030469E+009
      1074   0.78993   4.36374163791137E+009
      1075   0.79207   4.41876646532590E+008
      1076   0.79544   1.27068523759356E+008
      1077   0.80070   8.79286111612234E+009
      1078   0.80404   6.39093518918329E+008
      1079   0.81123   2.02710808307297E+009
      1080   0.81334   6.42705770524292E+009
      1081   0.83029   1.45640343212546E+009
      1082   0.83521   6.00875256562910E+007
      1083   0.83978   5.96075925368962E+009
      1084   0.83998   3.68112103313601E+009
      1085   0.87494   3.84833582902095E+009
      1086   0.88261   1.31283165382264E+008
      1087   0.89260   4.03305967974383E+009
      1088   0.89407   5.69589388728826E+008
