# Cell volume (a.u.)^3. Format: '(a51, ES24.15E3)'   7.062330632076545E+004
# Total number of initial states, Initial states (bandI, bandF) Format : '(3i10)'
        64      1025      1088
# Temperature (K):   300.0
# Initial state, dEPlot (eV), Transition rate Format : '(i10, f10.5, ES24.15E3)'
      1025   0.00000   3.46645547495653E+009
      1026   0.00088   2.51811770708731E+008
      1027   0.00097   4.00581594207061E+010
      1028   0.02810   3.39816492574371E+010
      1029   0.03672   5.77889135040935E+009
      1030   0.03907   2.87594087753223E+009
      1031   0.18544   1.42612688179309E+010
      1032   0.19189   7.01381847322891E+009
      1033   0.19288   2.26743048389831E+009
      1034   0.22262   4.79079632798424E+008
      1035   0.22290   1.75637443219188E+009
      1036   0.22455   2.27975757729307E+009
      1037   0.22988   5.93509449895274E+009
      1038   0.23597   1.10422626899685E+010
      1039   0.23659   8.33379153115726E+009
      1040   0.24321   1.48613052526069E+009
      1041   0.24556   7.67990019008439E+009
      1042   0.24948   1.62219959096444E+010
      1043   0.28388   1.43147749845614E+009
      1044   0.28821   2.25094631659792E+008
      1045   0.28941   1.74329278567622E+010
      1046   0.29263   5.44300585123260E+008
      1047   0.29306   7.34547104754171E+008
      1048   0.29638   3.01409857220314E+008
      1049   0.31043   9.45126204768080E+009
      1050   0.31541   6.93394770279562E+008
      1051   0.32033   1.70283559965716E+010
      1052   0.42184   2.75426630525971E+009
      1053   0.42700   7.99938182340635E+009
      1054   0.42899   9.50130489887423E+009
      1055   0.55185   6.55289654933509E+008
      1056   0.55869   1.72186832878180E+009
      1057   0.55971   4.34572555484966E+009
      1058   0.56732   6.51568940702671E+007
      1059   0.56961   7.02067331280127E+009
      1060   0.57102   1.32075970814517E+010
      1061   0.57755   2.39518234414383E+009
      1062   0.58664   8.31572943038750E+008
      1063   0.59115   2.10474118698934E+009
      1064   0.64014   9.98244492551534E+009
      1065   0.64464   9.10292779265373E+008
      1066   0.64484   3.74752243028039E+008
      1067   0.71288   2.52567339060537E+009
      1068   0.75628   2.18140276958738E+009
      1069   0.76402   1.95126789499236E+009
      1070   0.76441   1.01547771607849E+009
      1071   0.77201   4.75277078472752E+009
      1072   0.77427   3.92516530754317E+009
      1073   0.77614   9.59097404077854E+008
      1074   0.78485   1.63954446462157E+009
      1075   0.78514   4.76117769341919E+009
      1076   0.78966   3.14494481887050E+009
      1077   0.80723   4.18062895466230E+009
      1078   0.81099   2.17032626260072E+009
      1079   0.81235   6.62893012924826E+008
      1080   0.87575   1.91508523069389E+009
      1081   0.88352   1.24334467592443E+009
      1082   0.88657   5.84181437567109E+007
      1083   0.88694   6.13417387612516E+009
      1084   0.90155   9.35321716812929E+008
      1085   0.90489   5.17408333256837E+009
      1086   0.90652   3.47139412291129E+008
      1087   0.91446   8.42289787841370E+008
      1088   0.91612   3.81530202575943E+009
