# Cell volume (a.u.)^3. Format: '(a51, ES24.15E3)'   7.062330632076545E+004
# Total number of initial states, Initial states (bandI, bandF) Format : '(3i10)'
        64      1025      1088
# Temperature (K):   300.0
# Initial state, dEPlot (eV), Transition rate Format : '(i10, f10.5, ES24.15E3)'
      1025   0.00000   2.12800724758807E+010
      1026   0.00403   1.04167825499475E+010
      1027   0.02162   2.28223446122503E+009
      1028   0.02731   2.75479569578371E+004
      1029   0.02777   2.68133078505090E+010
      1030   0.13222   1.83217708071852E+010
      1031   0.14009   1.13629503087700E+009
      1032   0.15551   8.46154308160568E+009
      1033   0.15700   1.83720771794121E+010
      1034   0.18963   1.60395542413820E+009
      1035   0.22805   1.59030706485653E+010
      1036   0.25030   6.78053816061487E+009
      1037   0.30577   2.53878888502273E+005
      1038   0.30826   9.87399793716139E+009
      1039   0.32868   7.49656609330751E+008
      1040   0.33104   1.33351536351271E+010
      1041   0.43233   2.43642800069726E+007
      1042   0.43447   3.25658526900244E+009
      1043   0.43795   1.67536152534139E+010
      1044   0.45488   7.91491580662852E+009
      1045   0.45689   4.92993300921932E+004
      1046   0.46015   1.13643805678941E+010
      1047   0.46592   4.53356818360275E+009
      1048   0.47195   2.37959191242910E+008
      1049   0.47870   3.49537482005982E+009
      1050   0.47909   6.70986604763143E+009
      1051   0.48252   2.63066386878439E+009
      1052   0.48629   4.25184831748238E+009
      1053   0.48962   6.16038073888815E+009
      1054   0.49106   2.04921381279040E+009
      1055   0.51991   7.44427415641906E+009
      1056   0.56906   5.93049268173120E+008
      1057   0.56955   3.15186999916140E+009
      1058   0.57916   9.10604912924771E+004
      1059   0.58457   3.28616916887375E+005
      1060   0.59083   1.15790624777844E+010
      1061   0.59380   9.88310924818507E+008
      1062   0.62580   4.34970868275781E+009
      1063   0.63128   3.93759940706402E+009
      1064   0.67679   9.10413267762443E+009
      1065   0.68872   2.29248376311091E+008
      1066   0.72702   2.00225403335433E+007
      1067   0.72724   3.83177666417563E+009
      1068   0.74716   3.76108879751460E+005
      1069   0.75263   3.09271048363262E+004
      1070   0.75316   3.40831397610497E+009
      1071   0.75585   7.43524936907645E+009
      1072   0.78727   7.17896614983053E+009
      1073   0.78915   1.00631043798209E+009
      1074   0.78991   3.35303226542374E+007
      1075   0.79206   1.13121868430031E+009
      1076   0.79540   4.09476938876363E+009
      1077   0.80066   4.93291969200090E+009
      1078   0.80402   6.42399050635286E+008
      1079   0.81121   8.41589892916814E+009
      1080   0.81329   1.12039617739905E+008
      1081   0.83025   4.52962210446949E+009
      1082   0.83520   2.87332352406988E+009
      1083   0.83976   2.78316818712189E+009
      1084   0.83996   1.00021226465459E+009
      1085   0.87492   3.89490843781939E+009
      1086   0.88260   1.29544752844460E+008
      1087   0.89259   1.03195524847722E+009
      1088   0.89404   4.55426030214690E+009
