# Cell volume (a.u.)^3. Format: '(a51, ES24.15E3)'   7.062330632076545E+004
# Total number of initial states, Initial states (bandI, bandF) Format : '(3i10)'
        64      1025      1088
# Temperature (K):   300.0
# Initial state, dEPlot (eV), Transition rate Format : '(i10, f10.5, ES24.15E3)'
      1025   0.00000   2.14085371472363E+009
      1026   0.00089   1.65194653794441E+009
      1027   0.00096   4.02111028896853E+010
      1028   0.02809   8.52622885898594E+009
      1029   0.03670   2.43218736350213E+010
      1030   0.03908   9.60325629151983E+009
      1031   0.18544   7.92010590089722E+009
      1032   0.19190   6.66722778181188E+009
      1033   0.19285   8.97463701204558E+009
      1034   0.22263   1.03503381686397E+009
      1035   0.22286   3.04631183027089E+008
      1036   0.22453   3.20961139108588E+009
      1037   0.22989   7.09155171444651E+009
      1038   0.23598   1.97426013899153E+009
      1039   0.23657   1.64056793293451E+010
      1040   0.24321   6.28794590098849E+009
      1041   0.24556   7.02373647830311E+009
      1042   0.24947   1.22818136110178E+010
      1043   0.28386   9.03595227626835E+008
      1044   0.28821   7.71373249275506E+008
      1045   0.28940   1.74012329049301E+010
      1046   0.29262   4.99913120210698E+008
      1047   0.29302   7.07369223690052E+007
      1048   0.29638   1.03748485537047E+009
      1049   0.31042   9.35052968052136E+009
      1050   0.31540   1.47519672586672E+010
      1051   0.32035   2.90194000174114E+009
      1052   0.42184   1.06211035773848E+010
      1053   0.42699   4.53474103775859E+009
      1054   0.42899   4.88499556120378E+009
      1055   0.55184   4.63743575275140E+007
      1056   0.55866   2.22900980590398E+009
      1057   0.55970   4.28581945936073E+009
      1058   0.56729   2.51747169795363E+008
      1059   0.56961   6.12018518983418E+008
      1060   0.57101   4.32668254277251E+008
      1061   0.57755   5.90685174441561E+009
      1062   0.58664   1.24885820013223E+010
      1063   0.59118   6.19769311717423E+009
      1064   0.64013   7.52621868840201E+009
      1065   0.64463   1.41771078067182E+009
      1066   0.64484   2.37442745197410E+009
      1067   0.71288   2.58267886628478E+009
      1068   0.75628   1.62992562881917E+007
      1069   0.76398   3.87687447508376E+009
      1070   0.76444   1.22305942575107E+009
      1071   0.77200   2.24779698944126E+009
      1072   0.77426   3.41911994022967E+009
      1073   0.77612   6.21560522944014E+009
      1074   0.78482   2.53273186605239E+009
      1075   0.78514   2.23796237877401E+009
      1076   0.78968   2.38472301320016E+009
      1077   0.80724   1.65401952008571E+009
      1078   0.81099   2.95430325684594E+009
      1079   0.81233   2.48608904144472E+009
      1080   0.87574   1.91926698504883E+009
      1081   0.88353   1.75686884314035E+009
      1082   0.88656   2.61432907278032E+009
      1083   0.88692   3.04406935458834E+009
      1084   0.90155   1.72034808466791E+009
      1085   0.90486   1.42195629081855E+009
      1086   0.90651   3.35417221440862E+009
      1087   0.91446   3.87795646575353E+009
      1088   0.91610   1.71557305167635E+008
