# Cell volume (a.u.)^3. Format: '(a51, ES24.15E3)'   7.062330632076545E+004
# Total number of initial states, Initial states (bandI, bandF) Format : '(3i10)'
        64      1025      1088
# Temperature (K):   300.0
# Initial state, dEPlot (eV), Transition rate Format : '(i10, f10.5, ES24.15E3)'
      1025   0.00000   8.42302111323774E+009
      1026   0.01013   2.57450549630986E+010
      1027   0.02842   1.93505023616195E+010
      1028   0.03172   1.30087783267049E+009
      1029   0.03392   2.52741961156807E+010
      1030   0.13599   1.34766784964685E+009
      1031   0.14607   2.36374840535391E+010
      1032   0.15909   2.06403352613873E+010
      1033   0.16392   5.55961055965332E+007
      1034   0.19757   1.14029923488685E+010
      1035   0.23303   5.11950409190889E+007
      1036   0.24811   2.53845025613861E+009
      1037   0.30903   3.15628990567721E+009
      1038   0.31125   4.54759072239733E+009
      1039   0.32773   1.77564574116091E+010
      1040   0.33814   3.15456687565007E+008
      1041   0.43540   8.51107634312527E+007
      1042   0.43778   2.67636072999472E+008
      1043   0.44230   1.09564629562658E+010
      1044   0.45970   2.34365113538443E+009
      1045   0.46262   5.57676582957207E+007
      1046   0.46580   1.03581250679792E+010
      1047   0.46968   3.41162654145439E+008
      1048   0.47547   1.14212995111993E+010
      1049   0.48220   8.72143245303522E+009
      1050   0.48506   2.38715055054024E+008
      1051   0.48744   2.21442844771034E+008
      1052   0.48805   2.55221820299339E+009
      1053   0.49237   4.12469495661830E+007
      1054   0.49546   1.10316164662827E+010
      1055   0.51869   6.54722902279276E+008
      1056   0.57297   2.27209303638691E+009
      1057   0.57381   2.64363373308269E+009
      1058   0.58490   1.78207926752713E+009
      1059   0.58684   3.11437097339912E+008
      1060   0.59370   1.02096717034099E+010
      1061   0.59906   3.17168038204781E+008
      1062   0.62770   7.70231296897911E+009
      1063   0.63721   2.75010154855647E+009
      1064   0.68184   3.87525319245157E+009
      1065   0.69193   3.85260842404361E+009
      1066   0.73163   3.75571735926202E+009
      1067   0.73285   1.83612766453766E+009
      1068   0.75253   2.06976624555484E+009
      1069   0.75619   2.33654437053930E+008
      1070   0.75814   5.99902325383928E+009
      1071   0.76228   2.73023499739699E+009
      1072   0.79020   1.49297187860526E+009
      1073   0.79377   5.25437999810675E+008
      1074   0.79489   2.17002637210957E+009
      1075   0.79719   3.92752356037008E+009
      1076   0.80234   1.04347052893039E+009
      1077   0.80540   4.95386409032533E+009
      1078   0.81039   3.25693653348053E+009
      1079   0.81456   4.04051300915773E+009
      1080   0.81838   1.57331200344704E+009
      1081   0.83284   7.86929845244107E+007
      1082   0.83842   8.16885860580717E+009
      1083   0.84386   9.82299166954885E+008
      1084   0.84530   3.18815184842536E+008
      1085   0.88034   4.04927587854184E+009
      1086   0.88502   3.81609352276302E+008
      1087   0.89538   4.91283172003083E+008
      1088   0.89693   3.57146236477134E+009
