# Cell volume (a.u.)^3. Format: '(a51, ES24.15E3)'   7.062330632076545E+004
# Total number of initial states, Initial states (bandI, bandF) Format : '(3i10)'
        64      1025      1088
# Temperature (K):   300.0
# Initial state, dEPlot (eV), Transition rate Format : '(i10, f10.5, ES24.15E3)'
      1025   1.02982   2.06415558435713E+005
      1026   1.03329   6.01493101008007E+004
      1027   1.03330   1.31166145260644E+010
      1028   1.06371   2.15601701462274E+010
      1029   1.06973   2.92059971527199E+009
      1030   1.06975   5.88289467854229E+008
      1031   1.21922   2.28835662109215E+009
      1032   1.22584   2.22313532358401E+009
      1033   1.22586   5.78671296830369E+008
      1034   1.25622   1.69400599037487E+005
      1035   1.25624   4.39869130838788E+004
      1036   1.25766   5.17049959629579E+004
      1037   1.25956   3.20684906265766E+010
      1038   1.26868   1.57584557419796E+010
      1039   1.26869   1.34127483130309E+010
      1040   1.27968   5.72697138431894E+009
      1041   1.28152   9.62575759303082E+009
      1042   1.28154   1.35661141007891E+010
      1043   1.31423   1.42938226605153E+003
      1044   1.31953   7.79619990185177E+004
      1045   1.31954   7.21428784871297E+009
      1046   1.32613   8.70022781444584E+004
      1047   1.32614   7.05535979658371E+003
      1048   1.32618   9.37364168575826E+003
      1049   1.35142   6.60635734332050E+009
      1050   1.35145   1.32375409793535E+010
      1051   1.35790   3.70976113132169E+010
      1052   1.45990   2.64603439784010E+009
      1053   1.46045   1.02084744686453E+010
      1054   1.46047   2.49716572789480E+009
      1055   1.59251   6.11007419809247E+004
      1056   1.59409   2.42232872278511E+005
      1057   1.59410   1.94037308682180E+010
      1058   1.60024   4.82923417667877E+009
      1059   1.60025   1.51353447366080E+009
      1060   1.60314   4.34121906398979E+009
      1061   1.61765   5.62193689803298E+009
      1062   1.62454   3.28850106952885E+009
      1063   1.62458   7.56393949506964E+009
      1064   1.67565   1.41788368724413E+009
      1065   1.67591   3.13300434322818E+009
      1066   1.67592   1.11342078180680E+009
      1067   1.74975   1.89415459428889E+009
      1068   1.78893   1.68646524042024E+009
      1069   1.79539   5.21413738079761E+009
      1070   1.79544   1.24048591082929E+009
      1071   1.80546   3.78629744509508E+009
      1072   1.80548   6.35974949365875E+009
      1073   1.80769   4.15578436560501E+009
      1074   1.82302   6.20307599159991E+009
      1075   1.82303   2.02229516791992E+009
      1076   1.82374   2.27071600014405E+009
      1077   1.83761   1.18977159849456E+009
      1078   1.84341   7.21805536173279E+008
      1079   1.84343   2.82390071628747E+008
      1080   1.91063   2.14705786684052E+009
      1081   1.91634   2.51422088023115E+009
      1082   1.91720   1.51381418314883E+009
      1083   1.91720   4.51858273068645E+009
      1084   1.93613   9.41944164625170E+008
      1085   1.93613   3.11643761043531E+008
      1086   1.94006   1.12379104087164E+008
      1087   1.94654   8.39403726314896E+007
      1088   1.94657   6.43462112264131E+009
