# Cell volume (a.u.)^3. Format: '(a51, ES24.15E3)'   7.069336592516651E+004
# Total number of initial states, Initial states (bandI, bandF) Format : '(3i10)'
        64      1025      1088
# Temperature (K):   300.0
# Initial state, dEPlot (eV), Transition rate Format : '(i10, f10.5, ES24.15E3)'
      1025   0.00000   2.96168827064416E+009
      1026   0.00003   6.61341990118202E+008
      1027   0.00003   4.10840173471402E+010
      1028   0.00102   7.88841782080855E+008
      1029   0.00134   3.28604887151763E+010
      1030   0.00143   9.35209269988212E+009
      1031   0.00681   8.06602593756312E+009
      1032   0.00704   1.77955370571882E+009
      1033   0.00707   1.40193924109146E+010
      1034   0.00817   1.64966982482358E+009
      1035   0.00817   6.17451081250048E+008
      1036   0.00824   2.08460068004985E+009
      1037   0.00844   1.14419908449605E+009
      1038   0.00865   1.83772765069088E+010
      1039   0.00868   6.77840209438827E+009
      1040   0.00892   9.56450549731872E+009
      1041   0.00901   5.38873119364193E+009
      1042   0.00916   1.09341425699770E+010
      1043   0.01042   9.57061434854345E+008
      1044   0.01058   6.16514968058408E+008
      1045   0.01061   1.77798813329513E+010
      1046   0.01073   5.65006151236247E+008
      1047   0.01075   2.15817867036262E+008
      1048   0.01088   7.12072275557676E+008
      1049   0.01139   2.13916037617524E+009
      1050   0.01157   1.69646729018935E+010
      1051   0.01176   8.77789213898848E+009
      1052   0.01547   9.21904569233684E+009
      1053   0.01566   4.80810884233228E+009
      1054   0.01573   6.16536392054571E+009
      1055   0.02026   1.82487900821792E+009
      1056   0.02051   4.06865902351610E+008
      1057   0.02055   4.54922278021454E+009
      1058   0.02081   1.83767044660351E+007
      1059   0.02090   7.04774866455602E+009
      1060   0.02095   3.55791451848308E+008
      1061   0.02119   1.11236677143218E+010
      1062   0.02152   1.19454984550498E+008
      1063   0.02169   7.42353608179938E+009
      1064   0.02349   5.47974556184432E+009
      1065   0.02365   3.13008035865816E+009
      1066   0.02366   2.73153189133699E+009
      1067   0.02601   2.48430515700916E+009
      1068   0.02777   6.87600172806398E+008
      1069   0.02806   4.50788600405665E+008
      1070   0.02807   4.13370942727837E+009
      1071   0.02832   2.67787443717708E+007
      1072   0.02841   5.98293932603836E+009
      1073   0.02848   2.07119913816212E+008
      1074   0.02879   6.26218948421111E+009
      1075   0.02881   2.28360439207880E+008
      1076   0.02897   6.69034439890858E+009
      1077   0.02962   2.73792349954820E+009
      1078   0.02977   1.41281664723782E+009
      1079   0.02981   2.93075625447445E+009
      1080   0.03203   1.86841296348204E+009
      1081   0.03242   2.70696470687033E+009
      1082   0.03252   3.04561694031846E+009
      1083   0.03252   1.75685969945740E+009
      1084   0.03307   4.26757932043144E+009
      1085   0.03319   1.07274624290494E+009
      1086   0.03324   1.12963644176516E+009
      1087   0.03347   3.41572684188162E+009
      1088   0.03353   2.53781386253345E+009
