# Averaged |<f|V|i>|^2 over K-points versus energy.
#                 Cell volume :   2.983061295912504E+004 (a.u.)^3,   Format : '(ES24.15E3)'
#   Minimun transition energy :   1.205411362653313E-002 (Hartree),  Format : '(ES24.15E3)'
# |DHif|^2 at minimum Tr. En. :   8.492942313630130E-006 (Hartree^2),Format : '(ES24.15E3)'
#                  Energy bin :   1.837466269439000E-003 (Hartree),  Format : '(ES24.15E3)'
# Energy (Hartree), averaged |<f|V|i>|^2 over K-points (Hartree)^2, standard deviation (Hartree)^2. Format : '(3ES24.15E3)'
  1.205411362653313E-002  2.322714255709080E-006  8.144631809016847E-007
  1.389157989597213E-002  2.136140948457587E-006  3.687657689980730E-006
  1.572904616541113E-002  2.742532343981489E-006  3.564265583999401E-006
  1.756651243485013E-002  3.727766746384593E-006  4.235164736271502E-022
  1.940397870428913E-002  2.714077991529708E-006  1.972040349324645E-006
  2.124144497372812E-002  2.401215564875936E-006  2.190495297835489E-006
  2.307891124316713E-002  3.766229582585875E-006  2.291989131967758E-006
  2.491637751260613E-002  2.490595633653926E-006  2.098083050883311E-006
  2.675384378204513E-002  2.816417111495972E-006  3.149832383532416E-006
  2.859131005148412E-002  3.098053071028338E-006  2.647600513199314E-006
  3.042877632092313E-002  2.544689332147190E-006  2.549071579820657E-006
  3.226624259036213E-002  3.015427321655388E-006  2.944323178217297E-006
  3.410370885980113E-002  2.040926951769404E-006  2.400426296126413E-006
  3.594117512924012E-002  3.290148357300031E-006  4.490227810123549E-006
  3.777864139867913E-002  3.523523385886746E-006  3.589857144198953E-006
  3.961610766811813E-002  2.502132333502721E-006  2.992503075108523E-006
  4.145357393755712E-002  3.195252720956111E-006  3.481139549516983E-006
  4.329104020699612E-002  5.616348912540538E-006  6.696001989282524E-006
  4.512850647643513E-002  1.078376431562785E-006  1.224544874703206E-006
  4.696597274587413E-002  3.377272889057976E-006  2.402710982296590E-006
  4.880343901531313E-002  2.662684300125659E-006  2.781702315425985E-006
  5.064090528475212E-002  4.143320121773536E-006  4.033000168070167E-006
  5.247837155419113E-002  3.609828155025154E-006  3.642526457750448E-006
  5.431583782363013E-002  4.643731343280468E-006  4.088159232187386E-006
  5.615330409306912E-002  4.683142568603618E-006  5.100982941749142E-006
  5.799077036250812E-002  2.537233066909758E-006  2.681792505537348E-006
  5.982823663194713E-002  3.879900986116465E-006  4.276936583440310E-006
  6.166570290138613E-002  4.896503372113548E-006  4.547777153674212E-006
  6.350316917082513E-002  4.266274364774858E-006  3.831767200703673E-006
  6.534063544026412E-002  3.766395396519619E-006  3.231428954609179E-006
  6.717810170970312E-002  5.124009860459704E-006  4.536546245462738E-006
  6.901556797914213E-002  4.462428584254947E-006  3.396055543253389E-006
  7.085303424858112E-002  3.703273798944377E-006  3.528199341254273E-006
  7.269050051802013E-002  4.794099231166230E-006  4.364561729419882E-006
  7.452796678745913E-002  6.097368263693119E-006  6.627453680272613E-006
  7.636543305689812E-002  4.148879578111988E-006  3.730816389743692E-006
  7.820289932633713E-002  5.719418377740284E-006  5.497249952982597E-006
  8.004036559577613E-002  4.956955066155350E-006  5.280624547464148E-006
  8.187783186521513E-002  5.875600097045302E-006  6.573967837948549E-006
  8.371529813465413E-002  7.142236383010983E-006  8.115961370934030E-006
  8.555276440409312E-002  4.018787236890243E-006  5.725710868590488E-006
  8.739023067353213E-002  5.171714131815459E-006  6.058241502847828E-006
  8.922769694297113E-002  6.087043471312571E-006  9.056571586654194E-006
  9.106516321241012E-002  2.800785225508583E-006  4.260029180487195E-006
  9.290262948184913E-002  5.882381724435395E-006  6.368878056956102E-006
  9.474009575128813E-002  5.691748384896284E-006  9.022353564045636E-006
  9.657756202072712E-002  6.849934120048318E-006  9.786390656839076E-006
  9.841502829016613E-002  3.504305070646362E-006  3.265055714663142E-006
  1.002524945596051E-001  6.206148504180400E-006  8.328549497996198E-006
  1.020899608290441E-001  6.477343230673647E-006  8.957414470666071E-006
  1.039274270984831E-001  5.159212692851858E-006  6.160138284909281E-006
  1.057648933679221E-001  3.557775902210188E-006  4.707166489065926E-006
  1.076023596373611E-001  5.993181246099694E-006  6.028730182394968E-006
  1.094398259068001E-001  3.281478873007058E-006  4.832980976915944E-006
  1.112772921762391E-001  5.274581628439147E-006  6.582114210610053E-006
  1.131147584456781E-001  5.386538735792551E-006  5.071108726989608E-006
  1.149522247151171E-001  6.226074155733897E-006  8.436048424693160E-006
  1.167896909845561E-001  7.180499642255031E-006  8.732994006387129E-006
  1.186271572539951E-001  4.448995537359592E-006  5.176526226117621E-006
  1.204646235234341E-001  4.174649934477055E-006  4.821720607753769E-006
  1.223020897928731E-001  7.065547357718342E-006  8.366809542447603E-006
  1.241395560623121E-001  4.805341541653591E-006  6.844305941360710E-006
  1.259770223317511E-001  5.991816684700812E-006  6.759969142699934E-006
  1.278144886011901E-001  5.253690493924253E-006  6.057996530301830E-006
  1.296519548706291E-001  4.601096716456577E-006  5.356245283403014E-006
  1.314894211400681E-001  4.700740541724827E-006  4.849282639858074E-006
  1.333268874095071E-001  5.325167426713075E-006  6.162287710713045E-006
  1.351643536789461E-001  6.957136191155165E-006  4.960767378922606E-006
  1.370018199483851E-001  0.000000000000000E+000  0.000000000000000E+000
