# |<f|V|i>|^2 versus energy for all the k-points.
# Energy (shifted by eBin/2) (Hartree), |<f|V|i>|^2 (Hartree)^2, k-point index. Format : '(2ES24.15E3,i10)'
  1.257451092717181E-002  4.250366229049637E-008         1
  1.257451092717181E-002  4.351007726301423E-008         1
  1.257451092717181E-002  4.742354744301507E-007         1
  1.257451092717181E-002  7.276037304933394E-008         1
  1.257451092717181E-002  1.428015899260031E-007         1
  1.257451092717181E-002  2.284783920330326E-007         1
  1.441197719661081E-002  7.986266332251971E-008         1
  1.441197719661081E-002  2.749942486303783E-007         1
  1.441197719661081E-002  8.623628766746207E-008         1
  1.624944346604981E-002  1.067074675648518E-007         1
  1.624944346604981E-002  1.306182324815559E-007         1
  1.624944346604981E-002  1.105962038116876E-008         1
  4.381143750763481E-002  6.794199326515796E-007         1
  4.381143750763481E-002  6.901259419723333E-007         1
  4.381143750763481E-002  3.104351910515473E-007         1
  4.381143750763481E-002  5.197719954567654E-007         1
  4.381143750763481E-002  9.071925320534894E-007         1
  4.381143750763481E-002  2.476688991322434E-006         1
  4.381143750763481E-002  7.205252412155681E-007         1
  4.381143750763481E-002  1.177068541078298E-006         1
  4.381143750763481E-002  9.979710951993017E-006         1
  4.564890377707381E-002  3.214696302635153E-006         1
  4.564890377707381E-002  4.832228961459327E-006         1
  4.564890377707381E-002  1.233620849017557E-006         1
  4.748637004651281E-002  4.754487295492357E-006         1
  4.748637004651281E-002  6.178093596960548E-006         1
  4.748637004651281E-002  2.432699463925097E-006         1
  4.748637004651281E-002  1.701170422639901E-005         1
  4.748637004651281E-002  1.434169219886583E-006         1
  4.748637004651281E-002  1.614963459456025E-006         1
  4.748637004651281E-002  1.269740746851301E-007         1
  4.932383631595181E-002  1.886392862011362E-006         1
  4.932383631595181E-002  1.067440973541855E-006         1
  4.932383631595181E-002  6.751611501841645E-007         1
  5.116130258539081E-002  4.913719186547280E-006         1
  5.116130258539081E-002  5.270009979715163E-006         1
  5.116130258539081E-002  2.911415053448629E-006         1
  5.116130258539081E-002  1.128742445882097E-006         1
  5.851116766314681E-002  1.280666417698036E-005         1
  5.851116766314681E-002  1.533261693385639E-006         1
  6.034863393258581E-002  1.533165776295134E-006         1
  6.034863393258581E-002  2.541835296405997E-006         1
  6.034863393258581E-002  2.395745526931741E-007         1
  6.034863393258581E-002  8.012125717626431E-007         1
  6.034863393258581E-002  1.534494266406744E-006         1
  6.034863393258581E-002  3.649124209361584E-007         1
  6.034863393258581E-002  1.228758937267704E-005         1
  6.034863393258581E-002  6.090527519548583E-006         1
  6.034863393258581E-002  5.272397453251945E-006         1
  6.034863393258581E-002  2.700743251418880E-006         1
  6.034863393258581E-002  1.659756557831317E-008         1
  6.034863393258581E-002  1.920596907608479E-007         1
  6.034863393258581E-002  2.340221905059684E-006         1
  6.034863393258581E-002  1.328251894991596E-006         1
  6.034863393258581E-002  6.960686037795400E-006         1
  6.034863393258581E-002  1.861348844374254E-006         1
  6.034863393258581E-002  4.771856624511234E-006         1
  6.034863393258581E-002  2.793724112336053E-005         1
  6.034863393258581E-002  3.194250209364628E-006         1
  6.218610020202481E-002  4.073252741915438E-006         1
  6.218610020202481E-002  3.572809729287579E-006         1
  6.218610020202481E-002  4.390419478352296E-006         1
  6.402356647146382E-002  8.662695134462276E-006         1
  6.402356647146382E-002  1.072568983350069E-005         1
  6.218610020202481E-002  4.612673390627788E-005         1
  6.586103274090281E-002  3.731569591108656E-006         1
  6.586103274090281E-002  1.334842327447755E-007         1
  6.586103274090281E-002  5.302525071173814E-006         1
  8.056076289641481E-002  2.211300069294261E-006         1
  8.056076289641481E-002  6.740600149896244E-006         1
  8.056076289641481E-002  6.485242312861642E-007         1
  8.607316170473181E-002  1.883638674241315E-005         1
  8.423569543529282E-002  3.267756821290218E-005         1
  8.607316170473181E-002  1.340875352839745E-005         1
  8.607316170473181E-002  1.319736342675274E-005         1
  8.607316170473181E-002  6.933886434694183E-006         1
  8.607316170473181E-002  5.329553874525578E-006         1
  8.607316170473181E-002  2.397096671085322E-006         1
  8.607316170473181E-002  2.024988543634078E-006         1
  8.607316170473181E-002  2.390866199549192E-006         1
  8.607316170473181E-002  7.023915107937607E-006         1
  8.607316170473181E-002  6.075119317012964E-006         1
  8.607316170473181E-002  3.011891958579929E-006         1
  8.607316170473181E-002  2.998949874784681E-007         1
  8.607316170473181E-002  1.583474579900833E-006         1
  8.607316170473181E-002  7.531319843318794E-007         1
  8.607316170473181E-002  2.792607911571212E-005         1
  8.791062797417082E-002  2.237272752519681E-005         1
  8.791062797417082E-002  4.401518960771153E-007         1
  8.791062797417082E-002  3.358979714349044E-006         1
  8.791062797417082E-002  1.480069302025143E-006         1
  8.791062797417082E-002  3.686624440845058E-008         1
  8.791062797417082E-002  4.163967032703182E-006         1
  8.791062797417082E-002  8.674474014144051E-006         1
  8.791062797417082E-002  3.772619200537131E-006         1
  8.974809424360981E-002  1.329536945840299E-006         1
  1.257451092717181E-002  3.020084413824597E-009         2
  1.257451092717181E-002  1.382430036084955E-007         2
  2.543677481324481E-002  7.706621454092591E-007         2
  2.543677481324481E-002  1.248387846819553E-007         2
  2.543677481324481E-002  3.403070632188680E-007         2
  2.543677481324481E-002  2.793559892320964E-007         2
  2.727424108268381E-002  7.170153988723436E-008         2
  2.727424108268381E-002  1.116996437398432E-006         2
  2.727424108268381E-002  4.372587974799582E-007         2
  2.727424108268381E-002  2.515075395646035E-007         2
  2.911170735212281E-002  2.121002914605524E-007         2
  2.911170735212281E-002  8.474885346924286E-008         2
  3.829903869931781E-002  1.441154492882254E-008         2
  4.197397123819581E-002  1.117419269999283E-008         2
  4.748637004651281E-002  6.088037111592135E-007         2
  4.748637004651281E-002  4.017230636438220E-008         2
  4.748637004651281E-002  3.948682058789485E-006         2
  4.748637004651281E-002  2.936904155687640E-007         2
  4.932383631595181E-002  4.715926948985522E-007         2
  4.932383631595181E-002  3.654839969531448E-007         2
  4.932383631595181E-002  3.707716986745031E-006         2
  4.932383631595181E-002  2.911800498349677E-007         2
  5.299876885482981E-002  2.041502341284414E-006         2
  5.299876885482981E-002  1.848788825120371E-006         2
  5.299876885482981E-002  4.718125134968915E-006         2
  5.299876885482981E-002  2.301210925810987E-006         2
  5.483623512426881E-002  8.806844159623186E-007         2
  5.483623512426881E-002  8.604050179455297E-007         2
  5.483623512426881E-002  3.833392955971463E-006         2
  5.483623512426881E-002  5.966611215641534E-007         2
  5.667370139370781E-002  1.517949811316664E-006         2
  5.667370139370781E-002  4.959050550214851E-007         2
  5.667370139370781E-002  3.029152455751364E-006         2
  5.667370139370781E-002  4.587780548224856E-007         2
  5.667370139370781E-002  2.447434932138026E-006         2
  5.667370139370781E-002  1.412221781414310E-005         2
  5.851116766314681E-002  8.688257764363508E-006         2
  5.851116766314681E-002  8.334317484109225E-007         2
  6.218610020202481E-002  3.113548231323557E-006         2
  6.218610020202481E-002  2.655038631918126E-006         2
  6.218610020202481E-002  8.230281917295973E-006         2
  6.218610020202481E-002  7.961601377892854E-006         2
  6.218610020202481E-002  2.668651623299809E-006         2
  6.402356647146382E-002  2.293578175768136E-006         2
  6.402356647146382E-002  1.669727831355537E-006         2
  6.402356647146382E-002  9.171738692478412E-007         2
  6.402356647146382E-002  1.380707504526281E-005         2
  6.402356647146382E-002  7.594251579253262E-006         2
  6.402356647146382E-002  8.190884016421266E-006         2
  6.402356647146382E-002  3.301860558638877E-007         2
  6.402356647146382E-002  4.182490262284821E-006         2
  6.402356647146382E-002  4.712454943926131E-007         2
  6.402356647146382E-002  3.113900558114390E-006         2
  6.402356647146382E-002  1.752933128451428E-006         2
  6.402356647146382E-002  6.582012873567484E-006         2
  6.402356647146382E-002  1.411634798973020E-005         2
  6.586103274090281E-002  2.264510050050763E-006         2
  6.586103274090281E-002  5.296303407355686E-006         2
  6.586103274090281E-002  4.863996902635735E-006         2
  6.769849901034181E-002  1.281011507566913E-007         2
  6.769849901034181E-002  1.274622096269024E-006         2
  6.769849901034181E-002  3.631015529144860E-006         2
  6.769849901034181E-002  2.294745091612000E-006         2
  6.769849901034181E-002  1.326207959001880E-006         2
  6.769849901034181E-002  7.785320792650957E-007         2
  6.953596527978081E-002  6.927904776928708E-006         2
  6.953596527978081E-002  1.356832027103015E-005         2
  7.137343154921981E-002  5.428251347025822E-006         2
  7.137343154921981E-002  1.312376001017166E-005         2
  7.137343154921981E-002  2.130244700926781E-006         2
  7.137343154921981E-002  2.829494053977717E-005         2
  7.504836408809781E-002  1.173645498522902E-005         2
  7.504836408809781E-002  6.435721243411060E-006         2
  7.504836408809781E-002  4.814096654584464E-006         2
  7.504836408809781E-002  3.621414928355763E-005         2
  7.688583035753681E-002  2.113174351016538E-008         2
  7.688583035753681E-002  1.671182255074918E-006         2
  7.688583035753681E-002  3.474524531096426E-006         2
  7.688583035753681E-002  4.270597423499951E-006         2
  7.688583035753681E-002  2.166580637054476E-005         2
  7.872329662697582E-002  5.509449888302233E-006         2
  7.872329662697582E-002  9.175897878613218E-007         2
  7.872329662697582E-002  1.625718412582271E-006         2
  7.872329662697582E-002  7.382614661174462E-007         2
  8.056076289641481E-002  2.201734425305303E-006         2
  8.056076289641481E-002  7.867471806658195E-007         2
  8.056076289641481E-002  1.139260397304824E-006         2
  8.056076289641481E-002  4.305630853071334E-006         2
  8.607316170473181E-002  3.542097491327256E-006         2
  8.607316170473181E-002  3.810301504441479E-006         2
  8.607316170473181E-002  1.540836348914315E-007         2
  8.607316170473181E-002  1.702471577146576E-006         2
  8.607316170473181E-002  1.238367884758463E-006         2
  8.607316170473181E-002  1.761698446290949E-006         2
  8.791062797417082E-002  2.706988853537225E-006         2
  8.791062797417082E-002  9.965357900800735E-007         2
  1.257451092717181E-002  2.074943976236692E-008         3
  1.257451092717181E-002  6.692654581891041E-008         3
  2.543677481324481E-002  1.619334210595204E-006         3
  2.543677481324481E-002  2.373383894043932E-007         3
  2.543677481324481E-002  3.009314608737056E-007         3
  2.543677481324481E-002  4.279388204214705E-007         3
  2.727424108268381E-002  3.471203408433146E-007         3
  2.727424108268381E-002  8.984852531894171E-007         3
  2.727424108268381E-002  2.905133415973720E-007         3
  2.727424108268381E-002  1.800001126436140E-007         3
  2.911170735212281E-002  6.191270692083033E-007         3
  2.911170735212281E-002  9.726328330179208E-008         3
  3.829903869931781E-002  4.120019181432921E-007         3
  4.197397123819581E-002  5.034006385740870E-007         3
  4.748637004651281E-002  3.573214125498022E-007         3
  4.748637004651281E-002  2.567011171979379E-007         3
  4.748637004651281E-002  6.771885851369201E-007         3
  4.748637004651281E-002  3.021974193513652E-006         3
  4.932383631595181E-002  1.287582064202359E-006         3
  4.932383631595181E-002  2.048173243966672E-006         3
  4.932383631595181E-002  7.710204562849660E-006         3
  4.932383631595181E-002  3.443705812318491E-006         3
  5.299876885482981E-002  6.171255361961617E-006         3
  5.299876885482981E-002  9.653142720573575E-007         3
  5.299876885482981E-002  7.259261949537711E-006         3
  5.299876885482981E-002  7.001839823279995E-006         3
  5.483623512426881E-002  2.127302409977857E-006         3
  5.299876885482981E-002  2.344812579833445E-005         3
  5.483623512426881E-002  1.623986909294638E-006         3
  5.483623512426881E-002  2.195642576001512E-006         3
  5.667370139370781E-002  2.235262935902462E-007         3
  5.667370139370781E-002  1.813625371855204E-006         3
  5.667370139370781E-002  1.317344011722124E-006         3
  5.667370139370781E-002  1.104715123214534E-006         3
  5.667370139370781E-002  6.090775629332695E-006         3
  5.667370139370781E-002  1.108024557826743E-005         3
  5.851116766314681E-002  3.587689643566208E-006         3
  5.851116766314681E-002  1.814963319483227E-006         3
  6.218610020202481E-002  1.502395700794756E-005         3
  6.218610020202481E-002  1.861204967685912E-006         3
  6.218610020202481E-002  1.546586581936649E-006         3
  6.218610020202481E-002  3.418360693109914E-006         3
  6.218610020202481E-002  2.932796286570680E-007         3
  6.402356647146382E-002  7.279936469681327E-007         3
  6.402356647146382E-002  1.860899981486510E-006         3
  6.402356647146382E-002  5.871440435783764E-007         3
  6.402356647146382E-002  1.557170341501161E-005         3
  6.402356647146382E-002  7.122406694382865E-006         3
  6.402356647146382E-002  2.781452050089931E-006         3
  6.402356647146382E-002  3.851936034007313E-006         3
  6.402356647146382E-002  1.576770568723980E-007         3
  6.402356647146382E-002  4.577458619324432E-007         3
  6.402356647146382E-002  2.592045365809965E-006         3
  6.402356647146382E-002  1.853210184646235E-006         3
  6.402356647146382E-002  8.499392395547854E-006         3
  6.586103274090281E-002  2.043427783219303E-006         3
  6.586103274090281E-002  1.321253704629765E-006         3
  6.402356647146382E-002  3.251038911910890E-005         3
  6.586103274090281E-002  8.429526499456964E-006         3
  6.586103274090281E-002  3.666191477666379E-006         3
  6.586103274090281E-002  6.287414337048521E-006         3
  6.769849901034181E-002  7.652154587019023E-006         3
  6.769849901034181E-002  6.209022242643400E-006         3
  6.769849901034181E-002  1.201605752011688E-005         3
  6.586103274090281E-002  5.595566584514667E-005         3
  6.953596527978081E-002  3.911407138118141E-006         3
  6.953596527978081E-002  1.899927105237126E-006         3
  7.137343154921981E-002  3.034559244615516E-006         3
  7.137343154921981E-002  2.028925251579891E-006         3
  7.137343154921981E-002  1.368851153931086E-006         3
  7.137343154921981E-002  7.240682242580415E-007         3
  7.504836408809781E-002  1.555260488821583E-005         3
  7.504836408809781E-002  2.086325216846542E-005         3
  7.504836408809781E-002  8.383929193556531E-006         3
  7.504836408809781E-002  1.678406376688300E-005         3
  7.688583035753681E-002  3.839884121717480E-006         3
  7.688583035753681E-002  1.936297118613940E-006         3
  7.688583035753681E-002  2.428173737199821E-006         3
  7.688583035753681E-002  1.623252793253465E-006         3
  7.872329662697582E-002  1.574793976120344E-006         3
  7.872329662697582E-002  6.243399222533037E-006         3
  7.872329662697582E-002  6.310242868898997E-006         3
  7.872329662697582E-002  7.568669355798594E-007         3
  7.872329662697582E-002  1.831807843777655E-007         3
  8.056076289641481E-002  3.344889456642957E-006         3
  8.056076289641481E-002  1.202255221991902E-006         3
  8.056076289641481E-002  2.697693639520930E-005         3
  8.056076289641481E-002  1.870538191685538E-005         3
  8.607316170473181E-002  1.038434332549648E-006         3
  8.607316170473181E-002  3.369878868982440E-006         3
  8.607316170473181E-002  8.377316434539899E-007         3
  8.607316170473181E-002  6.244844219058901E-008         3
  8.607316170473181E-002  3.646574104163805E-006         3
  8.607316170473181E-002  8.502680038657594E-006         3
  8.791062797417082E-002  3.497306623370850E-006         3
  8.791062797417082E-002  1.575565487505479E-006         3
  1.992437600492781E-002  7.204864877357845E-009         4
  2.176184227436681E-002  2.317383106723528E-007         4
  2.176184227436681E-002  5.852078601877385E-007         4
  2.176184227436681E-002  1.376959404907917E-007         4
  2.176184227436681E-002  3.523355361225817E-007         4
  2.911170735212281E-002  2.794004281974338E-007         4
  3.094917362156181E-002  1.895823446053692E-007         4
  3.278663989100081E-002  1.617007089669978E-006         4
  3.278663989100081E-002  6.397716336075730E-007         4
  3.278663989100081E-002  7.401471303342469E-007         4
  3.462410616043981E-002  1.851009657033910E-007         4
  3.462410616043981E-002  5.833163484289899E-007         4
  3.646157242987881E-002  1.125092680483966E-007         4
  3.646157242987881E-002  9.289317878686695E-008         4
  4.748637004651281E-002  6.499908934820939E-007         4
  4.748637004651281E-002  3.966800450799183E-007         4
  4.748637004651281E-002  3.735146533433251E-006         4
  4.748637004651281E-002  4.099603527940280E-007         4
  4.748637004651281E-002  1.398299166287347E-006         4
  4.748637004651281E-002  7.967271608360679E-008         4
  4.748637004651281E-002  4.246878872661463E-006         4
  4.932383631595181E-002  5.218353361744045E-007         4
  4.932383631595181E-002  9.389165966114331E-007         4
  4.932383631595181E-002  4.522673348144103E-006         4
  4.932383631595181E-002  5.342503424206312E-006         4
  4.932383631595181E-002  3.627850579602467E-006         4
  4.932383631595181E-002  9.075821568636950E-007         4
  4.932383631595181E-002  1.025902725863265E-006         4
  4.932383631595181E-002  4.280002025179863E-006         4
  4.932383631595181E-002  1.123654304193910E-007         4
  5.116130258539081E-002  4.248285462476099E-007         4
  5.116130258539081E-002  1.193136473398231E-006         4
  5.116130258539081E-002  1.345273881354484E-006         4
  5.299876885482981E-002  3.183382166217100E-008         4
  5.483623512426881E-002  2.646850566359710E-006         4
  5.483623512426881E-002  1.450545457950846E-005         4
  5.483623512426881E-002  7.553542559569307E-006         4
  5.483623512426881E-002  2.338826877562361E-007         4
  5.483623512426881E-002  2.837235379105504E-006         4
  6.034863393258581E-002  1.778838040370534E-006         4
  6.034863393258581E-002  9.931378179044822E-006         4
  6.218610020202481E-002  6.793216000328810E-006         4
  6.402356647146382E-002  2.968909373539491E-006         4
  6.402356647146382E-002  2.243048136170172E-006         4
  6.402356647146382E-002  1.379958443690027E-006         4
  6.402356647146382E-002  1.192690892329006E-006         4
  6.402356647146382E-002  1.320481382890909E-005         4
  6.586103274090281E-002  7.406476646857571E-006         4
  6.586103274090281E-002  1.268754861208696E-005         4
  6.586103274090281E-002  2.315836937152165E-009         4
  6.586103274090281E-002  3.726222412072701E-006         4
  6.586103274090281E-002  1.962016663760530E-007         4
  6.586103274090281E-002  2.342372776131283E-006         4
  6.769849901034181E-002  2.469938916491906E-006         4
  6.586103274090281E-002  9.312376676280756E-006         4
  6.586103274090281E-002  1.324777341603185E-005         4
  6.769849901034181E-002  8.387527812317516E-006         4
  6.769849901034181E-002  5.879468129067813E-006         4
  6.769849901034181E-002  6.955182657427337E-006         4
  6.769849901034181E-002  1.396859998425885E-007         4
  6.769849901034181E-002  2.474284699269142E-006         4
  6.953596527978081E-002  4.184575495673801E-006         4
  6.953596527978081E-002  2.139341418032353E-006         4
  6.953596527978081E-002  6.388649918581760E-007         4
  6.953596527978081E-002  1.798508695532045E-006         4
  6.953596527978081E-002  7.780949277080473E-006         4
  7.137343154921981E-002  1.388805425841444E-005         4
  7.137343154921981E-002  5.361757637539255E-006         4
  7.137343154921981E-002  1.319397175806686E-005         4
  7.137343154921981E-002  2.350111969433903E-006         4
  7.137343154921981E-002  3.209228367505617E-005         4
  7.321089781865880E-002  8.879242055977275E-006         4
  7.321089781865880E-002  7.118845335273506E-006         4
  7.321089781865880E-002  4.176564316778094E-006         4
  7.321089781865880E-002  2.447993636892893E-005         4
  7.321089781865880E-002  4.894239439128005E-007         4
  7.321089781865880E-002  3.151082465961479E-006         4
  7.504836408809781E-002  5.340895682541202E-006         4
  7.504836408809781E-002  1.734685296666214E-006         4
  7.504836408809781E-002  1.906336982543809E-005         4
  7.504836408809781E-002  4.960200163244456E-006         4
  7.688583035753681E-002  1.468046041123620E-006         4
  7.688583035753681E-002  1.880539434810484E-006         4
  7.872329662697582E-002  1.675976880306836E-006         4
  7.872329662697582E-002  1.336058054306916E-006         4
  7.872329662697582E-002  1.800079769966461E-007         4
  8.056076289641481E-002  7.123473817662232E-007         4
  8.056076289641481E-002  2.878376892906412E-006         4
  8.056076289641481E-002  2.752478991534898E-006         4
  8.056076289641481E-002  4.223044519280726E-006         4
  8.239822916585381E-002  6.534846434031488E-007         4
  8.239822916585381E-002  2.633398115516677E-006         4
  8.239822916585381E-002  8.004943048117689E-007         4
  8.423569543529282E-002  3.995465190083159E-006         4
  8.607316170473181E-002  2.983112209288645E-006         4
  8.607316170473181E-002  7.368429983412525E-007         4
  2.176184227436681E-002  3.673176028153910E-007         5
  2.359930854380581E-002  1.112337649202274E-006         5
  2.359930854380581E-002  1.213369880412593E-006         5
  2.359930854380581E-002  3.643558886790360E-007         5
  2.359930854380581E-002  5.234674525351667E-007         5
  3.094917362156181E-002  3.932139487438510E-007         5
  3.278663989100081E-002  1.821878397070667E-007         5
  3.462410616043981E-002  4.466723747675212E-007         5
  3.462410616043981E-002  9.704164263959366E-007         5
  3.646157242987881E-002  6.676359956843742E-007         5
  3.646157242987881E-002  3.421673460500307E-008         5
  3.646157242987881E-002  2.488633202649611E-007         5
  3.829903869931781E-002  9.490700127398074E-007         5
  3.829903869931781E-002  5.602377955774337E-007         5
  4.932383631595181E-002  4.772943078073178E-006         5
  4.932383631595181E-002  8.542425956448645E-007         5
  4.932383631595181E-002  1.864760178405039E-006         5
  4.932383631595181E-002  2.554450325676184E-006         5
  4.932383631595181E-002  2.179563735272330E-006         5
  5.116130258539081E-002  1.205701279678715E-006         5
  4.932383631595181E-002  1.136760251908679E-005         5
  5.116130258539081E-002  2.394334766100599E-006         5
  5.116130258539081E-002  8.465621172427473E-007         5
  5.116130258539081E-002  1.661853685303308E-006         5
  5.116130258539081E-002  4.957896831919841E-006         5
  5.116130258539081E-002  2.405936555582692E-006         5
  5.116130258539081E-002  1.715998508713183E-006         5
  5.116130258539081E-002  3.600185800707007E-006         5
  5.116130258539081E-002  1.497988924177976E-007         5
  5.299876885482981E-002  9.815139307425946E-007         5
  5.299876885482981E-002  3.233902922454091E-007         5
  5.299876885482981E-002  1.196083904688313E-006         5
  5.299876885482981E-002  1.366999336803488E-006         5
  5.483623512426881E-002  1.362167538497581E-006         5
  5.667370139370781E-002  3.854581422204276E-006         5
  5.667370139370781E-002  1.132509610985207E-005         5
  5.667370139370781E-002  4.896447815900702E-006         5
  5.667370139370781E-002  3.477426812198520E-007         5
  5.851116766314681E-002  2.741713406736983E-006         5
  6.218610020202481E-002  3.821983227131645E-006         5
  6.218610020202481E-002  1.317164069035104E-006         5
  6.586103274090281E-002  3.802756938123735E-007         5
  6.586103274090281E-002  4.938291723651118E-008         5
  6.586103274090281E-002  2.883229913944538E-006         5
  6.586103274090281E-002  5.917086223456859E-006         5
  6.586103274090281E-002  8.807221286359940E-006         5
  6.586103274090281E-002  6.158786941262535E-006         5
  6.769849901034181E-002  1.011868500513853E-005         5
  6.769849901034181E-002  1.857837334115596E-006         5
  6.769849901034181E-002  2.294450612395385E-006         5
  6.769849901034181E-002  1.166140757403282E-005         5
  6.769849901034181E-002  5.757329911910916E-006         5
  6.769849901034181E-002  9.789137354423177E-007         5
  6.953596527978081E-002  7.320719459605014E-006         5
  6.953596527978081E-002  8.813660997761794E-007         5
  6.953596527978081E-002  7.299852278813889E-006         5
  6.953596527978081E-002  1.519584686453232E-005         5
  6.953596527978081E-002  3.388648974221924E-006         5
  6.953596527978081E-002  7.871408817676172E-006         5
  6.953596527978081E-002  1.156995779547775E-005         5
  6.953596527978081E-002  3.738776977553652E-006         5
  7.137343154921981E-002  4.785485492960400E-006         5
  7.137343154921981E-002  1.525260098309497E-006         5
  7.137343154921981E-002  4.505763048381143E-006         5
  7.137343154921981E-002  3.257152177586831E-006         5
  7.321089781865880E-002  2.041757971460177E-005         5
  7.321089781865880E-002  5.466605134816436E-007         5
  7.321089781865880E-002  1.752957850544255E-006         5
  7.321089781865880E-002  9.307508184321847E-007         5
  7.321089781865880E-002  5.029616275570774E-006         5
  7.321089781865880E-002  8.922889840567293E-006         5
  7.504836408809781E-002  7.088134762584768E-006         5
  7.504836408809781E-002  2.917537730167605E-006         5
  7.504836408809781E-002  7.741755743946661E-007         5
  7.504836408809781E-002  1.921856806066467E-005         5
  7.504836408809781E-002  3.965298871168821E-007         5
  7.688583035753681E-002  8.514534046552496E-006         5
  7.688583035753681E-002  1.026139674203634E-005         5
  7.688583035753681E-002  7.130905993319579E-006         5
  7.688583035753681E-002  3.872965011717081E-006         5
  7.688583035753681E-002  7.094967286276738E-007         5
  7.872329662697582E-002  3.809632427398375E-007         5
  8.056076289641481E-002  2.453349055988695E-006         5
  8.056076289641481E-002  1.960898729894951E-006         5
  8.056076289641481E-002  5.260624350378735E-007         5
  8.056076289641481E-002  3.585682968687318E-007         5
  8.239822916585381E-002  5.765775733922716E-006         5
  8.239822916585381E-002  2.510323716440855E-005         5
  8.239822916585381E-002  4.698076331600755E-006         5
  8.423569543529282E-002  5.803803232422969E-006         5
  8.423569543529282E-002  9.448783813804731E-008         5
  8.423569543529282E-002  2.307948899745571E-006         5
  8.423569543529282E-002  4.699956176109294E-007         5
  8.607316170473181E-002  3.690821263773630E-006         5
  8.791062797417082E-002  1.747505724986980E-006         5
  8.791062797417082E-002  3.037091642675121E-007         5
  1.257451092717181E-002  7.312707492342519E-009         6
  1.257451092717181E-002  7.168321324286285E-008         6
  2.543677481324481E-002  1.069795263854371E-006         6
  2.543677481324481E-002  1.450642771141471E-007         6
  2.543677481324481E-002  1.354332940892450E-007         6
  2.543677481324481E-002  3.847340446659327E-007         6
  2.727424108268381E-002  3.280977227841340E-007         6
  2.727424108268381E-002  9.332824804568475E-007         6
  2.727424108268381E-002  1.042575698514403E-007         6
  2.727424108268381E-002  1.060634395316275E-007         6
  2.911170735212281E-002  9.582391419279809E-007         6
  2.911170735212281E-002  1.944224943156260E-007         6
  3.829903869931781E-002  7.333366944520585E-007         6
  4.197397123819581E-002  5.842068149267146E-007         6
  4.748637004651281E-002  7.477650123945269E-007         6
  4.748637004651281E-002  3.150793998490713E-007         6
  4.748637004651281E-002  4.040204254907723E-007         6
  4.748637004651281E-002  3.099953072482934E-006         6
  4.932383631595181E-002  1.082396923324696E-006         6
  4.932383631595181E-002  1.386727039627947E-006         6
  4.932383631595181E-002  7.299206708652117E-007         6
  4.932383631595181E-002  1.336052377025333E-006         6
  5.299876885482981E-002  6.738599685644903E-006         6
  5.299876885482981E-002  7.448547034367269E-007         6
  5.299876885482981E-002  7.065365053032609E-006         6
  5.299876885482981E-002  1.871873072037011E-006         6
  5.483623512426881E-002  3.603955620706887E-006         6
  5.299876885482981E-002  2.295802540344024E-005         6
  5.483623512426881E-002  1.650514854943680E-006         6
  5.483623512426881E-002  3.359658877745783E-006         6
  5.483623512426881E-002  2.645168208095156E-006         6
  5.667370139370781E-002  1.572614690609781E-006         6
  5.667370139370781E-002  1.419184013511591E-006         6
  5.667370139370781E-002  1.537543561200032E-007         6
  5.667370139370781E-002  2.636806060207965E-006         6
  5.667370139370781E-002  1.316748957432689E-005         6
  5.851116766314681E-002  4.078092371129798E-006         6
  5.851116766314681E-002  1.656912277498418E-006         6
  6.218610020202481E-002  1.545776236545478E-005         6
  6.218610020202481E-002  1.432214905857670E-006         6
  6.218610020202481E-002  1.450851610750349E-006         6
  6.218610020202481E-002  2.852719939706976E-006         6
  6.218610020202481E-002  2.019682077771099E-007         6
  6.402356647146382E-002  1.539441046591344E-006         6
  6.402356647146382E-002  4.152118940559494E-007         6
  6.402356647146382E-002  9.751647490790228E-007         6
  6.402356647146382E-002  1.479526087909107E-005         6
  6.402356647146382E-002  6.318030183684561E-006         6
  6.402356647146382E-002  3.898743057054669E-006         6
  6.402356647146382E-002  2.902496076498552E-006         6
  6.402356647146382E-002  2.473575659506180E-005         6
  6.402356647146382E-002  4.567647910307080E-006         6
  6.402356647146382E-002  6.761995971654558E-006         6
  6.402356647146382E-002  3.700366289155407E-007         6
  6.402356647146382E-002  5.301502856760443E-006         6
  6.586103274090281E-002  5.997404457302984E-007         6
  6.586103274090281E-002  4.039126856517356E-006         6
  6.402356647146382E-002  3.309628604352539E-005         6
  6.586103274090281E-002  5.630915902593738E-006         6
  6.586103274090281E-002  6.017331562350067E-006         6
  6.769849901034181E-002  3.112390027803820E-006         6
  6.769849901034181E-002  3.587106178427622E-006         6
  6.769849901034181E-002  1.424566244369103E-006         6
  6.769849901034181E-002  1.804771073120826E-005         6
  6.586103274090281E-002  5.327065274329404E-005         6
  6.953596527978081E-002  2.638414023969442E-006         6
  6.953596527978081E-002  4.166212885243102E-006         6
  7.137343154921981E-002  1.051305379907249E-005         6
  7.137343154921981E-002  3.064203678785788E-007         6
  7.137343154921981E-002  3.165705166934300E-006         6
  7.137343154921981E-002  3.007670261423077E-007         6
  7.504836408809781E-002  1.497616297197669E-005         6
  7.504836408809781E-002  8.980144448961844E-006         6
  7.504836408809781E-002  5.430911156603660E-006         6
  7.504836408809781E-002  4.715700427210075E-006         6
  7.688583035753681E-002  1.633264503869982E-006         6
  7.688583035753681E-002  1.864752216518583E-006         6
  7.688583035753681E-002  1.650185369661946E-006         6
  7.688583035753681E-002  1.368105256068231E-006         6
  7.872329662697582E-002  1.153533963962949E-006         6
  7.872329662697582E-002  1.015124293636109E-005         6
  7.872329662697582E-002  2.899852732189403E-007         6
  7.872329662697582E-002  3.496237084477816E-006         6
  7.872329662697582E-002  5.361208516644265E-007         6
  8.056076289641481E-002  6.667927178409308E-007         6
  8.056076289641481E-002  1.042032763677467E-006         6
  8.056076289641481E-002  1.783883755281518E-005         6
  8.056076289641481E-002  7.915213990949966E-006         6
  8.607316170473181E-002  2.021731799241555E-006         6
  8.607316170473181E-002  1.134772174196454E-005         6
  8.607316170473181E-002  1.146406710895618E-006         6
  8.607316170473181E-002  1.518709436935673E-007         6
  8.607316170473181E-002  2.140836986383121E-006         6
  8.607316170473181E-002  1.404928841615438E-005         6
  8.791062797417082E-002  3.196078710294122E-006         6
  8.791062797417082E-002  1.000151776462094E-006         6
  1.808690973548881E-002  3.381700479888952E-007         7
  2.176184227436681E-002  3.225354339945635E-007         7
  2.176184227436681E-002  3.868301190176861E-007         7
  2.176184227436681E-002  1.860277018604340E-007         7
  2.176184227436681E-002  2.935299920867336E-007         7
  2.911170735212281E-002  1.263283440968774E-007         7
  3.094917362156181E-002  3.820228500881923E-008         7
  3.278663989100081E-002  1.304459666710105E-006         7
  3.278663989100081E-002  4.500816423636414E-007         7
  3.278663989100081E-002  4.640601901344355E-007         7
  3.462410616043981E-002  6.508234578137038E-007         7
  3.462410616043981E-002  6.888835687669962E-007         7
  3.646157242987881E-002  2.119835368948060E-007         7
  3.646157242987881E-002  1.320245602772545E-006         7
  4.748637004651281E-002  5.322537757371733E-007         7
  4.748637004651281E-002  1.992246046145107E-006         7
  4.748637004651281E-002  2.395849828265210E-006         7
  4.748637004651281E-002  5.664067727972174E-007         7
  4.748637004651281E-002  2.062435616647243E-006         7
  4.748637004651281E-002  1.943327604971825E-007         7
  4.748637004651281E-002  3.038854009486303E-006         7
  4.932383631595181E-002  1.111023217189454E-006         7
  4.932383631595181E-002  1.754200858221162E-006         7
  4.932383631595181E-002  3.684534739141663E-006         7
  4.932383631595181E-002  4.547920445093384E-006         7
  4.932383631595181E-002  2.475395930309752E-006         7
  4.932383631595181E-002  9.619717691555329E-007         7
  4.932383631595181E-002  2.843414000764426E-007         7
  4.932383631595181E-002  3.738484792286718E-006         7
  4.932383631595181E-002  1.308245585064917E-007         7
  5.116130258539081E-002  1.804622256335106E-006         7
  5.116130258539081E-002  5.796282505017507E-007         7
  5.116130258539081E-002  1.669700360957223E-006         7
  5.299876885482981E-002  4.440025355524663E-008         7
  5.483623512426881E-002  2.313492593941435E-006         7
  5.483623512426881E-002  1.092901711886460E-005         7
  5.483623512426881E-002  9.061158258767750E-006         7
  5.483623512426881E-002  4.810119400052077E-007         7
  5.483623512426881E-002  3.743783524583839E-006         7
  6.034863393258581E-002  2.002081695754424E-006         7
  6.034863393258581E-002  8.014988651444370E-006         7
  6.402356647146382E-002  3.674763188782328E-006         7
  6.402356647146382E-002  4.342627669034617E-006         7
  6.402356647146382E-002  2.417593220483107E-006         7
  6.402356647146382E-002  1.904191965793052E-006         7
  6.402356647146382E-002  2.997077825508249E-006         7
  6.402356647146382E-002  1.458279224062807E-005         7
  6.586103274090281E-002  9.278015589094284E-006         7
  6.586103274090281E-002  9.515893219239881E-006         7
  6.586103274090281E-002  1.741332335219391E-008         7
  6.586103274090281E-002  1.293194356489441E-006         7
  6.586103274090281E-002  1.896292068534853E-006         7
  6.586103274090281E-002  3.445014938055808E-006         7
  6.769849901034181E-002  2.334700802634290E-006         7
  6.769849901034181E-002  3.184483415382656E-006         7
  6.586103274090281E-002  1.340579474966657E-005         7
  6.769849901034181E-002  1.017889447952330E-005         7
  6.769849901034181E-002  4.485863720979697E-006         7
  6.769849901034181E-002  6.951668900334460E-006         7
  6.769849901034181E-002  2.280008497470922E-007         7
  6.769849901034181E-002  2.019746351734490E-006         7
  6.953596527978081E-002  5.523574036617427E-006         7
  6.953596527978081E-002  1.766497259224798E-006         7
  6.953596527978081E-002  6.054026687946602E-007         7
  6.953596527978081E-002  1.338808250296880E-006         7
  6.953596527978081E-002  6.316985955666456E-006         7
  7.137343154921981E-002  1.325139746495396E-005         7
  7.137343154921981E-002  6.957238615546866E-006         7
  7.137343154921981E-002  1.166605565385299E-005         7
  7.137343154921981E-002  3.359745946358683E-006         7
  7.137343154921981E-002  3.503008963502239E-005         7
  7.321089781865880E-002  7.832370147948820E-006         7
  7.321089781865880E-002  1.030944173566048E-005         7
  7.321089781865880E-002  1.849422548661270E-006         7
  7.321089781865880E-002  2.443580164508543E-005         7
  7.321089781865880E-002  4.656132671691797E-007         7
  7.321089781865880E-002  2.859155225659458E-006         7
  7.504836408809781E-002  3.280186173389457E-006         7
  7.504836408809781E-002  2.541463873550509E-006         7
  7.504836408809781E-002  1.748574877470867E-005         7
  7.504836408809781E-002  4.822132250868531E-006         7
  7.688583035753681E-002  4.018688358409328E-006         7
  7.688583035753681E-002  5.098364875198597E-007         7
  7.872329662697582E-002  7.163314536760961E-007         7
  7.872329662697582E-002  1.386036968160764E-007         7
  7.872329662697582E-002  4.717391151343842E-007         7
  8.056076289641481E-002  5.405182379287074E-006         7
  8.056076289641481E-002  6.970410692631789E-007         7
  8.056076289641481E-002  1.385753113483863E-006         7
  8.056076289641481E-002  5.155905342869518E-006         7
  8.239822916585381E-002  1.036597478218846E-006         7
  8.239822916585381E-002  3.586069588055093E-006         7
  8.239822916585381E-002  9.397369070554564E-007         7
  8.423569543529282E-002  3.368427454726580E-006         7
  8.607316170473181E-002  5.111247877375159E-006         7
  8.607316170473181E-002  1.729233878042253E-007         7
  2.176184227436681E-002  3.271840471107127E-007         8
  2.359930854380581E-002  8.392972229517426E-007         8
  2.359930854380581E-002  8.474689795584097E-007         8
  2.359930854380581E-002  4.185413825243352E-007         8
  2.359930854380581E-002  4.035402306408889E-007         8
  3.094917362156181E-002  3.262025094164510E-007         8
  3.278663989100081E-002  1.701784756182361E-007         8
  3.462410616043981E-002  3.302554526984856E-007         8
  3.462410616043981E-002  1.016207037544621E-006         8
  3.646157242987881E-002  5.805057568254019E-007         8
  3.646157242987881E-002  1.334885212720281E-006         8
  3.646157242987881E-002  5.779936720740091E-007         8
  3.829903869931781E-002  1.311101465625463E-006         8
  3.829903869931781E-002  1.733294610061207E-007         8
  4.932383631595181E-002  5.763048979982583E-006         8
  4.932383631595181E-002  7.273435823664993E-007         8
  4.932383631595181E-002  1.818813347728207E-006         8
  4.932383631595181E-002  2.744164704985227E-006         8
  4.932383631595181E-002  3.006647223661415E-006         8
  5.116130258539081E-002  1.755490935982865E-007         8
  4.932383631595181E-002  1.670313637193462E-005         8
  5.116130258539081E-002  1.734554716054706E-006         8
  5.116130258539081E-002  6.290751868945384E-007         8
  5.116130258539081E-002  3.356176394505208E-006         8
  5.116130258539081E-002  5.168974663365136E-006         8
  5.116130258539081E-002  2.201491449530587E-006         8
  5.116130258539081E-002  1.895900482522894E-006         8
  5.116130258539081E-002  1.875038756121499E-006         8
  5.116130258539081E-002  2.100784142766717E-007         8
  5.299876885482981E-002  4.934370804641994E-007         8
  5.299876885482981E-002  1.107468346645125E-006         8
  5.299876885482981E-002  2.931483850093038E-006         8
  5.299876885482981E-002  1.716971469650203E-006         8
  5.483623512426881E-002  1.160583345629937E-007         8
  5.667370139370781E-002  4.451610297660337E-006         8
  5.667370139370781E-002  1.249969854708805E-005         8
  5.667370139370781E-002  6.161666309314391E-006         8
  5.667370139370781E-002  2.807442714823639E-007         8
  5.667370139370781E-002  1.614677949290707E-005         8
  6.218610020202481E-002  1.518086420566995E-006         8
  6.218610020202481E-002  2.517301545560702E-006         8
  6.586103274090281E-002  6.759496982183104E-006         8
  6.586103274090281E-002  2.432711329360573E-007         8
  6.586103274090281E-002  4.361275010727108E-006         8
  6.586103274090281E-002  7.327160874477605E-007         8
  6.586103274090281E-002  5.491099800422126E-006         8
  6.586103274090281E-002  5.888960647065042E-006         8
  6.769849901034181E-002  7.511001960127418E-006         8
  6.769849901034181E-002  9.273194550071029E-007         8
  6.769849901034181E-002  2.024844668704148E-006         8
  6.769849901034181E-002  8.868778017510548E-006         8
  6.769849901034181E-002  4.283448370366905E-006         8
  6.769849901034181E-002  1.410084794456331E-006         8
  6.953596527978081E-002  3.541111845326750E-006         8
  6.953596527978081E-002  1.189128473519963E-008         8
  6.953596527978081E-002  6.608055688016559E-006         8
  6.953596527978081E-002  9.989730883527488E-006         8
  6.953596527978081E-002  2.016933961891810E-006         8
  6.953596527978081E-002  6.604281325429380E-006         8
  6.953596527978081E-002  9.754406567390738E-006         8
  6.953596527978081E-002  3.247401241836296E-006         8
  7.137343154921981E-002  4.742384943057348E-006         8
  7.137343154921981E-002  6.091362191799879E-007         8
  7.137343154921981E-002  3.933791209254863E-006         8
  7.137343154921981E-002  3.651606659300048E-006         8
  7.137343154921981E-002  2.263932356632308E-005         8
  7.321089781865880E-002  5.798339403415800E-007         8
  7.321089781865880E-002  1.484045846202813E-006         8
  7.321089781865880E-002  2.413082894684947E-006         8
  7.321089781865880E-002  5.406729871261466E-006         8
  7.321089781865880E-002  7.096324692275310E-006         8
  7.321089781865880E-002  1.038715989427655E-005         8
  7.504836408809781E-002  1.285755414680646E-006         8
  7.504836408809781E-002  1.956004365011946E-007         8
  7.504836408809781E-002  1.521382929667194E-005         8
  7.504836408809781E-002  2.150940928013629E-006         8
  7.688583035753681E-002  9.448858452761223E-006         8
  7.688583035753681E-002  6.664508457396934E-006         8
  7.688583035753681E-002  8.009983331639450E-006         8
  7.688583035753681E-002  2.310283954678483E-006         8
  7.688583035753681E-002  1.146441101541953E-006         8
  7.872329662697582E-002  7.029935656409332E-007         8
  8.056076289641481E-002  1.567825843897704E-006         8
  8.056076289641481E-002  1.516508890499696E-006         8
  8.056076289641481E-002  4.176879451802602E-006         8
  8.056076289641481E-002  2.858288923595529E-006         8
  8.239822916585381E-002  7.792945003563814E-006         8
  8.239822916585381E-002  2.041338097785491E-005         8
  8.239822916585381E-002  3.462350457899798E-006         8
  8.423569543529282E-002  4.947005721496333E-006         8
  8.423569543529282E-002  5.404314756055089E-007         8
  8.423569543529282E-002  2.312682267542442E-006         8
  8.423569543529282E-002  1.776489979871510E-007         8
  8.607316170473181E-002  4.708766306141094E-006         8
  8.791062797417082E-002  2.802580493455432E-006         8
  8.791062797417082E-002  7.790765666089275E-007         8
  2.176184227436681E-002  6.796870590631491E-008         9
  2.359930854380581E-002  2.272152824451371E-007         9
  2.359930854380581E-002  1.229595664844362E-006         9
  2.359930854380581E-002  2.714608004842162E-007         9
  2.359930854380581E-002  5.404795511630800E-007         9
  3.094917362156181E-002  1.782491252146211E-006         9
  3.278663989100081E-002  6.421497218852007E-007         9
  3.462410616043981E-002  1.651855131892843E-006         9
  3.462410616043981E-002  2.449276769145050E-007         9
  3.646157242987881E-002  1.949263563048281E-007         9
  3.646157242987881E-002  1.876904357235837E-006         9
  3.646157242987881E-002  2.488065968424619E-007         9
  3.829903869931781E-002  9.033543748197386E-007         9
  3.829903869931781E-002  3.659598892430571E-007         9
  4.932383631595181E-002  5.726809666896291E-007         9
  4.932383631595181E-002  2.004430500893528E-007         9
  4.932383631595181E-002  5.363763014806625E-007         9
  4.932383631595181E-002  3.495151078365611E-006         9
  4.932383631595181E-002  1.101395588870596E-006         9
  5.116130258539081E-002  2.001847607784016E-006         9
  5.116130258539081E-002  7.664715033599251E-007         9
  5.116130258539081E-002  1.264986369814010E-006         9
  5.116130258539081E-002  5.399672364263512E-006         9
  5.116130258539081E-002  8.354752415655391E-007         9
  5.116130258539081E-002  5.827179532403546E-006         9
  5.116130258539081E-002  4.751997219253838E-006         9
  5.116130258539081E-002  1.976984494121701E-006         9
  5.116130258539081E-002  1.227680946291616E-005         9
  5.116130258539081E-002  1.516446303614883E-006         9
  5.116130258539081E-002  2.819853717122061E-006         9
  5.299876885482981E-002  2.483053952711349E-006         9
  5.299876885482981E-002  2.394143066068505E-006         9
  5.299876885482981E-002  1.144568215808334E-006         9
  5.483623512426881E-002  4.718598851300007E-007         9
  5.667370139370781E-002  2.887076131698377E-006         9
  5.667370139370781E-002  1.413079885102657E-006         9
  5.667370139370781E-002  1.047351558862927E-006         9
  5.667370139370781E-002  7.629091152835275E-007         9
  5.667370139370781E-002  1.248675800377014E-005         9
  6.218610020202481E-002  1.602564309274103E-006         9
  6.218610020202481E-002  1.982427791907413E-006         9
  6.586103274090281E-002  3.240258543789907E-006         9
  6.586103274090281E-002  2.149453604916249E-007         9
  6.586103274090281E-002  2.056043886272969E-006         9
  6.586103274090281E-002  5.831544520070773E-007         9
  6.586103274090281E-002  1.064859646105497E-006         9
  6.586103274090281E-002  1.796067351327174E-005         9
  6.769849901034181E-002  6.872089337119234E-006         9
  6.769849901034181E-002  5.794175157873286E-006         9
  6.769849901034181E-002  2.879274946962642E-006         9
  6.769849901034181E-002  2.427023739967263E-005         9
  6.769849901034181E-002  5.545120855178552E-006         9
  6.769849901034181E-002  6.765044544962579E-006         9
  6.953596527978081E-002  3.825208382929978E-007         9
  6.953596527978081E-002  6.966803081727246E-006         9
  6.953596527978081E-002  4.145685736057189E-007         9
  6.953596527978081E-002  2.036755947240774E-006         9
  6.769849901034181E-002  2.811048447528428E-005         9
  6.953596527978081E-002  8.015260801371807E-006         9
  6.953596527978081E-002  4.162328065135767E-006         9
  6.953596527978081E-002  6.024484546639412E-006         9
  7.137343154921981E-002  8.475802763176297E-006         9
  7.137343154921981E-002  2.443173286139372E-006         9
  7.137343154921981E-002  1.635532679296873E-005         9
  6.953596527978081E-002  5.997969944268886E-005         9
  7.321089781865880E-002  9.041560913981124E-006         9
  7.321089781865880E-002  5.447542137674934E-007         9
  7.321089781865880E-002  8.883795590289462E-006         9
  7.321089781865880E-002  2.175643366494365E-006         9
  7.321089781865880E-002  1.745711375864845E-006         9
  7.504836408809781E-002  6.083942563394209E-007         9
  7.321089781865880E-002  1.275689528248753E-005         9
  7.504836408809781E-002  2.498402505044404E-005         9
  7.504836408809781E-002  1.472976564412392E-005         9
  7.504836408809781E-002  9.268393594781376E-006         9
  7.504836408809781E-002  3.110344675138983E-006         9
  7.688583035753681E-002  2.265747802330874E-006         9
  7.688583035753681E-002  2.742819181310400E-006         9
  7.688583035753681E-002  9.360690529944030E-007         9
  7.688583035753681E-002  1.654675427279261E-006         9
  7.688583035753681E-002  7.648919076361830E-006         9
  7.872329662697582E-002  4.004023762181892E-007         9
  8.056076289641481E-002  1.456783039344411E-006         9
  8.056076289641481E-002  5.944932006891155E-008         9
  8.056076289641481E-002  1.600729480163616E-006         9
  8.056076289641481E-002  6.419610936126195E-007         9
  8.239822916585381E-002  1.762337693661552E-005         9
  8.239822916585381E-002  7.255025479591834E-006         9
  8.239822916585381E-002  2.845348486201414E-006         9
  8.239822916585381E-002  1.039146194488088E-005         9
  8.423569543529282E-002  1.679714410553315E-006         9
  8.423569543529282E-002  6.074047301197773E-006         9
  8.423569543529282E-002  1.578636731005801E-006         9
  8.607316170473181E-002  6.698435669081848E-006         9
  8.791062797417082E-002  1.601835735071813E-006         9
  8.791062797417082E-002  4.228656625575156E-007         9
  1.992437600492781E-002  1.640292312575697E-007        10
  1.992437600492781E-002  2.854448646966322E-007        10
  1.992437600492781E-002  2.851165478018557E-007        10
  2.359930854380581E-002  1.739658637966391E-007        10
  2.543677481324481E-002  3.755435253953940E-007        10
  2.543677481324481E-002  2.987819090845089E-007        10
  3.094917362156181E-002  3.818697411938728E-008        10
  3.094917362156181E-002  1.255184190672242E-006        10
  3.278663989100081E-002  4.263318685807036E-007        10
  3.462410616043981E-002  1.844826517245303E-007        10
  3.462410616043981E-002  2.965801227055791E-007        10
  3.462410616043981E-002  4.817466110675378E-007        10
  3.462410616043981E-002  1.958955065449644E-007        10
  3.462410616043981E-002  5.978768639649766E-007        10
  3.462410616043981E-002  1.598454182967694E-007        10
  3.829903869931781E-002  5.127150858055554E-007        10
  3.829903869931781E-002  1.689078530471465E-006        10
  3.829903869931781E-002  3.891152818581450E-008        10
  4.013650496875681E-002  2.208175856029409E-006        10
  4.013650496875681E-002  6.959721165564380E-008        10
  4.013650496875681E-002  2.393952775217213E-006        10
  4.013650496875681E-002  5.962145259291671E-007        10
  4.197397123819581E-002  7.912875842470435E-007        10
  4.197397123819581E-002  3.453566988289039E-006        10
  4.197397123819581E-002  5.714313738471678E-006        10
  4.197397123819581E-002  1.074830488389543E-006        10
  4.197397123819581E-002  1.603132949864185E-006        10
  4.381143750763481E-002  2.028139999749461E-007        10
  5.116130258539081E-002  7.050424176422963E-006        10
  5.116130258539081E-002  2.020956322282026E-007        10
  5.116130258539081E-002  1.466728575729146E-006        10
  5.299876885482981E-002  2.890060965897383E-007        10
  5.299876885482981E-002  1.777373095129444E-006        10
  5.299876885482981E-002  1.208273623947685E-007        10
  5.483623512426881E-002  2.654756533186419E-006        10
  5.483623512426881E-002  1.104071815318821E-005        10
  5.483623512426881E-002  8.109050970105820E-006        10
  6.034863393258581E-002  2.559673112978010E-006        10
  6.034863393258581E-002  5.731417018547208E-006        10
  6.034863393258581E-002  2.893596454514996E-006        10
  6.034863393258581E-002  9.111736231301367E-006        10
  6.034863393258581E-002  7.521470326035135E-007        10
  6.034863393258581E-002  9.911628130132277E-007        10
  6.218610020202481E-002  2.842870444487228E-006        10
  6.218610020202481E-002  9.666965452781854E-007        10
  6.218610020202481E-002  3.381293174188881E-006        10
  6.218610020202481E-002  1.325643635035551E-005        10
  6.402356647146382E-002  1.230229905016987E-005        10
  6.402356647146382E-002  4.321710436163502E-006        10
  6.402356647146382E-002  1.511675938441296E-007        10
  6.769849901034181E-002  2.016151004507718E-006        10
  6.769849901034181E-002  4.326877289044088E-007        10
  6.769849901034181E-002  2.366781766654468E-006        10
  6.953596527978081E-002  3.427540335066305E-006        10
  6.953596527978081E-002  3.491930991033959E-006        10
  6.953596527978081E-002  1.460189564578417E-005        10
  7.137343154921981E-002  6.651464624078348E-006        10
  7.137343154921981E-002  1.089556908927790E-005        10
  7.137343154921981E-002  1.155601284226267E-005        10
  7.321089781865880E-002  6.317157036761877E-007        10
  7.321089781865880E-002  1.145443131924417E-006        10
  7.321089781865880E-002  2.976208455548018E-006        10
  7.321089781865880E-002  2.227355360612547E-006        10
  7.321089781865880E-002  1.197761392040830E-006        10
  7.321089781865880E-002  9.655341263942632E-007        10
  7.321089781865880E-002  5.793718709759522E-006        10
  7.321089781865880E-002  4.492410066084896E-006        10
  7.504836408809781E-002  4.118125988518518E-006        10
  7.688583035753681E-002  1.051869112525987E-005        10
  7.688583035753681E-002  4.433367686295769E-006        10
  7.688583035753681E-002  3.084045962043885E-005        10
  7.872329662697582E-002  7.562498744505890E-006        10
  7.872329662697582E-002  9.144729567644124E-006        10
  7.872329662697582E-002  5.341144461983824E-006        10
  7.872329662697582E-002  2.703344896250663E-005        10
  8.056076289641481E-002  7.933516663632483E-007        10
  8.056076289641481E-002  3.987021498548771E-006        10
  8.056076289641481E-002  2.732194283138365E-006        10
  8.056076289641481E-002  2.823253893074320E-006        10
  8.056076289641481E-002  1.921556300331010E-005        10
  8.056076289641481E-002  5.495653468685826E-006        10
  8.056076289641481E-002  1.138612780361229E-005        10
  8.056076289641481E-002  2.726604882796427E-006        10
  8.239822916585381E-002  1.417716065063674E-006        10
  8.239822916585381E-002  9.440539814887997E-007        10
  8.239822916585381E-002  2.430162273278748E-007        10
  8.239822916585381E-002  8.654578349770124E-006        10
  8.423569543529282E-002  1.215954939074486E-006        10
  8.423569543529282E-002  1.612128069835703E-006        10
  8.423569543529282E-002  5.731870952318372E-006        10
  8.423569543529282E-002  4.769005336522633E-006        10
  8.423569543529282E-002  5.593246152239913E-006        10
  8.423569543529282E-002  1.672172423125987E-006        10
  8.423569543529282E-002  2.221668990639583E-006        10
  8.423569543529282E-002  7.320550189517737E-006        10
  8.607316170473181E-002  1.331986525811922E-006        10
  2.359930854380581E-002  2.783520383025228E-007        11
  2.359930854380581E-002  7.150277246398593E-007        11
  2.359930854380581E-002  6.847039928932512E-007        11
  2.727424108268381E-002  4.251645628118459E-007        11
  2.727424108268381E-002  4.779395548363391E-007        11
  2.727424108268381E-002  4.154335303561638E-007        11
  3.462410616043981E-002  5.825098239307808E-007        11
  3.462410616043981E-002  1.090518394224597E-007        11
  3.462410616043981E-002  6.365981825184117E-007        11
  3.646157242987881E-002  1.809120499271403E-006        11
  3.646157242987881E-002  8.186536466707579E-007        11
  3.646157242987881E-002  3.227469064648410E-007        11
  3.829903869931781E-002  1.198908430790300E-006        11
  3.829903869931781E-002  3.576952678448330E-007        11
  3.829903869931781E-002  6.145924096682574E-007        11
  4.013650496875681E-002  4.612992086709061E-007        11
  4.197397123819581E-002  1.602460505754160E-006        11
  4.013650496875681E-002  1.744899365987019E-006        11
  4.197397123819581E-002  6.395660832887466E-007        11
  4.197397123819581E-002  2.091290505350588E-007        11
  4.197397123819581E-002  7.848640748401355E-006        11
  4.381143750763481E-002  2.645182836311617E-006        11
  4.381143750763481E-002  6.331074234121607E-007        11
  4.381143750763481E-002  2.398154144165191E-006        11
  4.381143750763481E-002  3.568954257677317E-006        11
  4.564890377707381E-002  2.270410968316500E-006        11
  4.564890377707381E-002  1.757760056428607E-006        11
  4.748637004651281E-002  1.248986094821355E-006        11
  5.483623512426881E-002  6.979638768345134E-007        11
  5.483623512426881E-002  1.689009769620676E-006        11
  5.483623512426881E-002  2.003561459063431E-006        11
  5.483623512426881E-002  1.549446091957469E-006        11
  5.483623512426881E-002  4.083663612191034E-006        11
  5.483623512426881E-002  1.622781209271707E-006        11
  5.667370139370781E-002  3.792040168216888E-006        11
  5.667370139370781E-002  1.412865574338252E-005        11
  5.851116766314681E-002  6.215882765061466E-006        11
  6.218610020202481E-002  4.086395140100281E-007        11
  6.218610020202481E-002  1.717502115198921E-005        11
  6.218610020202481E-002  1.379242727563067E-006        11
  6.402356647146382E-002  3.249723728448779E-006        11
  6.402356647146382E-002  6.833286880065775E-006        11
  6.402356647146382E-002  5.870543104197620E-007        11
  6.402356647146382E-002  7.111953713731917E-006        11
  6.402356647146382E-002  2.165896557756322E-006        11
  6.402356647146382E-002  2.063341726305017E-006        11
  6.586103274090281E-002  4.558602458696998E-006        11
  6.586103274090281E-002  9.653536963186486E-006        11
  6.586103274090281E-002  1.367079471113568E-006        11
  6.586103274090281E-002  1.657878971294085E-006        11
  6.953596527978081E-002  1.368691140725115E-005        11
  6.953596527978081E-002  4.252324935182642E-006        11
  6.953596527978081E-002  2.624706757127391E-007        11
  7.137343154921981E-002  2.083208687067468E-005        11
  7.321089781865880E-002  5.062524709496892E-006        11
  7.321089781865880E-002  7.045462692689989E-006        11
  7.504836408809781E-002  7.124993058442708E-006        11
  7.504836408809781E-002  1.409341018794136E-006        11
  7.504836408809781E-002  5.860131186877719E-006        11
  7.504836408809781E-002  4.802801358793832E-006        11
  7.504836408809781E-002  4.253006210687460E-006        11
  7.504836408809781E-002  3.832669816209377E-006        11
  7.504836408809781E-002  1.267604465228571E-006        11
  7.504836408809781E-002  4.722771586430615E-006        11
  7.688583035753681E-002  6.543834925711617E-006        11
  7.688583035753681E-002  2.141468404718231E-005        11
  7.688583035753681E-002  1.210413154415624E-006        11
  7.688583035753681E-002  3.572827308310795E-006        11
  8.056076289641481E-002  3.198625416367312E-006        11
  7.872329662697582E-002  7.283645445924924E-006        11
  8.056076289641481E-002  1.728714244508995E-005        11
  8.056076289641481E-002  1.259701492527468E-005        11
  8.239822916585381E-002  3.630892633511620E-006        11
  8.239822916585381E-002  1.640070069538005E-007        11
  8.239822916585381E-002  1.866028102242660E-005        11
  8.239822916585381E-002  3.163375029437913E-007        11
  8.239822916585381E-002  3.460926646462269E-005        11
  8.239822916585381E-002  1.697817485658567E-005        11
  8.239822916585381E-002  9.063778476827388E-006        11
  8.239822916585381E-002  1.551501799615769E-006        11
  8.423569543529282E-002  2.897586927297782E-006        11
  8.423569543529282E-002  5.389124589991950E-006        11
  8.423569543529282E-002  3.723492896849515E-006        11
  8.423569543529282E-002  5.940346571870116E-007        11
  8.423569543529282E-002  2.198127755411729E-006        11
  8.423569543529282E-002  1.799577200075168E-006        11
  8.607316170473181E-002  3.684791305940758E-006        11
  8.607316170473181E-002  2.309603625569984E-005        11
  8.607316170473181E-002  4.216364221970441E-006        11
  8.607316170473181E-002  5.699810042853158E-006        11
  8.791062797417082E-002  3.067774850554723E-007        11
  8.791062797417082E-002  2.356025198384254E-007        11
  8.791062797417082E-002  7.295194879976915E-007        11
  8.791062797417082E-002  2.735448092074947E-006        11
  8.791062797417082E-002  2.828795026482163E-007        11
  8.791062797417082E-002  1.973787387408792E-007        11
  1.808690973548881E-002  1.086734316784503E-007        12
  2.176184227436681E-002  1.348559905465121E-007        12
  2.176184227436681E-002  1.190618775176430E-006        12
  2.176184227436681E-002  1.290518398369812E-007        12
  2.176184227436681E-002  9.820181850673158E-008        12
  2.911170735212281E-002  5.148538913454224E-007        12
  3.094917362156181E-002  3.879619119613346E-007        12
  3.278663989100081E-002  1.498787991973014E-006        12
  3.278663989100081E-002  3.270645632063326E-007        12
  3.278663989100081E-002  2.159938966872275E-007        12
  3.462410616043981E-002  5.207484371559581E-007        12
  3.462410616043981E-002  6.628629196530118E-008        12
  3.646157242987881E-002  4.107483459309893E-007        12
  3.646157242987881E-002  4.724520783403118E-007        12
  4.748637004651281E-002  2.286566866771769E-007        12
  4.748637004651281E-002  5.490335659203366E-007        12
  4.748637004651281E-002  5.073243411494796E-007        12
  4.748637004651281E-002  2.835013447367367E-006        12
  4.748637004651281E-002  7.982154896628759E-007        12
  4.748637004651281E-002  2.056280628672531E-006        12
  4.748637004651281E-002  8.980876123801954E-006        12
  4.748637004651281E-002  2.824766466412523E-006        12
  4.748637004651281E-002  6.514719533421557E-006        12
  4.932383631595181E-002  1.387563000987898E-006        12
  4.932383631595181E-002  6.237482483587573E-006        12
  4.932383631595181E-002  2.767797179885746E-006        12
  4.932383631595181E-002  3.564646254365829E-006        12
  4.932383631595181E-002  1.950362457539528E-005        12
  4.932383631595181E-002  1.728854294186089E-006        12
  4.932383631595181E-002  2.218758870442150E-006        12
  5.116130258539081E-002  1.969321663161499E-006        12
  5.116130258539081E-002  2.215021479800225E-006        12
  5.116130258539081E-002  8.151194180673756E-007        12
  5.299876885482981E-002  8.110341364492409E-007        12
  5.299876885482981E-002  3.463480739245867E-006        12
  5.483623512426881E-002  1.660787196437263E-005        12
  5.483623512426881E-002  6.696109804808849E-006        12
  5.483623512426881E-002  1.363464723351279E-006        12
  5.483623512426881E-002  1.088119948879596E-005        12
  6.034863393258581E-002  8.793953587552343E-007        12
  6.034863393258581E-002  1.591788694958859E-006        12
  6.402356647146382E-002  3.489977601374811E-006        12
  6.402356647146382E-002  1.427134571547802E-007        12
  6.402356647146382E-002  2.066447065871181E-006        12
  6.402356647146382E-002  2.008414458439512E-007        12
  6.402356647146382E-002  5.822009155735091E-007        12
  6.402356647146382E-002  1.151057351608905E-005        12
  6.586103274090281E-002  6.301395648165460E-006        12
  6.586103274090281E-002  5.825967476156117E-006        12
  6.586103274090281E-002  2.469340151488228E-006        12
  6.586103274090281E-002  7.953853882741785E-007        12
  6.586103274090281E-002  4.055785005902404E-007        12
  6.586103274090281E-002  1.658412793149775E-006        12
  6.769849901034181E-002  1.748395136088994E-006        12
  6.586103274090281E-002  7.831767779596824E-006        12
  6.769849901034181E-002  3.003370198867302E-006        12
  6.769849901034181E-002  7.712265343222560E-006        12
  6.586103274090281E-002  3.458896918310457E-005        12
  6.769849901034181E-002  3.063100754342671E-006        12
  6.769849901034181E-002  5.183406619123643E-006        12
  6.769849901034181E-002  3.134740769802782E-006        12
  6.953596527978081E-002  2.624650244350231E-006        12
  6.953596527978081E-002  2.938126242371913E-006        12
  6.953596527978081E-002  1.680680825469733E-005        12
  6.769849901034181E-002  5.332505449738928E-005        12
  7.137343154921981E-002  1.574863102902493E-006        12
  7.137343154921981E-002  4.061167978196836E-006        12
  7.137343154921981E-002  5.603144462928876E-006        12
  7.137343154921981E-002  6.089732970579921E-007        12
  7.137343154921981E-002  3.788742871322871E-006        12
  7.321089781865880E-002  6.977668941691378E-007        12
  7.137343154921981E-002  1.771304491401880E-005        12
  7.321089781865880E-002  6.150434510728391E-006        12
  7.321089781865880E-002  3.625120715079131E-006        12
  7.321089781865880E-002  2.400809793705040E-006        12
  7.321089781865880E-002  3.271136436299665E-006        12
  7.321089781865880E-002  1.828518374165160E-006        12
  7.504836408809781E-002  1.108728902471232E-006        12
  7.504836408809781E-002  1.934512168705529E-006        12
  7.504836408809781E-002  2.492447847111866E-006        12
  7.504836408809781E-002  5.437444736788455E-006        12
  7.688583035753681E-002  4.253105926066547E-006        12
  7.688583035753681E-002  2.052096836748400E-006        12
  7.872329662697582E-002  8.906184885884846E-007        12
  7.872329662697582E-002  8.886055646109766E-007        12
  7.872329662697582E-002  2.777606830130601E-007        12
  8.056076289641481E-002  2.508326720315319E-005        12
  8.056076289641481E-002  7.711438784874045E-006        12
  8.056076289641481E-002  2.055128554824876E-006        12
  8.056076289641481E-002  9.614526526337405E-006        12
  8.239822916585381E-002  2.820393007298076E-007        12
  8.239822916585381E-002  3.049536406679773E-008        12
  8.239822916585381E-002  2.835768607770166E-006        12
  8.239822916585381E-002  8.477797044841964E-006        12
  8.607316170473181E-002  4.023121263258427E-006        12
  8.607316170473181E-002  1.677159110060627E-006        12
  1.992437600492781E-002  1.354367385945136E-008        13
  1.992437600492781E-002  1.195875744101597E-007        13
  1.992437600492781E-002  6.584614258020690E-007        13
  2.359930854380581E-002  1.332092970099958E-007        13
  2.543677481324481E-002  4.039592352476277E-007        13
  2.543677481324481E-002  2.834882061320346E-007        13
  3.094917362156181E-002  6.238027043292597E-008        13
  3.094917362156181E-002  1.249648242671598E-006        13
  3.278663989100081E-002  5.140592100732551E-007        13
  3.462410616043981E-002  3.700913921044630E-007        13
  3.462410616043981E-002  7.160774334967600E-008        13
  3.462410616043981E-002  2.212703874937047E-007        13
  3.462410616043981E-002  1.643300687526189E-009        13
  3.462410616043981E-002  4.275912359422200E-008        13
  3.462410616043981E-002  3.492634186511293E-007        13
  3.829903869931781E-002  5.338013205334077E-007        13
  3.829903869931781E-002  2.224447086047042E-006        13
  3.829903869931781E-002  4.796346017179511E-007        13
  4.013650496875681E-002  1.080164985860845E-006        13
  4.013650496875681E-002  8.135247205407888E-008        13
  4.013650496875681E-002  2.653117424550975E-006        13
  4.013650496875681E-002  6.788975733923412E-007        13
  4.197397123819581E-002  5.282728983649658E-007        13
  4.197397123819581E-002  3.919955327438779E-006        13
  4.197397123819581E-002  2.484264967531626E-006        13
  4.197397123819581E-002  1.670540597090460E-006        13
  4.197397123819581E-002  9.266813429363427E-007        13
  4.381143750763481E-002  6.566130831902940E-007        13
  5.116130258539081E-002  5.437913820128551E-006        13
  5.116130258539081E-002  4.188312661737759E-007        13
  5.116130258539081E-002  2.239479303618296E-006        13
  5.299876885482981E-002  1.703952716743744E-006        13
  5.299876885482981E-002  1.258954918335769E-006        13
  5.299876885482981E-002  5.648064101590933E-008        13
  5.483623512426881E-002  4.183842040415882E-006        13
  5.483623512426881E-002  9.214491501720217E-006        13
  5.483623512426881E-002  6.797606484224926E-006        13
  6.034863393258581E-002  8.331514415818024E-007        13
  6.034863393258581E-002  3.404459825812580E-006        13
  6.034863393258581E-002  2.346279201880472E-006        13
  6.034863393258581E-002  8.907504907153176E-006        13
  6.034863393258581E-002  7.439926655508317E-006        13
  6.034863393258581E-002  2.921680551385169E-006        13
  6.218610020202481E-002  2.280122827179304E-006        13
  6.218610020202481E-002  1.304897115311004E-006        13
  6.218610020202481E-002  1.435076282184444E-006        13
  6.218610020202481E-002  2.066525523793187E-005        13
  6.402356647146382E-002  9.832440306525755E-006        13
  6.402356647146382E-002  7.066914826453376E-006        13
  6.402356647146382E-002  1.884551057925961E-007        13
  6.769849901034181E-002  4.018603722610291E-006        13
  6.769849901034181E-002  7.167837405053116E-007        13
  6.769849901034181E-002  2.696752669443720E-006        13
  6.953596527978081E-002  2.363151070972574E-006        13
  6.953596527978081E-002  1.134226920304444E-005        13
  6.953596527978081E-002  1.566004886524831E-005        13
  7.137343154921981E-002  7.861749600187316E-006        13
  7.137343154921981E-002  9.534962406296487E-006        13
  7.137343154921981E-002  1.402857894766602E-005        13
  7.321089781865880E-002  1.992642982539421E-007        13
  7.321089781865880E-002  2.224063288092143E-006        13
  7.321089781865880E-002  7.076501071553819E-006        13
  7.321089781865880E-002  1.678663275205788E-006        13
  7.321089781865880E-002  4.021121346974955E-007        13
  7.321089781865880E-002  2.337450645936072E-006        13
  7.321089781865880E-002  1.048030081625707E-005        13
  7.321089781865880E-002  1.126809718104918E-005        13
  7.504836408809781E-002  6.938651000496296E-006        13
  7.688583035753681E-002  1.340416736594108E-005        13
  7.688583035753681E-002  1.339536556933156E-006        13
  7.688583035753681E-002  2.512289730175212E-005        13
  7.872329662697582E-002  1.060443973175933E-005        13
  7.872329662697582E-002  7.518465309655108E-006        13
  7.872329662697582E-002  2.455936784925469E-006        13
  7.872329662697582E-002  3.309289109983390E-005        13
  8.056076289641481E-002  1.439302007167825E-007        13
  8.056076289641481E-002  2.797005697811509E-006        13
  8.056076289641481E-002  3.739554228897912E-006        13
  8.056076289641481E-002  2.883182749616523E-006        13
  8.056076289641481E-002  2.178201614438586E-005        13
  8.056076289641481E-002  7.591904836580969E-006        13
  8.056076289641481E-002  9.773046475598532E-007        13
  8.056076289641481E-002  8.632950744814107E-007        13
  8.239822916585381E-002  7.884741501079810E-007        13
  8.239822916585381E-002  3.014441972451164E-007        13
  8.239822916585381E-002  7.592736305142824E-007        13
  8.239822916585381E-002  1.776440919915883E-006        13
  8.423569543529282E-002  2.072911540649884E-006        13
  8.423569543529282E-002  2.036582108862178E-006        13
  8.423569543529282E-002  6.562818717456804E-006        13
  8.423569543529282E-002  1.573460459775450E-007        13
  8.423569543529282E-002  1.126543345514918E-006        13
  8.423569543529282E-002  1.221081464328191E-006        13
  8.423569543529282E-002  2.115100248905034E-006        13
  8.423569543529282E-002  3.796405303664456E-006        13
  8.607316170473181E-002  5.856253940563155E-007        13
  1.992437600492781E-002  5.563011810501537E-007        14
  1.992437600492781E-002  4.857740889886320E-007        14
  1.992437600492781E-002  8.280031316830126E-007        14
  2.359930854380581E-002  4.773680631462764E-007        14
  2.543677481324481E-002  4.256044477063376E-007        14
  2.543677481324481E-002  2.214837389871471E-007        14
  3.094917362156181E-002  2.109354174189465E-007        14
  3.094917362156181E-002  1.808006318225368E-007        14
  3.278663989100081E-002  7.587683530598543E-007        14
  3.462410616043981E-002  4.280403371864756E-007        14
  3.462410616043981E-002  2.799720299609976E-008        14
  3.462410616043981E-002  1.674079303117838E-007        14
  3.462410616043981E-002  6.567469124195386E-007        14
  3.462410616043981E-002  4.342822228177909E-007        14
  3.462410616043981E-002  2.126877034747946E-006        14
  3.829903869931781E-002  3.582892474098080E-007        14
  3.829903869931781E-002  1.158811653796156E-006        14
  3.829903869931781E-002  1.970609006929734E-006        14
  4.013650496875681E-002  1.814717837352048E-007        14
  4.013650496875681E-002  8.453416651355068E-008        14
  4.013650496875681E-002  8.970645018817442E-006        14
  4.013650496875681E-002  1.170905836571239E-006        14
  4.197397123819581E-002  6.158356611065096E-007        14
  4.197397123819581E-002  2.136425250258456E-006        14
  4.197397123819581E-002  3.681107136995699E-006        14
  4.197397123819581E-002  1.357608991465081E-006        14
  4.197397123819581E-002  1.145113972639986E-006        14
  4.381143750763481E-002  3.026799954044968E-006        14
  5.116130258539081E-002  2.126026680450946E-007        14
  5.116130258539081E-002  1.308026305222717E-006        14
  5.116130258539081E-002  2.660532617231772E-007        14
  5.299876885482981E-002  7.314853851007792E-007        14
  5.299876885482981E-002  1.179285294089364E-006        14
  5.299876885482981E-002  6.081087179576011E-007        14
  5.483623512426881E-002  2.544218201542488E-006        14
  5.483623512426881E-002  9.973502597222268E-006        14
  5.483623512426881E-002  3.993995749855059E-006        14
  6.034863393258581E-002  3.900699831059054E-008        14
  6.034863393258581E-002  2.963165820758647E-006        14
  6.034863393258581E-002  3.176574733847358E-006        14
  6.034863393258581E-002  1.891778533698951E-006        14
  6.034863393258581E-002  3.723709801602503E-007        14
  6.034863393258581E-002  2.668006294411617E-007        14
  6.218610020202481E-002  3.165615036828708E-006        14
  6.218610020202481E-002  1.315931280526221E-006        14
  6.218610020202481E-002  1.116253431682412E-005        14
  6.218610020202481E-002  8.746328811487617E-006        14
  6.402356647146382E-002  5.666721024581814E-006        14
  6.402356647146382E-002  1.239411979678089E-006        14
  6.402356647146382E-002  1.788499084889304E-006        14
  6.769849901034181E-002  9.251373749028159E-006        14
  6.769849901034181E-002  3.132205786312364E-006        14
  6.769849901034181E-002  2.676506355280018E-006        14
  6.953596527978081E-002  4.165670640122130E-006        14
  6.953596527978081E-002  1.689976092038640E-006        14
  6.953596527978081E-002  8.178368746826444E-006        14
  7.137343154921981E-002  1.350159850127285E-005        14
  7.137343154921981E-002  6.664194838108024E-006        14
  7.137343154921981E-002  1.027165236867608E-005        14
  7.137343154921981E-002  1.030543697677950E-005        14
  7.321089781865880E-002  2.839009800964497E-006        14
  7.321089781865880E-002  2.638854144830246E-007        14
  7.321089781865880E-002  2.198958187554821E-006        14
  7.321089781865880E-002  8.458086855148703E-006        14
  7.321089781865880E-002  3.723709691292876E-007        14
  7.321089781865880E-002  3.075905300511740E-005        14
  7.321089781865880E-002  8.304801146874031E-006        14
  7.504836408809781E-002  3.643816856006506E-006        14
  7.688583035753681E-002  1.529729780250478E-006        14
  7.688583035753681E-002  4.677297438184017E-006        14
  7.688583035753681E-002  7.169617881803345E-006        14
  7.872329662697582E-002  6.087442390093209E-006        14
  7.872329662697582E-002  2.701486843282516E-006        14
  7.872329662697582E-002  1.194650625541070E-006        14
  7.872329662697582E-002  6.113027942965489E-006        14
  8.056076289641481E-002  7.423892312914693E-007        14
  7.872329662697582E-002  1.005432856606241E-005        14
  8.056076289641481E-002  9.732158355941830E-006        14
  8.056076289641481E-002  7.770647425425034E-006        14
  8.056076289641481E-002  2.949647993121528E-006        14
  8.056076289641481E-002  1.217215276324299E-006        14
  8.056076289641481E-002  6.737009225992247E-007        14
  8.056076289641481E-002  1.867216257286654E-006        14
  8.239822916585381E-002  2.557792751119549E-006        14
  8.239822916585381E-002  4.931254410619126E-006        14
  8.239822916585381E-002  2.015568773994777E-006        14
  8.239822916585381E-002  7.955108574989676E-006        14
  8.423569543529282E-002  1.977832573898844E-005        14
  8.423569543529282E-002  3.997954969004959E-006        14
  8.423569543529282E-002  4.292124582987365E-006        14
  8.423569543529282E-002  5.763121365226726E-007        14
  8.423569543529282E-002  1.569110131119564E-006        14
  8.423569543529282E-002  3.740976601962668E-007        14
  8.423569543529282E-002  3.362672990026542E-006        14
  8.607316170473181E-002  9.344444800746233E-007        14
  8.607316170473181E-002  1.222302508142699E-007        14
