# |<f|V|i>|^2 versus energy for all the k-points.
# Energy (shifted by eBin/2) (Hartree), |<f|V|i>|^2 (Hartree)^2, spin index, k-point index. Format : '(2ES24.15E3,,i2,i10)'
  9.059669105375314E-003  4.352097643832119E-006         1         1
  2.375939926088731E-002  2.888715141317068E-010         1         1
  2.375939926088731E-002  1.251367557344487E-009         1         1
  2.375939926088731E-002  1.938121520558588E-010         1         1
  2.375939926088731E-002  1.149799004899445E-009         1         1
  2.375939926088731E-002  1.841299228771505E-009         1         1
  2.375939926088731E-002  1.673611817813831E-010         1         1
  2.743433179976532E-002  1.579361420995677E-009         1         1
  2.743433179976532E-002  1.628007659265479E-009         1         1
  2.743433179976532E-002  1.328222533054670E-012         1         1
  2.743433179976532E-002  1.562905411139155E-009         1         1
  2.743433179976532E-002  3.895163476894860E-010         1         1
  2.743433179976532E-002  2.572985082057072E-009         1         1
  4.213406195527732E-002  9.762562735937321E-010         1         1
  4.213406195527732E-002  7.324431177968588E-010         1         1
  4.213406195527732E-002  6.398242794829533E-009         1         1
  4.213406195527732E-002  1.056261139235323E-009         1         1
  4.213406195527732E-002  1.738025747134119E-009         1         1
  4.213406195527732E-002  4.559763059798378E-009         1         1
  4.397152822471631E-002  4.790032015918076E-012         1         1
  4.397152822471631E-002  9.830210072571381E-010         1         1
  4.397152822471631E-002  5.070508860804092E-010         1         1
  4.397152822471631E-002  2.146426920165740E-009         1         1
  4.397152822471631E-002  2.287222489577229E-009         1         1
  4.397152822471631E-002  1.433949843726741E-009         1         1
  4.397152822471631E-002  1.979411794708173E-009         1         1
  4.580899449415531E-002  3.550764886056757E-009         1         1
  4.580899449415531E-002  5.734110509583156E-009         1         1
  4.580899449415531E-002  4.078538493287788E-009         1         1
  4.580899449415531E-002  4.220632550199796E-009         1         1
  4.580899449415531E-002  3.714517198096072E-009         1         1
  5.315885957191131E-002  6.614460646116984E-012         1         1
  5.315885957191131E-002  1.929186440212864E-010         1         1
  5.315885957191131E-002  1.821041361850324E-009         1         1
  5.315885957191131E-002  1.222849990141502E-010         1         1
  5.499632584135031E-002  2.028605842369156E-011         1         1
  5.499632584135031E-002  5.752440644004086E-011         1         1
  5.499632584135031E-002  4.622846311832807E-010         1         1
  5.499632584135031E-002  1.825922549471560E-010         1         1
  5.499632584135031E-002  1.042774329510158E-008         1         1
  5.499632584135031E-002  3.120099039061761E-010         1         1
  5.499632584135031E-002  8.187756106651406E-009         1         1
  5.499632584135031E-002  2.386211888086577E-009         1         1
  5.683379211078932E-002  2.546634975239128E-009         1         1
  5.683379211078932E-002  9.227921555276162E-009         1         1
  5.683379211078932E-002  4.959286296951926E-010         1         1
  5.683379211078932E-002  4.513262475953170E-009         1         1
  5.683379211078932E-002  9.174687261038697E-009         1         1
  5.683379211078932E-002  1.177956830190878E-009         1         1
  5.683379211078932E-002  2.027647211662430E-011         1         1
  5.683379211078932E-002  1.279364402044393E-009         1         1
  5.683379211078932E-002  8.942388250138832E-010         1         1
  5.683379211078932E-002  6.783238251117527E-010         1         1
  5.683379211078932E-002  3.698644814043043E-010         1         1
  5.683379211078932E-002  1.762215393004286E-008         1         1
  5.683379211078932E-002  1.372212313115317E-010         1         1
  5.683379211078932E-002  7.468195399411656E-011         1         1
  5.683379211078932E-002  9.521880782360400E-010         1         1
  5.683379211078932E-002  2.043473239306603E-010         1         1
  5.683379211078932E-002  7.659485108914722E-009         1         1
  5.867125838022831E-002  1.932705462878969E-009         1         1
  5.867125838022831E-002  3.805966737561591E-009         1         1
  5.867125838022831E-002  9.115070919586144E-010         1         1
  5.867125838022831E-002  2.842993180432443E-009         1         1
  5.867125838022831E-002  9.021426615440059E-011         1         1
  6.969605599686232E-002  1.414425293224252E-009         1         1
  7.153352226630132E-002  3.946843955150322E-010         1         1
  7.153352226630132E-002  1.673151201051795E-009         1         1
  7.153352226630132E-002  2.458173868145559E-011         1         1
  7.153352226630132E-002  1.872569335702024E-009         1         1
  7.153352226630132E-002  1.920003477464573E-009         1         1
  7.153352226630132E-002  1.316592429158377E-009         1         1
  7.153352226630132E-002  2.362319059744733E-009         1         1
  7.153352226630132E-002  1.796095506904582E-009         1         1
  7.153352226630132E-002  6.800337176726715E-010         1         1
  7.153352226630132E-002  3.315674528032196E-011         1         1
  7.153352226630132E-002  1.953207417582094E-010         1         1
  7.153352226630132E-002  8.359681368563883E-011         1         1
  7.153352226630132E-002  2.735476266321336E-010         1         1
  7.153352226630132E-002  3.402147032411144E-009         1         1
  7.153352226630132E-002  9.607341413328037E-011         1         1
  7.153352226630132E-002  7.447667203308319E-010         1         1
  7.153352226630132E-002  2.243742874948302E-009         1         1
  7.153352226630132E-002  3.558468530199881E-009         1         1
  7.153352226630132E-002  1.572527730542034E-009         1         1
  7.153352226630132E-002  9.902580642544895E-009         1         1
  7.153352226630132E-002  2.600461698415234E-009         1         1
  7.153352226630132E-002  3.794117308905735E-009         1         1
  7.153352226630132E-002  6.830326757967321E-012         1         1
  7.153352226630132E-002  1.320682788955828E-010         1         1
  7.153352226630132E-002  4.741358252343518E-011         1         1
  7.153352226630132E-002  1.454939304592955E-010         1         1
  7.153352226630132E-002  1.001349592740532E-010         1         1
  7.153352226630132E-002  2.466365891177479E-010         1         1
  7.153352226630132E-002  2.046372770713984E-010         1         1
  7.153352226630132E-002  5.001498362084573E-011         1         1
  7.153352226630132E-002  4.777066342877978E-010         1         1
  7.153352226630132E-002  4.484613318842399E-010         1         1
  7.153352226630132E-002  8.637126662336492E-009         1         1
  7.153352226630132E-002  4.424629416770289E-011         1         1
  7.153352226630132E-002  1.599351583883624E-010         1         1
  7.153352226630132E-002  3.194778017054719E-009         1         1
  7.153352226630132E-002  4.179526855760575E-009         1         1
  7.153352226630132E-002  3.531292255877595E-009         1         1
  7.153352226630132E-002  5.296960092451300E-009         1         1
  7.153352226630132E-002  2.184440915463127E-010         1         1
  7.153352226630132E-002  5.935391265106843E-009         1         1
  7.153352226630132E-002  2.626623267103069E-009         1         1
  7.153352226630132E-002  1.073880470861278E-009         1         1
  7.153352226630132E-002  3.343940906864530E-009         1         1
  7.153352226630132E-002  1.828418259628009E-010         1         1
  7.153352226630132E-002  9.554204747807710E-010         1         1
  7.337098853574031E-002  1.087099728760172E-008         1         1
  7.337098853574031E-002  9.306956374076986E-010         1         1
  7.337098853574031E-002  7.861709381405656E-009         1         1
  7.337098853574031E-002  3.909328796636853E-009         1         1
  7.337098853574031E-002  3.548083126560590E-010         1         1
  7.337098853574031E-002  3.359599775127684E-010         1         1
  7.337098853574031E-002  4.504690172077978E-009         1         1
  7.337098853574031E-002  1.071876227263658E-009         1         1
  7.337098853574031E-002  4.739370300682677E-010         1         1
  7.337098853574031E-002  6.167862126026356E-010         1         1
  7.337098853574031E-002  1.107372228950455E-008         1         1
  7.337098853574031E-002  4.357834469823325E-008         1         1
  7.520845480517932E-002  7.606682258137323E-009         1         1
  7.520845480517932E-002  3.261230858954721E-009         1         1
  7.520845480517932E-002  6.246198904588736E-009         1         1
  8.072085361349632E-002  3.926717442292362E-009         1         1
  8.072085361349632E-002  4.628153542178094E-010         1         1
  8.072085361349632E-002  9.393977713019569E-010         1         1
  8.072085361349632E-002  2.169882788541553E-008         1         1
  8.072085361349632E-002  2.942532318059535E-009         1         1
  8.072085361349632E-002  1.274570879542839E-009         1         1
  8.072085361349632E-002  1.934426298574290E-009         1         1
  8.072085361349632E-002  3.944928201613988E-010         1         1
  8.072085361349632E-002  2.135582519678953E-010         1         1
  8.072085361349632E-002  7.019529164557376E-010         1         1
  8.072085361349632E-002  5.290580854283235E-010         1         1
  8.072085361349632E-002  1.466797205859144E-009         1         1
  8.072085361349632E-002  2.781271666379788E-010         1         1
  8.072085361349632E-002  1.241501575238068E-009         1         1
  8.072085361349632E-002  1.131944524943834E-010         1         1
  8.072085361349632E-002  6.985980272993718E-010         1         1
  8.072085361349632E-002  4.120869842767081E-009         1         1
  8.072085361349632E-002  1.271876258945793E-010         1         1
  8.255831988293531E-002  8.643456350568464E-009         1         1
  8.255831988293531E-002  1.046430156809175E-008         1         1
  8.255831988293531E-002  9.322876398042112E-009         1         1
  8.255831988293531E-002  1.130621497738078E-009         1         1
  8.255831988293531E-002  1.574430147214498E-008         1         1
  8.255831988293531E-002  1.035452332812239E-009         1         1
  8.439578615237431E-002  2.035590656592653E-009         1         1
  8.439578615237431E-002  5.308689582338356E-009         1         1
  8.439578615237431E-002  7.369517464440249E-011         1         1
  8.439578615237431E-002  6.049698437325648E-011         1         1
  8.439578615237431E-002  5.711428944378452E-010         1         1
  8.439578615237431E-002  1.150009739746265E-010         1         1
  8.439578615237431E-002  4.118140997702096E-009         1         1
  8.439578615237431E-002  6.639942762978258E-010         1         1
  8.439578615237431E-002  1.381093983631221E-008         1         1
  8.439578615237431E-002  5.576545504190881E-010         1         1
  8.439578615237431E-002  5.365771301172973E-010         1         1
  8.439578615237431E-002  2.271889669564018E-010         1         1
  8.439578615237431E-002  5.038508981092761E-010         1         1
  8.439578615237431E-002  1.088414779120592E-008         1         1
  8.439578615237431E-002  9.685850155697307E-009         1         1
  8.439578615237431E-002  1.282996635298548E-009         1         1
  8.439578615237431E-002  1.824922827000942E-010         1         1
  8.439578615237431E-002  5.663615791224579E-010         1         1
  8.439578615237431E-002  5.521193372431539E-011         1         1
  8.439578615237431E-002  3.475392156103089E-009         1         1
  8.623325242181332E-002  9.378302467545855E-009         1         1
  8.623325242181332E-002  4.521718207001341E-011         1         1
  8.623325242181332E-002  8.733142580159034E-010         1         1
  8.623325242181332E-002  3.500147268847621E-009         1         1
  8.807071869125231E-002  5.288848022384803E-011         1         1
  8.807071869125231E-002  3.513560103683088E-010         1         1
  8.807071869125231E-002  1.358900359415090E-010         1         1
  8.807071869125231E-002  2.576735308083103E-010         1         1
  8.807071869125231E-002  3.486194971250966E-009         1         1
  8.807071869125231E-002  3.970150036696344E-010         1         1
  8.807071869125231E-002  1.905395109901936E-009         1         1
  8.807071869125231E-002  2.137089899834795E-009         1         1
  8.807071869125231E-002  4.081953604331962E-009         1         1
  8.807071869125231E-002  1.369133821815422E-008         1         1
  8.807071869125231E-002  1.062681480447654E-008         1         1
  8.807071869125231E-002  3.414757549097598E-009         1         1
  8.807071869125231E-002  2.999227939320590E-009         1         1
  8.990818496069132E-002  6.175918977259530E-010         1         1
  8.990818496069132E-002  2.238334105987300E-009         1         1
  8.990818496069132E-002  6.313717737752930E-009         1         1
  8.990818496069132E-002  1.432516117329003E-008         1         1
  8.990818496069132E-002  7.823626998547957E-009         1         1
  8.990818496069132E-002  2.375221747789632E-010         1         1
  8.990818496069132E-002  1.619109558605955E-009         1         1
  8.990818496069132E-002  5.340427688006496E-011         1         1
  8.990818496069132E-002  1.116657913234233E-008         1         1
  8.990818496069132E-002  1.797299906411915E-009         1         1
  8.990818496069132E-002  1.740034133275109E-009         1         1
  8.990818496069132E-002  2.259513690342767E-009         1         1
  8.990818496069132E-002  9.112232233129619E-010         1         1
  2.008446672200932E-002  2.327532501733027E-005         2         1
  2.375939926088731E-002  9.308185799979182E-011         2         1
  2.375939926088731E-002  1.588993478643575E-009         2         1
  2.375939926088731E-002  2.602880721001767E-010         2         1
  2.375939926088731E-002  1.106004592399689E-009         2         1
  2.375939926088731E-002  2.091570349783218E-009         2         1
  2.559686553032631E-002  3.631807025781276E-010         2         1
  2.743433179976532E-002  1.972971662916061E-009         2         1
  2.743433179976532E-002  2.014581865403532E-009         2         1
  2.743433179976532E-002  1.378240179949099E-012         2         1
  2.743433179976532E-002  1.371747985063402E-009         2         1
  2.743433179976532E-002  3.436622389891536E-010         2         1
  3.294673060808231E-002  3.153903202096852E-009         2         1
  4.213406195527732E-002  1.196075376678299E-009         2         1
  4.213406195527732E-002  9.252448060612686E-010         2         1
  4.213406195527732E-002  7.924226771112835E-009         2         1
  4.213406195527732E-002  8.067440580770068E-010         2         1
  4.213406195527732E-002  1.323737278539012E-009         2         1
  4.213406195527732E-002  3.483931419930897E-009         2         1
  4.397152822471631E-002  2.345608219270096E-011         2         1
  4.397152822471631E-002  6.782031026571773E-010         2         1
  4.397152822471631E-002  2.847070067454585E-010         2         1
  4.397152822471631E-002  1.907444032874170E-009         2         1
  4.397152822471631E-002  2.823259165843870E-009         2         1
  4.397152822471631E-002  1.927128203568945E-009         2         1
  4.580899449415531E-002  2.492203841795831E-009         2         1
  4.580899449415531E-002  3.414057424415127E-009         2         1
  4.580899449415531E-002  5.973148808405863E-009         2         1
  4.580899449415531E-002  4.856990273134732E-009         2         1
  4.580899449415531E-002  3.900494219541825E-009         2         1
  4.580899449415531E-002  3.560169411745467E-009         2         1
  5.315885957191131E-002  6.944522691631095E-012         2         1
  5.315885957191131E-002  9.478476723265596E-011         2         1
  5.315885957191131E-002  8.857966366059012E-010         2         1
  5.315885957191131E-002  4.868193508358092E-011         2         1
  5.499632584135031E-002  1.578486235569584E-011         2         1
  5.499632584135031E-002  1.054290510368644E-010         2         1
  5.499632584135031E-002  2.533794833949793E-010         2         1
  5.499632584135031E-002  2.141187922183234E-010         2         1
  5.499632584135031E-002  1.108959736174003E-008         2         1
  5.499632584135031E-002  5.624582180603213E-010         2         1
  5.499632584135031E-002  1.037773085146130E-008         2         1
  5.683379211078932E-002  2.615708311391196E-009         2         1
  5.683379211078932E-002  2.904587058386104E-009         2         1
  5.683379211078932E-002  7.650170550090116E-009         2         1
  5.683379211078932E-002  5.428015768367601E-010         2         1
  5.683379211078932E-002  3.944905138111097E-009         2         1
  5.683379211078932E-002  1.014144687502404E-008         2         1
  5.683379211078932E-002  9.887574700501938E-010         2         1
  5.683379211078932E-002  5.925104673491138E-012         2         1
  5.683379211078932E-002  1.281113585069478E-009         2         1
  5.683379211078932E-002  8.627546484603803E-010         2         1
  5.683379211078932E-002  7.053113623042115E-010         2         1
  5.683379211078932E-002  2.549490813592529E-010         2         1
  5.683379211078932E-002  1.611194110379593E-008         2         1
  5.683379211078932E-002  1.289851653596087E-010         2         1
  5.683379211078932E-002  1.379384761768458E-010         2         1
  5.683379211078932E-002  7.358052326867107E-010         2         1
  5.683379211078932E-002  1.466830272183752E-010         2         1
  5.683379211078932E-002  7.205458034688161E-009         2         1
  5.867125838022831E-002  1.980853705430628E-009         2         1
  5.867125838022831E-002  3.996897466338286E-009         2         1
  5.867125838022831E-002  8.212778992775163E-010         2         1
  5.867125838022831E-002  2.484119743702622E-009         2         1
  5.867125838022831E-002  1.160646042452038E-010         2         1
  6.969605599686232E-002  1.026669233105419E-009         2         1
  7.153352226630132E-002  3.206560816130352E-010         2         1
  7.153352226630132E-002  2.083074054143683E-009         2         1
  7.153352226630132E-002  2.302586697883019E-010         2         1
  7.153352226630132E-002  3.080881103765715E-009         2         1
  7.153352226630132E-002  1.305146105905350E-009         2         1
  7.153352226630132E-002  1.425249721224347E-009         2         1
  7.153352226630132E-002  3.198000231724554E-009         2         1
  7.153352226630132E-002  1.891830258847112E-009         2         1
  7.153352226630132E-002  4.327490938316634E-010         2         1
  7.153352226630132E-002  3.223243649837526E-011         2         1
  7.153352226630132E-002  2.436567203183431E-010         2         1
  7.153352226630132E-002  6.736207645237334E-012         2         1
  7.153352226630132E-002  1.077966820854791E-010         2         1
  7.153352226630132E-002  4.296549301313093E-009         2         1
  7.153352226630132E-002  2.273481985003169E-011         2         1
  7.153352226630132E-002  4.174753252704274E-010         2         1
  7.153352226630132E-002  1.709906548847404E-009         2         1
  7.153352226630132E-002  3.490501991035347E-009         2         1
  7.153352226630132E-002  1.539531356965541E-009         2         1
  7.153352226630132E-002  9.356010369356404E-009         2         1
  7.153352226630132E-002  2.579685272201166E-009         2         1
  7.153352226630132E-002  3.924411905483924E-009         2         1
  7.153352226630132E-002  1.490679267796864E-012         2         1
  7.153352226630132E-002  1.387786250638726E-010         2         1
  7.153352226630132E-002  8.596670958631694E-011         2         1
  7.153352226630132E-002  2.354679386201190E-010         2         1
  7.153352226630132E-002  2.294828893894559E-010         2         1
  7.153352226630132E-002  2.771596263138453E-010         2         1
  7.153352226630132E-002  2.135021022596833E-010         2         1
  7.153352226630132E-002  1.659178504844742E-010         2         1
  7.153352226630132E-002  4.840149379539684E-010         2         1
  7.153352226630132E-002  7.901498131170540E-010         2         1
  7.153352226630132E-002  1.072478918827555E-008         2         1
  7.153352226630132E-002  4.718252214512105E-011         2         1
  7.153352226630132E-002  2.839293629324267E-010         2         1
  7.153352226630132E-002  3.561485666747543E-009         2         1
  7.153352226630132E-002  3.566992772273197E-009         2         1
  7.153352226630132E-002  3.290243756649924E-009         2         1
  7.153352226630132E-002  5.771856079034314E-009         2         1
  7.153352226630132E-002  7.273086454933533E-013         2         1
  7.153352226630132E-002  5.529224991354231E-009         2         1
  7.153352226630132E-002  3.151761676565458E-009         2         1
  7.153352226630132E-002  7.916558632302561E-010         2         1
  7.153352226630132E-002  3.051516807926964E-009         2         1
  7.153352226630132E-002  1.894813087720511E-010         2         1
  7.337098853574031E-002  7.763837318420096E-010         2         1
  7.337098853574031E-002  1.018562050828952E-008         2         1
  7.337098853574031E-002  7.185810119385539E-010         2         1
  7.337098853574031E-002  7.002926684066768E-009         2         1
  7.337098853574031E-002  3.468019137475143E-009         2         1
  7.337098853574031E-002  3.599674641803509E-010         2         1
  7.337098853574031E-002  3.196409832406672E-010         2         1
  7.337098853574031E-002  3.751102682052397E-009         2         1
  7.337098853574031E-002  8.320819632772219E-010         2         1
  7.337098853574031E-002  3.034349178003520E-010         2         1
  7.337098853574031E-002  4.947841575165718E-010         2         1
  7.337098853574031E-002  1.236168479147355E-008         2         1
  7.520845480517932E-002  4.100088957618280E-008         2         1
  7.520845480517932E-002  9.593525919945344E-009         2         1
  7.520845480517932E-002  2.433527030275500E-009         2         1
  7.520845480517932E-002  5.720916959349317E-009         2         1
  8.072085361349632E-002  3.865751591028430E-009         2         1
  8.072085361349632E-002  3.071055292041513E-010         2         1
  8.072085361349632E-002  5.325923361033021E-010         2         1
  8.072085361349632E-002  1.840773141407516E-008         2         1
  8.072085361349632E-002  2.160100360053050E-009         2         1
  8.072085361349632E-002  9.826565826923898E-010         2         1
  8.072085361349632E-002  1.227816321330593E-009         2         1
  8.072085361349632E-002  4.594404450184769E-010         2         1
  8.072085361349632E-002  2.163146603187101E-010         2         1
  8.072085361349632E-002  1.118110325395748E-009         2         1
  8.072085361349632E-002  4.573909197531695E-010         2         1
  8.072085361349632E-002  1.526017121425752E-009         2         1
  8.072085361349632E-002  3.219288392268942E-010         2         1
  8.072085361349632E-002  1.650765869706033E-009         2         1
  8.072085361349632E-002  1.912504340113370E-010         2         1
  8.072085361349632E-002  8.051520961549987E-010         2         1
  8.072085361349632E-002  5.321522553555631E-009         2         1
  8.072085361349632E-002  1.713288360497192E-010         2         1
  8.255831988293531E-002  9.590961634727964E-009         2         1
  8.255831988293531E-002  1.266986987554799E-008         2         1
  8.255831988293531E-002  1.097676024808856E-008         2         1
  8.255831988293531E-002  1.175339839623536E-009         2         1
  8.255831988293531E-002  1.673584374964222E-008         2         1
  8.255831988293531E-002  9.679093562520799E-010         2         1
  8.439578615237431E-002  1.507683941859936E-009         2         1
  8.439578615237431E-002  5.318683061220278E-009         2         1
  8.439578615237431E-002  1.849225316909046E-011         2         1
  8.439578615237431E-002  3.952630879146524E-011         2         1
  8.439578615237431E-002  6.357733710781792E-010         2         1
  8.439578615237431E-002  3.735713410806227E-011         2         1
  8.439578615237431E-002  2.439329782163252E-009         2         1
  8.439578615237431E-002  6.372624101636449E-010         2         1
  8.439578615237431E-002  1.234180477250886E-008         2         1
  8.439578615237431E-002  1.058146170271846E-010         2         1
  8.439578615237431E-002  9.229598524134949E-010         2         1
  8.439578615237431E-002  2.396260091053666E-010         2         1
  8.439578615237431E-002  4.243888151997171E-010         2         1
  8.439578615237431E-002  1.233228558809875E-008         2         1
  8.439578615237431E-002  1.056925130410697E-008         2         1
  8.439578615237431E-002  1.074673469848998E-009         2         1
  8.439578615237431E-002  1.670943971492401E-010         2         1
  8.439578615237431E-002  7.627594630830995E-010         2         1
  8.439578615237431E-002  2.032476103608098E-010         2         1
  8.439578615237431E-002  3.956798090749171E-009         2         1
  8.623325242181332E-002  1.022603538803928E-008         2         1
  8.623325242181332E-002  9.505281099905109E-011         2         1
  8.623325242181332E-002  1.222016141930303E-009         2         1
  8.623325242181332E-002  3.848152798596408E-009         2         1
  8.807071869125231E-002  1.843881448227533E-011         2         1
  8.807071869125231E-002  4.226648880269783E-010         2         1
  8.807071869125231E-002  3.441332488391329E-010         2         1
  8.807071869125231E-002  2.540728122867698E-010         2         1
  8.807071869125231E-002  3.908340950422178E-009         2         1
  8.807071869125231E-002  4.847676445478500E-010         2         1
  8.807071869125231E-002  2.158658637375679E-009         2         1
  8.807071869125231E-002  2.484808916228059E-009         2         1
  8.807071869125231E-002  4.659253419851872E-009         2         1
  8.807071869125231E-002  1.440481388827077E-008         2         1
  8.807071869125231E-002  1.105521158760572E-008         2         1
  8.807071869125231E-002  3.565272141726177E-009         2         1
  8.807071869125231E-002  3.723940186457836E-009         2         1
  8.990818496069132E-002  5.515007165782712E-010         2         1
  8.990818496069132E-002  2.126077634682355E-009         2         1
  8.990818496069132E-002  8.960488142206193E-009         2         1
  8.990818496069132E-002  1.386029781839537E-008         2         1
  8.990818496069132E-002  8.342978775821960E-009         2         1
  8.990818496069132E-002  5.165938368981535E-010         2         1
  8.990818496069132E-002  2.081162835369752E-009         2         1
  8.990818496069132E-002  6.456737607893604E-011         2         1
  8.990818496069132E-002  1.376211502487389E-008         2         1
  8.990818496069132E-002  1.620025974279237E-009         2         1
  8.990818496069132E-002  1.646479248447326E-009         2         1
  8.990818496069132E-002  1.552588191802741E-009         2         1
  8.990818496069132E-002  8.039230562389258E-010         2         1
