     #Energy           s          py          pz          px         dxy         dyz         dz2         dxz         dx2       tot  
   -18.11412     0.00000     0.00000     0.00000     0.00000     0.00000     0.00000     0.00000     0.00000     0.00000     0.00000
   -18.01012     0.00000     0.00000     0.00000     0.00000     0.00000     0.00000     0.00000     0.00000     0.00000     0.00000
   -17.90612     0.00000     0.00000     0.00000     0.00000     0.00000     0.00000     0.00000     0.00000     0.00000     0.00000
   -17.80212     0.00000     0.00000     0.00000     0.00000     0.00000     0.00000     0.00000     0.00000     0.00000     0.00000
   -17.69812     0.00000     0.00000     0.00000     0.00000     0.00000     0.00000     0.00000     0.00000     0.00000     0.00000
   -17.59412     0.00000     0.00000     0.00000     0.00000     0.00000     0.00000     0.00000     0.00000     0.00000     0.00000
   -17.49012     0.00000     0.00000     0.00000     0.00000     0.00000     0.00000     0.00000     0.00000     0.00000     0.00000
   -17.38712     0.00000     0.00000     0.00000     0.00000     0.00000     0.00000     0.00000     0.00000     0.00000     0.00000
   -17.28312     0.00000     0.00000     0.00000     0.00000     0.00000     0.00000     0.00000     0.00000     0.00000     0.00000
   -17.17912     0.00000     0.00000     0.00000     0.00000     0.00000     0.00000     0.00000     0.00000     0.00000     0.00000
   -17.07512     0.00000     0.00000     0.00000     0.00000     0.00000     0.00000     0.00000     0.00000     0.00000     0.00000
   -16.97112     0.00000     0.00000     0.00000     0.00000     0.00000     0.00000     0.00000     0.00000     0.00000     0.00000
   -16.86712     0.00000     0.00000     0.00000     0.00000     0.00000     0.00000     0.00000     0.00000     0.00000     0.00000
   -16.76312     0.00000     0.00000     0.00000     0.00000     0.00000     0.00000     0.00000     0.00000     0.00000     0.00000
   -16.65912     0.00000     0.00000     0.00000     0.00000     0.00000     0.00000     0.00000     0.00000     0.00000     0.00000
   -16.55512     0.00000     0.00000     0.00000     0.00000     0.00000     0.00000     0.00000     0.00000     0.00000     0.00000
   -16.45112     0.00000     0.00000     0.00000     0.00000     0.00000     0.00000     0.00000     0.00000     0.00000     0.00000
   -16.34712     0.00000     0.00000     0.00000     0.00000     0.00000     0.00000     0.00000     0.00000     0.00000     0.00000
   -16.24312     0.00000     0.00000     0.00000     0.00000     0.00000     0.00000     0.00000     0.00000     0.00000     0.00000
   -16.13912     0.00000     0.00000     0.00000     0.00000     0.00000     0.00000     0.00000     0.00000     0.00000     0.00000
   -16.03512    -0.58830    -0.00000    -0.00459    -0.00001     0.00000     0.00000     0.00000     0.00000     0.00000    -0.59290
   -15.93112    -0.39950    -0.00001    -0.00338    -0.00001     0.00000     0.00000     0.00000     0.00000     0.00000    -0.40291
   -15.82712    -1.17000    -0.00002    -0.01026    -0.00002     0.00000     0.00000     0.00000     0.00000     0.00000    -1.18030
   -15.72312    -0.51140    -0.00003    -0.00471    -0.00003     0.00000     0.00000     0.00000     0.00000     0.00000    -0.51616
   -15.61912    -0.59110    -0.00002    -0.00588    -0.00002     0.00000     0.00000     0.00000     0.00000     0.00000    -0.59702
   -15.51512    -0.56220    -0.00003    -0.00565    -0.00004     0.00000     0.00000     0.00000     0.00000     0.00000    -0.56792
   -15.41112    -0.19000    -0.00004    -0.00224    -0.00005     0.00000     0.00000     0.00000     0.00000     0.00000    -0.19233
   -15.30712    -0.10610    -0.00006    -0.00120    -0.00005     0.00000     0.00000     0.00000     0.00000     0.00000    -0.10741
   -15.20312    -0.08768    -0.00006    -0.00107    -0.00005     0.00000     0.00000     0.00000     0.00000     0.00000    -0.08887
   -15.09912    -0.03793    -0.00006    -0.00057    -0.00006     0.00000     0.00000     0.00000     0.00000     0.00000    -0.03862
   -14.99612    -0.01262    -0.00001    -0.00015    -0.00001     0.00000     0.00000     0.00000     0.00000     0.00000    -0.01279
   -14.89212     0.00000     0.00000     0.00000     0.00000     0.00000     0.00000     0.00000     0.00000     0.00000     0.00000
   -14.78812     0.00000     0.00000     0.00000     0.00000     0.00000     0.00000     0.00000     0.00000     0.00000     0.00000
   -14.68412     0.00000     0.00000     0.00000     0.00000     0.00000     0.00000     0.00000     0.00000     0.00000     0.00000
   -14.58012     0.00000     0.00000     0.00000     0.00000     0.00000     0.00000     0.00000     0.00000     0.00000     0.00000
   -14.47612     0.00000     0.00000     0.00000     0.00000     0.00000     0.00000     0.00000     0.00000     0.00000     0.00000
   -14.37212     0.00000     0.00000     0.00000     0.00000     0.00000     0.00000     0.00000     0.00000     0.00000     0.00000
   -14.26812     0.00000     0.00000     0.00000     0.00000     0.00000     0.00000     0.00000     0.00000     0.00000     0.00000
   -14.16412     0.00000     0.00000     0.00000     0.00000     0.00000     0.00000     0.00000     0.00000     0.00000     0.00000
   -14.06012     0.00000     0.00000     0.00000     0.00000     0.00000     0.00000     0.00000     0.00000     0.00000     0.00000
   -13.95612     0.00000     0.00000     0.00000     0.00000     0.00000     0.00000     0.00000     0.00000     0.00000     0.00000
   -13.85212     0.00000     0.00000     0.00000     0.00000     0.00000     0.00000     0.00000     0.00000     0.00000     0.00000
   -13.74812     0.00000     0.00000     0.00000     0.00000     0.00000     0.00000     0.00000     0.00000     0.00000     0.00000
   -13.64412     0.00000     0.00000     0.00000     0.00000     0.00000     0.00000     0.00000     0.00000     0.00000     0.00000
   -13.54012     0.00000     0.00000     0.00000     0.00000     0.00000     0.00000     0.00000     0.00000     0.00000     0.00000
   -13.43612    -0.00333    -0.04223    -0.02045    -0.01869     0.00000     0.00000     0.00000     0.00000     0.00000    -0.08470
   -13.33212    -0.02032    -0.01330    -0.02522    -0.01615     0.00000     0.00000     0.00000     0.00000     0.00000    -0.07499
   -13.22812    -0.02254    -0.00558    -0.00502    -0.01109     0.00000     0.00000     0.00000     0.00000     0.00000    -0.04423
   -13.12412    -0.01467    -0.00421    -0.00276    -0.00507     0.00000     0.00000     0.00000     0.00000     0.00000    -0.02671
   -13.02012    -0.05978    -0.00101    -0.00478    -0.00078     0.00000     0.00000     0.00000     0.00000     0.00000    -0.06635
   -12.91612    -0.08719    -0.00076    -0.00765    -0.00146     0.00000     0.00000     0.00000     0.00000     0.00000    -0.09705
   -12.81212    -0.11710    -0.00223    -0.01150    -0.00150     0.00000     0.00000     0.00000     0.00000     0.00000    -0.13233
   -12.70912    -0.08007    -0.00098    -0.00942    -0.00116     0.00000     0.00000     0.00000     0.00000     0.00000    -0.09163
   -12.60512    -0.06547    -0.00148    -0.00877    -0.00184     0.00000     0.00000     0.00000     0.00000     0.00000    -0.07756
   -12.50112    -0.04047    -0.00043    -0.00497    -0.00062     0.00000     0.00000     0.00000     0.00000     0.00000    -0.04649
   -12.39712    -0.05952    -0.00201    -0.00825    -0.00107     0.00000     0.00000     0.00000     0.00000     0.00000    -0.07085
   -12.29312    -0.03675    -0.00180    -0.00581    -0.00141     0.00000     0.00000     0.00000     0.00000     0.00000    -0.04578
   -12.18912    -0.02705    -0.00151    -0.00377    -0.00147     0.00000     0.00000     0.00000     0.00000     0.00000    -0.03380
   -12.08512    -0.02895    -0.00131    -0.00504    -0.00140     0.00000     0.00000     0.00000     0.00000     0.00000    -0.03670
   -11.98112    -0.02283    -0.00155    -0.00464    -0.00248     0.00000     0.00000     0.00000     0.00000     0.00000    -0.03150
   -11.87712    -0.02851    -0.00203    -0.00440    -0.00172     0.00000     0.00000     0.00000     0.00000     0.00000    -0.03665
   -11.77312    -0.02012    -0.00117    -0.00402    -0.00154     0.00000     0.00000     0.00000     0.00000     0.00000    -0.02685
   -11.66912    -0.02054    -0.00052    -0.00320    -0.00078     0.00000     0.00000     0.00000     0.00000     0.00000    -0.02505
   -11.56512    -0.01661    -0.00036    -0.00355    -0.00051     0.00000     0.00000     0.00000     0.00000     0.00000    -0.02103
   -11.46112    -0.02726    -0.00098    -0.00360    -0.00089     0.00000     0.00000     0.00000     0.00000     0.00000    -0.03273
   -11.35712    -0.01239    -0.00072    -0.00201    -0.00054     0.00000     0.00000     0.00000     0.00000     0.00000    -0.01565
   -11.25312    -0.00458    -0.00023    -0.00071    -0.00026     0.00000     0.00000     0.00000     0.00000     0.00000    -0.00578
   -11.14912    -0.00092    -0.00003    -0.00008    -0.00002     0.00000     0.00000     0.00000     0.00000     0.00000    -0.00104
   -11.04512     0.00000     0.00000     0.00000     0.00000     0.00000     0.00000     0.00000     0.00000     0.00000     0.00000
   -10.94112     0.00000     0.00000     0.00000     0.00000     0.00000     0.00000     0.00000     0.00000     0.00000     0.00000
   -10.83712     0.00000     0.00000     0.00000     0.00000     0.00000     0.00000     0.00000     0.00000     0.00000     0.00000
   -10.73312     0.00000     0.00000     0.00000     0.00000     0.00000     0.00000     0.00000     0.00000     0.00000     0.00000
   -10.62912     0.00000     0.00000     0.00000     0.00000     0.00000     0.00000     0.00000     0.00000     0.00000     0.00000
   -10.52512     0.00000     0.00000     0.00000     0.00000     0.00000     0.00000     0.00000     0.00000     0.00000     0.00000
   -10.42112     0.00000     0.00000     0.00000     0.00000     0.00000     0.00000     0.00000     0.00000     0.00000     0.00000
   -10.31812     0.00000     0.00000     0.00000     0.00000     0.00000     0.00000     0.00000     0.00000     0.00000     0.00000
   -10.21412     0.00000     0.00000     0.00000     0.00000     0.00000     0.00000     0.00000     0.00000     0.00000     0.00000
   -10.11012     0.00000     0.00000     0.00000     0.00000     0.00000     0.00000     0.00000     0.00000     0.00000     0.00000
   -10.00612     0.00000     0.00000     0.00000     0.00000     0.00000     0.00000     0.00000     0.00000     0.00000     0.00000
    -9.90212     0.00000     0.00000     0.00000     0.00000     0.00000     0.00000     0.00000     0.00000     0.00000     0.00000
    -9.79812     0.00000     0.00000     0.00000     0.00000     0.00000     0.00000     0.00000     0.00000     0.00000     0.00000
    -9.69412     0.00000     0.00000     0.00000     0.00000     0.00000     0.00000     0.00000     0.00000     0.00000     0.00000
    -9.59012     0.00000     0.00000     0.00000     0.00000     0.00000     0.00000     0.00000     0.00000     0.00000     0.00000
    -9.48612     0.00000     0.00000     0.00000     0.00000     0.00000     0.00000     0.00000     0.00000     0.00000     0.00000
    -9.38212     0.00000     0.00000     0.00000     0.00000     0.00000     0.00000     0.00000     0.00000     0.00000     0.00000
    -9.27812     0.00000     0.00000     0.00000     0.00000     0.00000     0.00000     0.00000     0.00000     0.00000     0.00000
    -9.17412     0.00000     0.00000     0.00000     0.00000     0.00000     0.00000     0.00000     0.00000     0.00000     0.00000
    -9.07012     0.00000     0.00000     0.00000     0.00000     0.00000     0.00000     0.00000     0.00000     0.00000     0.00000
    -8.96612     0.00000     0.00000     0.00000     0.00000     0.00000     0.00000     0.00000     0.00000     0.00000     0.00000
    -8.86212     0.00000     0.00000     0.00000     0.00000     0.00000     0.00000     0.00000     0.00000     0.00000     0.00000
    -8.75812     0.00000     0.00000     0.00000     0.00000     0.00000     0.00000     0.00000     0.00000     0.00000     0.00000
    -8.65412     0.00000     0.00000     0.00000     0.00000     0.00000     0.00000     0.00000     0.00000     0.00000     0.00000
    -8.55012     0.00000     0.00000     0.00000     0.00000     0.00000     0.00000     0.00000     0.00000     0.00000     0.00000
    -8.44612     0.00000     0.00000     0.00000     0.00000     0.00000     0.00000     0.00000     0.00000     0.00000     0.00000
    -8.34212     0.00000     0.00000     0.00000     0.00000     0.00000     0.00000     0.00000     0.00000     0.00000     0.00000
    -8.23812     0.00000     0.00000     0.00000     0.00000     0.00000     0.00000     0.00000     0.00000     0.00000     0.00000
    -8.13412     0.00000     0.00000     0.00000     0.00000     0.00000     0.00000     0.00000     0.00000     0.00000     0.00000
    -8.03012     0.00000     0.00000     0.00000     0.00000     0.00000     0.00000     0.00000     0.00000     0.00000     0.00000
    -7.92712     0.00000     0.00000     0.00000     0.00000     0.00000     0.00000     0.00000     0.00000     0.00000     0.00000
    -7.82312     0.00000     0.00000     0.00000     0.00000     0.00000     0.00000     0.00000     0.00000     0.00000     0.00000
    -7.71912     0.00000     0.00000     0.00000     0.00000     0.00000     0.00000     0.00000     0.00000     0.00000     0.00000
    -7.61512     0.00000     0.00000     0.00000     0.00000     0.00000     0.00000     0.00000     0.00000     0.00000     0.00000
    -7.51112     0.00000     0.00000     0.00000     0.00000     0.00000     0.00000     0.00000     0.00000     0.00000     0.00000
    -7.40712     0.00000     0.00000     0.00000     0.00000     0.00000     0.00000     0.00000     0.00000     0.00000     0.00000
    -7.30312     0.00000     0.00000     0.00000     0.00000     0.00000     0.00000     0.00000     0.00000     0.00000     0.00000
    -7.19912     0.00000     0.00000     0.00000     0.00000     0.00000     0.00000     0.00000     0.00000     0.00000     0.00000
    -7.09512    -0.00001    -0.00000    -0.01477    -0.00000     0.00000     0.00000     0.00000     0.00000     0.00000    -0.01478
    -6.99112    -0.00003    -0.00000    -0.04092    -0.00001     0.00000     0.00000     0.00000     0.00000     0.00000    -0.04096
    -6.88712    -0.00011    -0.00144    -0.14690    -0.00081     0.00000     0.00000     0.00000     0.00000     0.00000    -0.14927
    -6.78312    -0.00010    -0.00885    -0.14740    -0.00740     0.00000     0.00000     0.00000     0.00000     0.00000    -0.16375
    -6.67912    -0.00040    -0.01724    -0.20140    -0.02186     0.00000     0.00000     0.00000     0.00000     0.00000    -0.24090
    -6.57512    -0.00069    -0.03396    -0.16100    -0.03793     0.00000     0.00000     0.00000     0.00000     0.00000    -0.23358
    -6.47112    -0.00085    -0.02646    -0.17330    -0.03178     0.00000     0.00000     0.00000     0.00000     0.00000    -0.23239
    -6.36712    -0.00280    -0.08630    -0.20020    -0.05205     0.00000     0.00000     0.00000     0.00000     0.00000    -0.34135
    -6.26312    -0.00119    -0.04364    -0.11540    -0.02979     0.00000     0.00000     0.00000     0.00000     0.00000    -0.19002
    -6.15912    -0.00244    -0.06194    -0.08345    -0.06032     0.00000     0.00000     0.00000     0.00000     0.00000    -0.20815
    -6.05512    -0.00284    -0.06411    -0.10970    -0.05624     0.00000     0.00000     0.00000     0.00000     0.00000    -0.23289
    -5.95112    -0.00333    -0.07516    -0.06763    -0.07010     0.00000     0.00000     0.00000     0.00000     0.00000    -0.21622
    -5.84712    -0.00274    -0.02859    -0.08447    -0.03095     0.00000     0.00000     0.00000     0.00000     0.00000    -0.14675
    -5.74312    -0.00258    -0.01851    -0.07022    -0.03066     0.00000     0.00000     0.00000     0.00000     0.00000    -0.12196
    -5.63912    -0.00446    -0.04822    -0.06366    -0.03763     0.00000     0.00000     0.00000     0.00000     0.00000    -0.15397
    -5.53612    -0.00392    -0.02688    -0.05889    -0.02882     0.00000     0.00000     0.00000     0.00000     0.00000    -0.11851
    -5.43212    -0.00406    -0.03191    -0.06270    -0.03147     0.00000     0.00000     0.00000     0.00000     0.00000    -0.13014
    -5.32812    -0.00658    -0.05314    -0.10730    -0.05135     0.00000     0.00000     0.00000     0.00000     0.00000    -0.21837
    -5.22412    -0.00903    -0.02531    -0.11600    -0.02129     0.00000     0.00000     0.00000     0.00000     0.00000    -0.17163
    -5.12012    -0.00941    -0.03053    -0.08956    -0.02158     0.00000     0.00000     0.00000     0.00000     0.00000    -0.15108
    -5.01612    -0.01346    -0.03660    -0.10250    -0.02918     0.00000     0.00000     0.00000     0.00000     0.00000    -0.18174
    -4.91212    -0.01050    -0.01855    -0.06626    -0.02148     0.00000     0.00000     0.00000     0.00000     0.00000    -0.11679
    -4.80812    -0.01421    -0.02659    -0.08410    -0.02440     0.00000     0.00000     0.00000     0.00000     0.00000    -0.14930
    -4.70412    -0.01759    -0.02710    -0.07027    -0.02761     0.00000     0.00000     0.00000     0.00000     0.00000    -0.14257
    -4.60012    -0.01791    -0.01640    -0.08576    -0.01697     0.00000     0.00000     0.00000     0.00000     0.00000    -0.13704
    -4.49612    -0.01613    -0.01584    -0.07831    -0.01618     0.00000     0.00000     0.00000     0.00000     0.00000    -0.12646
    -4.39212    -0.01338    -0.03205    -0.05642    -0.02873     0.00000     0.00000     0.00000     0.00000     0.00000    -0.13058
    -4.28812    -0.01286    -0.04026    -0.05085    -0.04188     0.00000     0.00000     0.00000     0.00000     0.00000    -0.14585
    -4.18412    -0.01327    -0.05005    -0.04583    -0.05023     0.00000     0.00000     0.00000     0.00000     0.00000    -0.15938
    -4.08012    -0.01013    -0.03560    -0.03192    -0.02831     0.00000     0.00000     0.00000     0.00000     0.00000    -0.10596
    -3.97612    -0.00847    -0.01997    -0.03853    -0.02017     0.00000     0.00000     0.00000     0.00000     0.00000    -0.08714
    -3.87212    -0.01317    -0.03449    -0.04019    -0.03867     0.00000     0.00000     0.00000     0.00000     0.00000    -0.12652
    -3.76812    -0.01468    -0.05304    -0.04849    -0.07012     0.00000     0.00000     0.00000     0.00000     0.00000    -0.18633
    -3.66412    -0.02112    -0.06254    -0.06009    -0.05980     0.00000     0.00000     0.00000     0.00000     0.00000    -0.20355
    -3.56012    -0.00958    -0.04820    -0.03272    -0.03979     0.00000     0.00000     0.00000     0.00000     0.00000    -0.13029
    -3.45612    -0.01419    -0.05664    -0.03857    -0.06020     0.00000     0.00000     0.00000     0.00000     0.00000    -0.16960
    -3.35212    -0.01535    -0.04914    -0.03974    -0.05842     0.00000     0.00000     0.00000     0.00000     0.00000    -0.16265
    -3.24912    -0.01104    -0.05953    -0.02878    -0.05940     0.00000     0.00000     0.00000     0.00000     0.00000    -0.15875
    -3.14512    -0.00983    -0.06818    -0.02912    -0.05150     0.00000     0.00000     0.00000     0.00000     0.00000    -0.15863
    -3.04112    -0.01010    -0.09525    -0.03631    -0.10520     0.00000     0.00000     0.00000     0.00000     0.00000    -0.24686
    -2.93712    -0.01313    -0.08680    -0.03251    -0.11390     0.00000     0.00000     0.00000     0.00000     0.00000    -0.24634
    -2.83312    -0.01157    -0.10910    -0.03217    -0.08203     0.00000     0.00000     0.00000     0.00000     0.00000    -0.23487
    -2.72912    -0.00665    -0.11010    -0.02802    -0.11910     0.00000     0.00000     0.00000     0.00000     0.00000    -0.26387
    -2.62512    -0.00899    -0.09765    -0.02780    -0.09786     0.00000     0.00000     0.00000     0.00000     0.00000    -0.23230
    -2.52112    -0.01204    -0.12990    -0.04023    -0.11330     0.00000     0.00000     0.00000     0.00000     0.00000    -0.29547
    -2.41712    -0.00942    -0.13940    -0.02617    -0.14850     0.00000     0.00000     0.00000     0.00000     0.00000    -0.32349
    -2.31312    -0.00750    -0.08693    -0.02185    -0.08822     0.00000     0.00000     0.00000     0.00000     0.00000    -0.20450
    -2.20912    -0.00804    -0.10260    -0.01994    -0.12530     0.00000     0.00000     0.00000     0.00000     0.00000    -0.25588
    -2.10512    -0.00542    -0.12710    -0.01702    -0.12700     0.00000     0.00000     0.00000     0.00000     0.00000    -0.27654
    -2.00112    -0.00516    -0.12070    -0.02109    -0.10160     0.00000     0.00000     0.00000     0.00000     0.00000    -0.24855
    -1.89712    -0.01028    -0.07618    -0.02418    -0.12360     0.00000     0.00000     0.00000     0.00000     0.00000    -0.23424
    -1.79312    -0.00678    -0.09979    -0.01768    -0.11090     0.00000     0.00000     0.00000     0.00000     0.00000    -0.23515
    -1.68912    -0.00409    -0.10110    -0.01128    -0.10090     0.00000     0.00000     0.00000     0.00000     0.00000    -0.21737
    -1.58512    -0.00490    -0.13900    -0.01047    -0.14080     0.00000     0.00000     0.00000     0.00000     0.00000    -0.29517
    -1.48112    -0.00421    -0.14250    -0.00958    -0.10910     0.00000     0.00000     0.00000     0.00000     0.00000    -0.26540
    -1.37712    -0.00290    -0.09516    -0.00580    -0.09890     0.00000     0.00000     0.00000     0.00000     0.00000    -0.20276
    -1.27312    -0.00256    -0.12700    -0.00971    -0.15800     0.00000     0.00000     0.00000     0.00000     0.00000    -0.29728
    -1.16912    -0.00454    -0.12340    -0.00845    -0.13880     0.00000     0.00000     0.00000     0.00000     0.00000    -0.27519
    -1.06512    -0.00235    -0.06922    -0.00448    -0.08376     0.00000     0.00000     0.00000     0.00000     0.00000    -0.15981
    -0.96112    -0.00242    -0.05968    -0.00633    -0.06078     0.00000     0.00000     0.00000     0.00000     0.00000    -0.12921
    -0.85812    -0.00218    -0.03480    -0.00369    -0.03710     0.00000     0.00000     0.00000     0.00000     0.00000    -0.07778
    -0.75412    -0.00171    -0.05364    -0.00422    -0.05692     0.00000     0.00000     0.00000     0.00000     0.00000    -0.11649
    -0.65012    -0.00124    -0.04118    -0.00458    -0.04568     0.00000     0.00000     0.00000     0.00000     0.00000    -0.09267
    -0.54612    -0.00202    -0.02405    -0.00702    -0.02721     0.00000     0.00000     0.00000     0.00000     0.00000    -0.06030
    -0.44212    -0.00265    -0.02345    -0.00805    -0.02287     0.00000     0.00000     0.00000     0.00000     0.00000    -0.05703
    -0.33812    -0.00852    -0.01878    -0.07403    -0.02473     0.00000     0.00000     0.00000     0.00000     0.00000    -0.12606
    -0.23412    -0.00268    -0.00773    -0.04856    -0.00995     0.00000     0.00000     0.00000     0.00000     0.00000    -0.06892
    -0.13012    -0.00060    -0.00939    -0.03216    -0.00706     0.00000     0.00000     0.00000     0.00000     0.00000    -0.04921
    -0.02612     0.00000     0.00000     0.00000     0.00000     0.00000     0.00000     0.00000     0.00000     0.00000     0.00000
     0.07788     0.00000     0.00000     0.00000     0.00000     0.00000     0.00000     0.00000     0.00000     0.00000     0.00000
     0.18188     0.00000     0.00000     0.00000     0.00000     0.00000     0.00000     0.00000     0.00000     0.00000     0.00000
     0.28588     0.00000     0.00000     0.00000     0.00000     0.00000     0.00000     0.00000     0.00000     0.00000     0.00000
     0.38988    -0.00004    -0.09175    -0.00015    -0.04060     0.00000     0.00000     0.00000     0.00000     0.00000    -0.13254
     0.49388     0.00000     0.00000     0.00000     0.00000     0.00000     0.00000     0.00000     0.00000     0.00000     0.00000
     0.59788     0.00000     0.00000     0.00000     0.00000     0.00000     0.00000     0.00000     0.00000     0.00000     0.00000
     0.70188     0.00000     0.00000     0.00000     0.00000     0.00000     0.00000     0.00000     0.00000     0.00000     0.00000
     0.80588     0.00000     0.00000     0.00000     0.00000     0.00000     0.00000     0.00000     0.00000     0.00000     0.00000
     0.90988     0.00000     0.00000     0.00000     0.00000     0.00000     0.00000     0.00000     0.00000     0.00000     0.00000
     1.01388     0.00000     0.00000     0.00000     0.00000     0.00000     0.00000     0.00000     0.00000     0.00000     0.00000
     1.11788     0.00000     0.00000     0.00000     0.00000     0.00000     0.00000     0.00000     0.00000     0.00000     0.00000
     1.22188     0.00000     0.00000     0.00000     0.00000     0.00000     0.00000     0.00000     0.00000     0.00000     0.00000
     1.32588     0.00000     0.00000     0.00000     0.00000     0.00000     0.00000     0.00000     0.00000     0.00000     0.00000
     1.42988     0.00000     0.00000     0.00000     0.00000     0.00000     0.00000     0.00000     0.00000     0.00000     0.00000
     1.53288     0.00000     0.00000     0.00000     0.00000     0.00000     0.00000     0.00000     0.00000     0.00000     0.00000
     1.63688     0.00000     0.00000     0.00000     0.00000     0.00000     0.00000     0.00000     0.00000     0.00000     0.00000
     1.74088     0.00000     0.00000     0.00000     0.00000     0.00000     0.00000     0.00000     0.00000     0.00000     0.00000
     1.84488     0.00000     0.00000     0.00000     0.00000     0.00000     0.00000     0.00000     0.00000     0.00000     0.00000
     1.94888     0.00000     0.00000     0.00000     0.00000     0.00000     0.00000     0.00000     0.00000     0.00000     0.00000
     2.05288    -0.00004    -0.00000    -0.00001    -0.00000     0.00000     0.00000     0.00000     0.00000     0.00000    -0.00006
     2.15688    -0.00023    -0.00003    -0.00003    -0.00003     0.00000     0.00000     0.00000     0.00000     0.00000    -0.00031
     2.26088    -0.00058    -0.00006    -0.00008    -0.00006     0.00000     0.00000     0.00000     0.00000     0.00000    -0.00078
     2.36488    -0.00158    -0.00025    -0.00024    -0.00025     0.00000     0.00000     0.00000     0.00000     0.00000    -0.00232
     2.46888    -0.00247    -0.00042    -0.00041    -0.00044     0.00000     0.00000     0.00000     0.00000     0.00000    -0.00373
     2.57288    -0.00359    -0.00069    -0.00068    -0.00076     0.00000     0.00000     0.00000     0.00000     0.00000    -0.00572
     2.67688    -0.00201    -0.00043    -0.00040    -0.00047     0.00000     0.00000     0.00000     0.00000     0.00000    -0.00330
     2.78088     0.00000     0.00000     0.00000     0.00000     0.00000     0.00000     0.00000     0.00000     0.00000     0.00000
     2.88488    -0.00017    -0.00016    -0.00003    -0.00005     0.00000     0.00000     0.00000     0.00000     0.00000    -0.00040
     2.98888    -0.00179    -0.00131    -0.00037    -0.00091     0.00000     0.00000     0.00000     0.00000     0.00000    -0.00438
     3.09288    -0.00405    -0.00261    -0.00098    -0.00199     0.00000     0.00000     0.00000     0.00000     0.00000    -0.00964
     3.19688    -0.00587    -0.00103    -0.00155    -0.00168     0.00000     0.00000     0.00000     0.00000     0.00000    -0.01013
     3.30088    -0.00153    -0.00087    -0.00037    -0.00068     0.00000     0.00000     0.00000     0.00000     0.00000    -0.00344
     3.40488    -0.00388    -0.00157    -0.00087    -0.00145     0.00000     0.00000     0.00000     0.00000     0.00000    -0.00777
     3.50888    -0.00407    -0.00145    -0.00102    -0.00151     0.00000     0.00000     0.00000     0.00000     0.00000    -0.00804
     3.61288    -0.00332    -0.00152    -0.00094    -0.00226     0.00000     0.00000     0.00000     0.00000     0.00000    -0.00804
     3.71688    -0.00991    -0.00427    -0.00269    -0.00527     0.00000     0.00000     0.00000     0.00000     0.00000    -0.02213
     3.82088    -0.00500    -0.00175    -0.00153    -0.00209     0.00000     0.00000     0.00000     0.00000     0.00000    -0.01037
     3.92388    -0.00643    -0.00339    -0.00168    -0.00289     0.00000     0.00000     0.00000     0.00000     0.00000    -0.01438
     4.02788    -0.00339    -0.00153    -0.00085    -0.00139     0.00000     0.00000     0.00000     0.00000     0.00000    -0.00716
     4.13188    -0.01022    -0.00618    -0.00281    -0.00352     0.00000     0.00000     0.00000     0.00000     0.00000    -0.02273
     4.23588    -0.01214    -0.00615    -0.00360    -0.00616     0.00000     0.00000     0.00000     0.00000     0.00000    -0.02805
     4.33988    -0.01627    -0.00634    -0.00324    -0.01039     0.00000     0.00000     0.00000     0.00000     0.00000    -0.03625
     4.44388    -0.02154    -0.00743    -0.00551    -0.01079     0.00000     0.00000     0.00000     0.00000     0.00000    -0.04527
     4.54788    -0.02597    -0.01156    -0.00597    -0.00923     0.00000     0.00000     0.00000     0.00000     0.00000    -0.05274
     4.65188    -0.03589    -0.01517    -0.00822    -0.01035     0.00000     0.00000     0.00000     0.00000     0.00000    -0.06963
     4.75588    -0.02764    -0.00972    -0.00619    -0.01269     0.00000     0.00000     0.00000     0.00000     0.00000    -0.05625
     4.85988    -0.02349    -0.00961    -0.00522    -0.01354     0.00000     0.00000     0.00000     0.00000     0.00000    -0.05186
     4.96388    -0.05415    -0.03523    -0.01189    -0.01956     0.00000     0.00000     0.00000     0.00000     0.00000    -0.12083
     5.06788    -0.05118    -0.02349    -0.00824    -0.05445     0.00000     0.00000     0.00000     0.00000     0.00000    -0.13736
     5.17188    -0.06773    -0.01379    -0.00948    -0.01487     0.00000     0.00000     0.00000     0.00000     0.00000    -0.10587
     5.27588    -0.03343    -0.01556    -0.00701    -0.01204     0.00000     0.00000     0.00000     0.00000     0.00000    -0.06804
     5.37988    -0.03210    -0.02214    -0.00756    -0.01472     0.00000     0.00000     0.00000     0.00000     0.00000    -0.07653
     5.48388    -0.04290    -0.01793    -0.00945    -0.02044     0.00000     0.00000     0.00000     0.00000     0.00000    -0.09072
     5.58788    -0.04331    -0.02101    -0.00839    -0.02331     0.00000     0.00000     0.00000     0.00000     0.00000    -0.09602
     5.69188    -0.04559    -0.02182    -0.00859    -0.01962     0.00000     0.00000     0.00000     0.00000     0.00000    -0.09562
     5.79588    -0.03590    -0.01477    -0.00695    -0.02072     0.00000     0.00000     0.00000     0.00000     0.00000    -0.07834
     5.89988    -0.02808    -0.01721    -0.00818    -0.01679     0.00000     0.00000     0.00000     0.00000     0.00000    -0.07026
     6.00388    -0.03872    -0.01725    -0.00636    -0.01522     0.00000     0.00000     0.00000     0.00000     0.00000    -0.07755
     6.10788    -0.02950    -0.01949    -0.00574    -0.01488     0.00000     0.00000     0.00000     0.00000     0.00000    -0.06961
     6.21088    -0.02363    -0.01521    -0.00976    -0.01858     0.00000     0.00000     0.00000     0.00000     0.00000    -0.06718
     6.31488    -0.01951    -0.01365    -0.00848    -0.01659     0.00000     0.00000     0.00000     0.00000     0.00000    -0.05823
     6.41888    -0.02605    -0.01829    -0.01270    -0.01936     0.00000     0.00000     0.00000     0.00000     0.00000    -0.07640
     6.52288    -0.02121    -0.01893    -0.01667    -0.01631     0.00000     0.00000     0.00000     0.00000     0.00000    -0.07312
     6.62688    -0.01709    -0.01614    -0.01633    -0.01398     0.00000     0.00000     0.00000     0.00000     0.00000    -0.06354
     6.73088    -0.01188    -0.01799    -0.01404    -0.01789     0.00000     0.00000     0.00000     0.00000     0.00000    -0.06180
     6.83488    -0.03614    -0.03823    -0.02338    -0.04626     0.00000     0.00000     0.00000     0.00000     0.00000    -0.14401
     6.93888    -0.01723    -0.01389    -0.00881    -0.01348     0.00000     0.00000     0.00000     0.00000     0.00000    -0.05341
     7.04288    -0.00744    -0.00858    -0.00494    -0.01094     0.00000     0.00000     0.00000     0.00000     0.00000    -0.03190
     7.14688    -0.00849    -0.02538    -0.00891    -0.02577     0.00000     0.00000     0.00000     0.00000     0.00000    -0.06855
     7.25088    -0.01278    -0.03603    -0.00918    -0.03642     0.00000     0.00000     0.00000     0.00000     0.00000    -0.09441
     7.35488    -0.02096    -0.04801    -0.01311    -0.05719     0.00000     0.00000     0.00000     0.00000     0.00000    -0.13927
     7.45888    -0.01962    -0.04223    -0.01490    -0.05015     0.00000     0.00000     0.00000     0.00000     0.00000    -0.12690
     7.56288    -0.00921    -0.03632    -0.00896    -0.02959     0.00000     0.00000     0.00000     0.00000     0.00000    -0.08408
     7.66688    -0.01441    -0.05777    -0.00774    -0.05790     0.00000     0.00000     0.00000     0.00000     0.00000    -0.13782
     7.77088    -0.01329    -0.04649    -0.00948    -0.04891     0.00000     0.00000     0.00000     0.00000     0.00000    -0.11817
     7.87488    -0.01041    -0.10340    -0.00778    -0.09515     0.00000     0.00000     0.00000     0.00000     0.00000    -0.21674
     7.97888    -0.01044    -0.05804    -0.00818    -0.06046     0.00000     0.00000     0.00000     0.00000     0.00000    -0.13712
     8.08288    -0.01313    -0.05977    -0.01210    -0.06867     0.00000     0.00000     0.00000     0.00000     0.00000    -0.15367
     8.18688    -0.00748    -0.08225    -0.01267    -0.08621     0.00000     0.00000     0.00000     0.00000     0.00000    -0.18861
     8.29088    -0.00609    -0.06527    -0.01088    -0.09130     0.00000     0.00000     0.00000     0.00000     0.00000    -0.17354
     8.39488    -0.00353    -0.03692    -0.01671    -0.04170     0.00000     0.00000     0.00000     0.00000     0.00000    -0.09886
     8.49888    -0.01350    -0.07626    -0.02039    -0.06398     0.00000     0.00000     0.00000     0.00000     0.00000    -0.17413
     8.60188    -0.00955    -0.02902    -0.01751    -0.02691     0.00000     0.00000     0.00000     0.00000     0.00000    -0.08299
     8.70588    -0.01339    -0.00893    -0.02003    -0.00803     0.00000     0.00000     0.00000     0.00000     0.00000    -0.05038
     8.80988    -0.02587    -0.00597    -0.03141    -0.00548     0.00000     0.00000     0.00000     0.00000     0.00000    -0.06873
     8.91388    -0.00577    -0.01289    -0.01246    -0.01453     0.00000     0.00000     0.00000     0.00000     0.00000    -0.04565
     9.01788    -0.00814    -0.04738    -0.01191    -0.03438     0.00000     0.00000     0.00000     0.00000     0.00000    -0.10182
     9.12188    -0.00547    -0.01965    -0.00854    -0.02437     0.00000     0.00000     0.00000     0.00000     0.00000    -0.05803
     9.22588    -0.00552    -0.02198    -0.01902    -0.01349     0.00000     0.00000     0.00000     0.00000     0.00000    -0.06001
     9.32988    -0.00474    -0.02611    -0.01442    -0.02151     0.00000     0.00000     0.00000     0.00000     0.00000    -0.06678
     9.43388    -0.00521    -0.02115    -0.01412    -0.02376     0.00000     0.00000     0.00000     0.00000     0.00000    -0.06424
     9.53788    -0.00518    -0.03939    -0.01615    -0.03793     0.00000     0.00000     0.00000     0.00000     0.00000    -0.09865
     9.64188    -0.00705    -0.02195    -0.03636    -0.01467     0.00000     0.00000     0.00000     0.00000     0.00000    -0.08003
     9.74588    -0.00615    -0.03064    -0.02897    -0.02175     0.00000     0.00000     0.00000     0.00000     0.00000    -0.08751
     9.84988    -0.00543    -0.03464    -0.03415    -0.03731     0.00000     0.00000     0.00000     0.00000     0.00000    -0.11153
     9.95388    -0.00454    -0.03517    -0.04602    -0.01971     0.00000     0.00000     0.00000     0.00000     0.00000    -0.10544
    10.05788    -0.00840    -0.03166    -0.03953    -0.03920     0.00000     0.00000     0.00000     0.00000     0.00000    -0.11879
    10.16188    -0.00486    -0.02958    -0.05441    -0.02438     0.00000     0.00000     0.00000     0.00000     0.00000    -0.11323
    10.26588    -0.00700    -0.02263    -0.07158    -0.02332     0.00000     0.00000     0.00000     0.00000     0.00000    -0.12453
    10.36988    -0.00303    -0.01893    -0.09336    -0.02212     0.00000     0.00000     0.00000     0.00000     0.00000    -0.13744
    10.47388    -0.00404    -0.01444    -0.12480    -0.01190     0.00000     0.00000     0.00000     0.00000     0.00000    -0.15518
    10.57788    -0.00263    -0.00957    -0.05764    -0.00877     0.00000     0.00000     0.00000     0.00000     0.00000    -0.07860
    10.68188    -0.00125    -0.00394    -0.01635    -0.00447     0.00000     0.00000     0.00000     0.00000     0.00000    -0.02602
    10.78588    -0.00078    -0.00243    -0.00952    -0.00304     0.00000     0.00000     0.00000     0.00000     0.00000    -0.01577
    10.88988    -0.00027    -0.00084    -0.00244    -0.00097     0.00000     0.00000     0.00000     0.00000     0.00000    -0.00452
    10.99288    -0.00007    -0.00043    -0.00076    -0.00021     0.00000     0.00000     0.00000     0.00000     0.00000    -0.00147
    11.09688     0.00000     0.00000     0.00000     0.00000     0.00000     0.00000     0.00000     0.00000     0.00000     0.00000
    11.20088     0.00000     0.00000     0.00000     0.00000     0.00000     0.00000     0.00000     0.00000     0.00000     0.00000
    11.30488     0.00000     0.00000     0.00000     0.00000     0.00000     0.00000     0.00000     0.00000     0.00000     0.00000
    11.40888     0.00000     0.00000     0.00000     0.00000     0.00000     0.00000     0.00000     0.00000     0.00000     0.00000
    11.51288     0.00000     0.00000     0.00000     0.00000     0.00000     0.00000     0.00000     0.00000     0.00000     0.00000
    11.61688     0.00000     0.00000     0.00000     0.00000     0.00000     0.00000     0.00000     0.00000     0.00000     0.00000
    11.72088     0.00000     0.00000     0.00000     0.00000     0.00000     0.00000     0.00000     0.00000     0.00000     0.00000
    11.82488     0.00000     0.00000     0.00000     0.00000     0.00000     0.00000     0.00000     0.00000     0.00000     0.00000
    11.92888     0.00000     0.00000     0.00000     0.00000     0.00000     0.00000     0.00000     0.00000     0.00000     0.00000
    12.03288     0.00000     0.00000     0.00000     0.00000     0.00000     0.00000     0.00000     0.00000     0.00000     0.00000
    12.13688     0.00000     0.00000     0.00000     0.00000     0.00000     0.00000     0.00000     0.00000     0.00000     0.00000
    12.24088     0.00000     0.00000     0.00000     0.00000     0.00000     0.00000     0.00000     0.00000     0.00000     0.00000
    12.34488     0.00000     0.00000     0.00000     0.00000     0.00000     0.00000     0.00000     0.00000     0.00000     0.00000
    12.44888     0.00000     0.00000     0.00000     0.00000     0.00000     0.00000     0.00000     0.00000     0.00000     0.00000
    12.55288     0.00000     0.00000     0.00000     0.00000     0.00000     0.00000     0.00000     0.00000     0.00000     0.00000
    12.65688     0.00000     0.00000     0.00000     0.00000     0.00000     0.00000     0.00000     0.00000     0.00000     0.00000
    12.76088     0.00000     0.00000     0.00000     0.00000     0.00000     0.00000     0.00000     0.00000     0.00000     0.00000
    12.86488     0.00000     0.00000     0.00000     0.00000     0.00000     0.00000     0.00000     0.00000     0.00000     0.00000
    12.96888     0.00000     0.00000     0.00000     0.00000     0.00000     0.00000     0.00000     0.00000     0.00000     0.00000
    13.07288     0.00000     0.00000     0.00000     0.00000     0.00000     0.00000     0.00000     0.00000     0.00000     0.00000
