# Cell volume (a.u.)^3. Format: '(a51, ES24.15E3)'   7.062330632076545E+004
# Total number of transitions, Initial states (bandI, bandF) Format : '(3i10)'
        64      1025      1088
# Temperature (K):   300.0
# Initial state, Transition rate Format : '(i10, f10.5, ES24.15E3)'
      1025   1.50049500474900E+010
      1026   6.87785833763029E+009
      1027   1.56576891214090E+009
      1028   7.83473876015571E+004
      1029   1.80856612326467E+010
      1030   1.27820028378209E+010
      1031   1.24414976568605E+009
      1032   1.63183031313351E+010
      1033   2.63517035891435E+009
      1034   1.20088012786272E+009
      1035   1.66039927459210E+010
      1036   1.18347190111976E+008
      1037   2.62320987580997E+004
      1038   7.64707725883788E+009
      1039   7.48824599688055E+009
      1040   3.38196721123568E+009
      1041   2.47834983062662E+009
      1042   8.41825817931540E+009
      1043   1.01844539036057E+010
      1044   5.81927695396285E+008
      1045   1.32559312990000E+003
      1046   8.87924490663680E+009
      1047   3.71674657306156E+009
      1048   5.67944407992695E+007
      1049   7.57873190060505E+009
      1050   9.82511017220847E+007
      1051   2.33909701444659E+009
      1052   6.14446213481591E+009
      1053   1.06548161140543E+009
      1054   2.26010701627065E+009
      1055   5.93278017751851E+009
      1056   6.01772065895818E+008
      1057   2.23811852562273E+009
      1058   2.89868952031313E+004
      1059   3.76192828667449E+004
      1060   5.40706837915105E+008
      1061   9.60032325903012E+009
      1062   5.87775090620652E+009
      1063   4.67308294963604E+008
      1064   7.46537072662655E+009
      1065   1.63181388052565E+008
      1066   2.86879884391396E+009
      1067   2.82140401651243E+008
      1068   4.85235347194260E+004
      1069   3.19335270808635E+004
      1070   7.24880306789957E+009
      1071   1.26199932348118E+009
      1072   1.03260538564432E+009
      1073   3.54872415535687E+009
      1074   2.22966169661101E+009
      1075   7.41385377621915E+008
      1076   1.35295084447328E+009
      1077   6.06097526036289E+009
      1078   5.18606549130595E+008
      1079   6.75929894495084E+009
      1080   1.03278929464530E+006
      1081   5.44201472738976E+007
      1082   1.48979780725855E+009
      1083   3.54831019590239E+009
      1084   3.98914126832037E+009
      1085   3.20666838937050E+009
      1086   1.31852667471596E+008
      1087   5.01265284828037E+008
      1088   1.14650301097423E+009
