# Cell volume (a.u.)^3. Format: '(a51, ES24.15E3)'   7.062330632076545E+004
# Total number of transitions, Initial states (bandI, bandF) Format : '(3i10)'
        64      1025      1088
# Temperature (K):   300.0
# Initial state, Transition rate Format : '(i10, f10.5, ES24.15E3)'
      1025   2.51883339888681E+003
      1026   9.08151101060914E+004
      1027   1.35079398665416E+010
      1028   9.22377705179641E+009
      1029   6.69905183932275E+009
      1030   8.60329858133870E+009
      1031   2.68305055204450E+009
      1032   1.17292399210147E+009
      1033   1.24942177933211E+009
      1034   8.06310410357366E+004
      1035   2.39349434696672E+005
      1036   1.08695671964077E+004
      1037   2.14087606604151E+010
      1038   8.89429360500343E+009
      1039   3.16388770120405E+010
      1040   1.37325496989971E+010
      1041   8.84822931111585E+009
      1042   6.78791959385679E+009
      1043   8.64823070793507E+004
      1044   2.02955040593780E+005
      1045   6.94819014976699E+009
      1046   1.57831458935364E+005
      1047   1.11777031328435E+005
      1048   7.30218598465649E+004
      1049   3.03995634671729E+010
      1050   1.15060108585340E+010
      1051   1.50357331369630E+010
      1052   5.47404751313271E+007
      1053   1.42173495698163E+010
      1054   6.34526491579607E+008
      1055   1.06436043078196E+005
      1056   1.57521305661001E+005
      1057   1.90548735610293E+010
      1058   8.11357236998705E+009
      1059   4.94983654553293E+009
      1060   1.63694391967732E+007
      1061   4.78725799030229E+009
      1062   5.88361203504108E+009
      1063   4.13227893482006E+009
      1064   4.81422569803096E+008
      1065   2.58398550723851E+009
      1066   2.79414316114311E+009
      1067   1.95348129122491E+009
      1068   6.63808338193159E+009
      1069   1.08669088810864E+009
      1070   4.20073513620228E+008
      1071   1.25249064087064E+009
      1072   2.62210438531841E+009
      1073   5.34688285410207E+009
      1074   4.61472850631669E+009
      1075   1.02960803830406E+010
      1076   3.22190953231172E+008
      1077   5.35507307979766E+008
      1078   5.48573828725677E+008
      1079   1.22474140708195E+009
      1080   2.04820057799611E+009
      1081   3.51193218952183E+009
      1082   2.71506503340658E+009
      1083   2.09148635907825E+009
      1084   1.20057291393871E+009
      1085   9.67440327546847E+007
      1086   9.58681622058706E+007
      1087   1.93678653745666E+009
      1088   3.72730117317305E+008
