# Cell volume (a.u.)^3. Format: '(a51, ES24.15E3)'   7.062330632076545E+004
# Total number of transitions, Initial states (bandI, bandF) Format : '(3i10)'
        64      1025      1088
# Temperature (K):   300.0
# Initial state, Transition rate Format : '(i10, f10.5, ES24.15E3)'
      1025   3.43008136587579E+009
      1026   2.49189105557157E+008
      1027   3.96411560541928E+010
      1028   3.36488133391711E+010
      1029   5.72688839989145E+009
      1030   2.85064917074831E+009
      1031   1.41728769427273E+010
      1032   6.97299011582775E+009
      1033   2.25438715628486E+009
      1034   4.76291916118917E+008
      1035   1.74619711669383E+009
      1036   2.26674728278002E+009
      1037   5.90301373665401E+009
      1038   1.09862193365838E+010
      1039   8.29176268869993E+009
      1040   1.47872996557832E+009
      1041   7.64274693940701E+009
      1042   1.61466598707780E+010
      1043   1.42488229879983E+009
      1044   2.24101658217488E+008
      1045   1.73570834229631E+010
      1046   5.41707757861121E+008
      1047   7.31049691339898E+008
      1048   3.00021508424969E+008
      1049   9.41406103427616E+009
      1050   6.90806867190904E+008
      1051   1.69685929255519E+010
      1052   2.74521067123851E+009
      1053   7.97476674210449E+009
      1054   9.47271573637705E+009
      1055   6.53615488991658E+008
      1056   1.71780456790340E+009
      1057   4.33548267342797E+009
      1058   6.49949585184623E+007
      1059   7.00379439899762E+009
      1060   1.31763675623240E+010
      1061   2.38988726144908E+009
      1062   8.29966461183393E+008
      1063   2.10086291131726E+009
      1064   9.96224525808120E+009
      1065   9.08580502687184E+008
      1066   3.74041911878522E+008
      1067   2.52147891861283E+009
      1068   2.17781519805884E+009
      1069   1.94841728084482E+009
      1070   1.01397186010283E+009
      1071   4.74524846010110E+009
      1072   3.91921380137059E+009
      1073   9.57670440704526E+008
      1074   1.63737172419207E+009
      1075   4.75503536071452E+009
      1076   3.14107845130876E+009
      1077   4.17497655369062E+009
      1078   2.16758270133221E+009
      1079   6.62072498947557E+008
      1080   1.91266134711459E+009
      1081   1.24188575409943E+009
      1082   5.83518294523523E+007
      1083   6.12735886244807E+009
      1084   9.34252458562968E+008
      1085   5.16842482140186E+009
      1086   3.46782755241781E+008
      1087   8.41322620295099E+008
      1088   3.81114230751742E+009
