# Cell volume (a.u.)^3. Format: '(a51, ES24.15E3)'   7.062330632076545E+004
# Total number of transitions, Initial states (bandI, bandF) Format : '(3i10)'
        64      1025      1088
# Temperature (K):   300.0
# Initial state, Transition rate Format : '(i10, f10.5, ES24.15E3)'
      1025   1.45404958846977E+009
      1026   1.13875427614194E+009
      1027   2.74777760910581E+010
      1028   2.03685749184497E+010
      1029   3.33669107202043E+009
      1030   5.76710846894726E+009
      1031   7.83678607018310E+007
      1032   6.66612189642719E+009
      1033   1.04987396316550E+010
      1034   1.69027187219939E+009
      1035   9.32162599885780E+008
      1036   7.06118177119150E+008
      1037   8.62891679317631E+009
      1038   1.73459697281608E+009
      1039   8.42816797492800E+009
      1040   9.68227182329079E+008
      1041   2.82167532453966E+009
      1042   1.51504369186148E+010
      1043   5.26797818197735E+008
      1044   7.15046042903088E+008
      1045   1.30935190611273E+010
      1046   6.29942148019590E+008
      1047   1.97935229451282E+008
      1048   3.18890497245887E+008
      1049   6.12954629388594E+009
      1050   1.14359195682543E+010
      1051   2.95850813938971E+009
      1052   1.11613547144024E+010
      1053   1.69489540473964E+009
      1054   2.67164924175477E+009
      1055   1.81677394405623E+009
      1056   4.79781629875097E+007
      1057   3.40520450965003E+009
      1058   6.45789985164032E+009
      1059   2.20389150390639E+009
      1060   1.03898035378970E+009
      1061   2.43884622841864E+009
      1062   8.01095618070439E+009
      1063   2.87152698558283E+008
      1064   4.68841451699613E+009
      1065   2.40760276872158E+009
      1066   1.96363768433638E+009
      1067   2.09737335273596E+009
      1068   3.12597637560784E+009
      1069   4.47853917278480E+008
      1070   6.26287176772785E+008
      1071   1.07217422931421E+008
      1072   5.04240595556726E+008
      1073   4.47282611383013E+008
      1074   6.50049565188552E+009
      1075   5.13402732675333E+009
      1076   2.97388564498036E+009
      1077   3.63227462865077E+009
      1078   1.64449697623061E+009
      1079   4.85260571405637E+008
      1080   1.58818393391977E+009
      1081   3.24065767171043E+009
      1082   2.56680080714172E+009
      1083   3.64219447410789E+008
      1084   1.35402590336172E+009
      1085   3.39440866364018E+009
      1086   5.95552447264652E+008
      1087   4.20046352469205E+008
      1088   2.27527266584919E+009
