# Cell volume (a.u.)^3. Format: '(a51, ES24.15E3)'   7.062330632076545E+004
# Total number of transitions, Initial states (bandI, bandF) Format : '(3i10)'
        64      1025      1088
# Temperature (K):   300.0
# Initial state, Transition rate Format : '(i10, f10.5, ES24.15E3)'
      1025   1.94508786477432E+010
      1026   1.97375181727961E+009
      1027   1.56666981060923E+009
      1028   7.31525201776109E+002
      1029   1.83641232830542E+010
      1030   1.03678326789324E+010
      1031   3.61640382656496E+009
      1032   1.38508975973787E+010
      1033   5.38627617028937E+009
      1034   1.19770261674834E+009
      1035   1.45372678791412E+010
      1036   2.29099943130336E+009
      1037   4.64553403456726E+004
      1038   7.38436765110201E+009
      1039   8.31777497640297E+009
      1040   2.21742215853976E+009
      1041   2.61678120986596E+009
      1042   2.29520398394418E+009
      1043   9.52553194198719E+009
      1044   7.36812421008911E+009
      1045   7.80697013336055E+004
      1046   8.72737936124196E+009
      1047   1.34169016412095E+009
      1048   2.43296689569208E+009
      1049   3.93155180406938E+008
      1050   7.59449539684401E+009
      1051   3.09589340964572E+009
      1052   1.02639508724319E+009
      1053   2.04994958305369E+009
      1054   5.51688966010523E+009
      1055   5.87944017921452E+009
      1056   1.17613507279702E+009
      1057   1.77906999833386E+009
      1058   3.41422605752115E+004
      1059   6.38817645271168E+004
      1060   5.39344775373672E+008
      1061   9.34655318490702E+009
      1062   3.44502878880088E+008
      1063   6.28938321869761E+009
      1064   7.41391228418548E+009
      1065   1.72177549364791E+008
      1066   3.04467255217920E+009
      1067   1.45792272141547E+007
      1068   4.26605440920562E+004
      1069   4.10457319332828E+004
      1070   7.50505973280690E+009
      1071   1.27700929862661E+009
      1072   1.83694105651730E+009
      1073   1.82043470944165E+009
      1074   3.56092815429630E+009
      1075   3.60592627028127E+008
      1076   1.03717570677987E+008
      1077   7.17768875358124E+009
      1078   5.22175006003901E+008
      1079   1.65771323402948E+009
      1080   5.25599889867949E+009
      1081   1.19384699494611E+009
      1082   4.92584577529591E+007
      1083   4.88701995115190E+009
      1084   3.01796542256220E+009
      1085   3.17094234873266E+009
      1086   1.08190357030198E+008
      1087   3.32878101194387E+009
      1088   4.70137843339332E+008
