# Cell volume (a.u.)^3. Format: '(a51, ES24.15E3)'   7.062330632076545E+004
# Total number of transitions, Initial states (bandI, bandF) Format : '(3i10)'
        64      1025      1088
# Temperature (K):   300.0
# Initial state, Transition rate Format : '(i10, f10.5, ES24.15E3)'
      1025   4.73985729727169E+008
      1026   3.26718012449421E+009
      1027   3.97371044404815E+010
      1028   2.80783591785506E+009
      1029   1.76294327860880E+010
      1030   2.15136855148707E+010
      1031   4.35222825423361E+009
      1032   1.03262803578207E+010
      1033   8.74025458357219E+009
      1034   2.73195633382572E+009
      1035   8.55834567656034E+008
      1036   1.01522941203962E+009
      1037   1.93484141220674E+010
      1038   1.75307507642522E+009
      1039   4.34769039903601E+009
      1040   5.86963037450550E+009
      1041   1.16843140962989E+010
      1042   7.88844270375550E+009
      1043   1.54304943471077E+009
      1044   7.19357727433810E+007
      1045   1.73273233431743E+010
      1046   8.34387133739700E+008
      1047   6.86433167412387E+008
      1048   1.09759454748131E+008
      1049   6.46149484266451E+009
      1050   4.40993843486230E+009
      1051   1.60117165033716E+010
      1052   1.63534267618616E+009
      1053   6.48911817925240E+009
      1054   1.17801394671170E+010
      1055   6.63460588140067E+008
      1056   1.63045367493523E+009
      1057   4.25993556201089E+009
      1058   9.24075294280404E+009
      1059   4.37258598834471E+006
      1060   5.97107331759735E+008
      1061   3.97577603832931E+009
      1062   4.56745974129325E+009
      1063   7.63596862384414E+009
      1064   4.46156877171085E+009
      1065   1.44384258959388E+009
      1066   5.45378838446216E+009
      1067   2.53424523911704E+009
      1068   6.59036482871288E+008
      1069   2.30080122361486E+009
      1070   2.17713738510470E+009
      1071   4.27659590114304E+009
      1072   4.14363869003757E+009
      1073   2.90924503811652E+009
      1074   2.13484635972582E+009
      1075   2.31632096065565E+009
      1076   3.17151601173153E+009
      1077   4.32522916474782E+009
      1078   1.42326480461227E+009
      1079   1.28299719660540E+009
      1080   1.89833017861643E+009
      1081   5.75454539229391E+009
      1082   3.12237858719336E+008
      1083   1.30831392849393E+009
      1084   2.94500014337950E+009
      1085   2.28268567227128E+009
      1086   1.22582003219148E+009
      1087   1.54944457911918E+009
      1088   4.39963029484447E+009
