# Cell volume (a.u.)^3. Format: '(a51, ES24.15E3)'   7.062330632076545E+004
# Total number of transitions, Initial states (bandI, bandF) Format : '(3i10)'
        64      1025      1088
# Temperature (K):   300.0
# Initial state, Transition rate Format : '(i10, f10.5, ES24.15E3)'
      1025   1.42908651044574E+005
      1026   4.16533757534575E+004
      1027   9.08326250123431E+009
      1028   1.51068401359677E+010
      1029   2.04718377372459E+009
      1030   4.12359158071697E+008
      1031   1.68551767782012E+009
      1032   1.63796731800967E+009
      1033   4.26355175907907E+008
      1034   1.26133361416995E+005
      1035   3.27521291110076E+004
      1036   3.85014476644266E+004
      1037   2.38810544139669E+010
      1038   1.17394765579509E+010
      1039   9.99202646020333E+009
      1040   4.27493085074796E+009
      1041   7.18556587043436E+009
      1042   1.01270352420420E+010
      1043   1.07808014883680E+003
      1044   5.88127110674327E+004
      1045   5.44228740946362E+009
      1046   6.58419100011677E+004
      1047   5.33938264824026E+003
      1048   7.09381658197646E+003
      1049   5.00394997206551E+009
      1050   1.00266955099317E+010
      1051   2.81047155052834E+010
      1052   2.05429175556795E+009
      1053   7.92566819005333E+009
      1054   1.93875613562074E+009
      1055   4.85419002887045E+004
      1056   1.92452809367941E+005
      1057   1.54161776021526E+010
      1058   3.84460931342935E+009
      1059   1.20494397457619E+009
      1060   3.45632987012902E+009
      1061   4.47729611152756E+009
      1062   2.61934440216038E+009
      1063   6.02480126973968E+009
      1064   1.13996416109109E+009
      1065   2.51894477873169E+009
      1066   8.95194114634813E+008
      1067   1.53744546838221E+009
      1068   1.37714169730704E+009
      1069   4.25834015669757E+009
      1070   1.01309828920368E+009
      1071   3.09729545651693E+009
      1072   5.20246548421138E+009
      1073   3.39973509587701E+009
      1074   5.07570131566659E+009
      1075   1.65475269915272E+009
      1076   1.85804499854796E+009
      1077   9.76654156593820E+008
      1078   5.92565962936129E+008
      1079   2.31827496128172E+008
      1080   1.77649243280398E+009
      1081   2.08144051603528E+009
      1082   1.25322468924019E+009
      1083   3.74074856126278E+009
      1084   7.81187136455712E+008
      1085   2.58456882468057E+008
      1086   9.32052802191979E+007
      1087   6.97284441934972E+007
      1088   5.34517628527250E+009
