# Cell volume (a.u.)^3. Format: '(a51, ES24.15E3)'   7.062330632076545E+004
# Total number of transitions, Initial states (bandI, bandF) Format : '(3i10)'
        64      1025      1088
# Temperature (K):   300.0
# Initial state, Transition rate Format : '(i10, f10.5, ES24.15E3)'
      1025   5.71494415536026E+009
      1026   1.74855678720568E+010
      1027   1.32686591700233E+010
      1028   8.93383086510111E+008
      1029   1.73608685259056E+010
      1030   9.63866794408117E+008
      1031   1.69176163652712E+010
      1032   1.48526104646372E+010
      1033   4.00188965151634E+007
      1034   8.28993462629498E+009
      1035   3.77428157568402E+007
      1036   1.87295223180543E+009
      1037   2.37155300993166E+009
      1038   3.41723004211531E+009
      1039   1.33868809398504E+010
      1040   2.37937450821928E+008
      1041   6.57823754509955E+007
      1042   2.06874395573911E+008
      1043   8.47022800465592E+009
      1044   1.81295577764189E+009
      1045   4.32828374083448E+007
      1046   8.04002681973044E+009
      1047   2.64964321180613E+008
      1048   8.87226843027755E+009
      1049   6.79083722357842E+009
      1050   1.85890235060499E+008
      1051   1.72593031092161E+008
      1052   1.98923945153803E+009
      1053   3.21536666832904E+007
      1054   8.60033653994352E+009
      1055   5.13025527059824E+008
      1056   1.79843088027053E+009
      1057   2.09254886434730E+009
      1058   1.41250332215494E+009
      1059   2.46866539705415E+008
      1060   8.09433061773978E+009
      1061   2.51490137042189E+008
      1062   6.14512491783504E+009
      1063   2.19465202649292E+009
      1064   3.11640676556742E+009
      1065   3.09893167805815E+009
      1066   3.04117586172250E+009
      1067   1.48684426176116E+009
      1068   1.68054755835231E+009
      1069   1.89726492605828E+008
      1070   4.87140172917594E+009
      1071   2.21722985851157E+009
      1072   1.21827769060818E+009
      1073   4.28784854644999E+008
      1074   1.77091705172269E+009
      1075   3.20531308846941E+009
      1076   8.51828829105984E+008
      1077   4.04424366453046E+009
      1078   2.66145866846644E+009
      1079   3.30442911049375E+009
      1080   1.28676502788638E+009
      1081   6.45097167561987E+007
      1082   6.69718981611090E+009
      1083   8.05416201095030E+008
      1084   2.61411786133042E+008
      1085   3.33678708315385E+009
      1086   3.14492954007698E+008
      1087   4.05508047694409E+008
      1088   2.94805521820802E+009
