# Cell volume (a.u.)^3. Format: '(a51, ES24.15E3)'   7.062330632076545E+004
# Total number of transitions, Initial states (bandI, bandF) Format : '(3i10)'
        64      1025      1088
# Temperature (K):   300.0
# Initial state, Transition rate Format : '(i10, f10.5, ES24.15E3)'
      1025   1.06861434072109E+008
      1026   2.45930077162010E+009
      1027   2.75389257170019E+010
      1028   1.63437525055297E+010
      1029   1.08447093791448E+010
      1030   2.23001200265985E+009
      1031   7.79856600211838E+009
      1032   1.13212562921580E+009
      1033   8.32118277604001E+009
      1034   4.86560996187826E+008
      1035   1.72075016091731E+009
      1036   1.18830384131353E+009
      1037   3.21570399141093E+009
      1038   5.80253972073032E+009
      1039   9.84127468737621E+009
      1040   6.21422628997062E+009
      1041   1.42362236101896E+009
      1042   1.13556822688661E+010
      1043   6.50516701762136E+008
      1044   5.98471873222535E+008
      1045   1.30896078424173E+010
      1046   5.06213719769667E+008
      1047   1.93246617073458E+008
      1048   5.43051528513033E+008
      1049   4.27197761988130E+009
      1050   4.88067965330536E+009
      1051   1.12206523624115E+010
      1052   1.08409633446924E+008
      1053   1.39861987666983E+010
      1054   1.40030409170283E+009
      1055   1.68395082537042E+009
      1056   1.13945786061309E+008
      1057   3.41322653914401E+009
      1058   2.04558302359184E+009
      1059   8.04862118710948E+009
      1060   3.54696108129219E+009
      1061   1.94630467694012E+009
      1062   4.63754135702393E+009
      1063   3.43282260063197E+008
      1064   1.17676390037570E+009
      1065   4.91903805023389E+009
      1066   2.96043513358122E+009
      1067   2.07502410863115E+009
      1068   6.65446751633008E+008
      1069   2.86228522181444E+008
      1070   3.24232536685197E+009
      1071   3.40308441028242E+009
      1072   7.85720021295428E+008
      1073   1.24495580961891E+009
      1074   7.73178096505045E+007
      1075   2.14207921548468E+009
      1076   7.94567382163046E+009
      1077   9.82938207980647E+008
      1078   5.99616774882995E+008
      1079   4.18353323284078E+009
      1080   1.62818296765881E+009
      1081   7.08374971157320E+008
      1082   4.04022153127100E+009
      1083   1.38557267443083E+009
      1084   3.73335467649452E+008
      1085   4.88245840745640E+009
      1086   9.29417531860015E+007
      1087   2.68745216246922E+009
      1088   1.14465206957118E+008
