# Cell volume (a.u.)^3. Format: '(a51, ES24.15E3)'   7.062330632076545E+004
# Total number of transitions, Initial states (bandI, bandF) Format : '(3i10)'
        64      1025      1088
# Temperature (K):   300.0
# Initial state, Transition rate Format : '(i10, f10.5, ES24.15E3)'
      1025   4.19140121473660E+009
      1026   1.76588226193098E+010
      1027   1.54111044242723E+009
      1028   6.90864021345169E+004
      1029   1.81966643925866E+010
      1030   1.65190161163424E+009
      1031   1.22611578084369E+010
      1032   8.94318971834208E+009
      1033   1.01310608704607E+010
      1034   1.20717514752868E+009
      1035   5.53376082120256E+009
      1036   1.10878381035134E+010
      1037   1.87920028685145E+005
      1038   7.61415844845183E+009
      1039   9.11452438964366E+009
      1040   1.74629998641560E+009
      1041   2.93815656687869E+007
      1042   1.24168144351663E+010
      1043   5.46065290544116E+009
      1044   3.58214619803961E+009
      1045   1.86697226042338E+003
      1046   8.92967965079135E+009
      1047   3.48528614327204E+009
      1048   2.74097533171302E+008
      1049   1.42171597032489E+009
      1050   6.29856949902449E+009
      1051   2.97578662404697E+009
      1052   4.94292970028747E+009
      1053   3.14826097395904E+009
      1054   7.67460717399810E+008
      1055   5.89428021894529E+009
      1056   1.48508133714011E+009
      1057   1.40370398463012E+009
      1058   1.13442968644836E+005
      1059   8.87212267824120E+004
      1060   1.89381811738964E+008
      1061   9.97884856245140E+009
      1062   3.08491756576360E+009
      1063   3.31873553672385E+009
      1064   7.35936833867984E+009
      1065   1.52009494448406E+008
      1066   1.28505377906803E+009
      1067   1.88293283498838E+009
      1068   3.01876893191772E+005
      1069   7.81414040682021E+004
      1070   7.74422108826186E+009
      1071   8.37310120717744E+008
      1072   1.35705490250678E+009
      1073   4.41520796865972E+008
      1074   4.58233883638971E+009
      1075   1.21456894931806E+009
      1076   4.07998461338697E+009
      1077   3.40204473679435E+009
      1078   4.91773766952192E+008
      1079   6.79945410881157E+009
      1080   4.47376732441590E+007
      1081   7.63538026146101E+008
      1082   5.29527446892487E+008
      1083   1.30447374439231E+009
      1084   6.54698455151527E+009
      1085   3.21653199815916E+009
      1086   1.36539491395782E+008
      1087   4.00712561409246E+008
      1088   3.62674187983540E+009
