# Cell volume (a.u.)^3. Format: '(a51, ES24.15E3)'   7.062330632076545E+004
# Total number of transitions, Initial states (bandI, bandF) Format : '(3i10)'
        64      1025      1088
# Temperature (K):   300.0
# Initial state, Transition rate Format : '(i10, f10.5, ES24.15E3)'
      1025   2.89631872195802E+010
      1026   4.77513559078332E+009
      1027   1.93187525888295E+010
      1028   1.35156269960933E+009
      1029   2.50367343092106E+010
      1030   3.34690758881370E+007
      1031   2.49872336992414E+010
      1032   1.03922320555221E+010
      1033   1.01964934648985E+010
      1034   1.14060253825275E+010
      1035   1.09861818309370E+009
      1036   1.54776582996408E+009
      1037   3.10993559406692E+009
      1038   4.51394321148966E+009
      1039   1.46781947443608E+010
      1040   3.17819279641827E+009
      1041   1.14625962711571E+010
      1042   3.32354013870200E+008
      1043   2.00719591548957E+009
      1044   1.75384227604451E+006
      1045   4.64478846008991E+007
      1046   1.03296451321043E+010
      1047   6.32281263749172E+008
      1048   1.12075311351806E+010
      1049   2.95524411192520E+008
      1050   8.56673672223531E+009
      1051   1.35358931389583E+009
      1052   2.48466807066188E+009
      1053   8.87389428354416E+009
      1054   1.05653409252003E+009
      1055   6.37863562485721E+008
      1056   8.48740596503892E+007
      1057   4.82475625491512E+009
      1058   2.96300695132820E+008
      1059   1.77835411315009E+009
      1060   1.01600784273408E+010
      1061   2.73741166479441E+008
      1062   5.59761377915801E+008
      1063   9.80373153526730E+009
      1064   3.94900596226266E+009
      1065   3.85583002803905E+009
      1066   4.06788648837188E+009
      1067   1.52741010509786E+009
      1068   1.88970678439120E+009
      1069   4.05857908252994E+008
      1070   6.53046029986394E+009
      1071   2.17467578703025E+009
      1072   7.90336331520162E+008
      1073   9.86350684189211E+008
      1074   2.27020994544034E+009
      1075   4.02734543800495E+009
      1076   3.34180145280919E+009
      1077   2.62046448740205E+009
      1078   3.31696761984382E+009
      1079   2.50781624865233E+009
      1080   3.07884576435748E+009
      1081   4.44679705411164E+009
      1082   2.49030010754508E+009
      1083   2.81367477763230E+008
      1084   2.23727634612293E+009
      1085   4.14918910127495E+009
      1086   3.55008560508539E+008
      1087   5.67629561398675E+009
      1088   2.10959497548789E+009
