# Cell volume (a.u.)^3. Format: '(a51, ES24.15E3)'   7.062330632076545E+004
# Total number of transitions, Initial states (bandI, bandF) Format : '(3i10)'
        64      1025      1088
# Temperature (K):   300.0
# Initial state, Transition rate Format : '(i10, f10.5, ES24.15E3)'
      1025   2.19763722264299E+010
      1026   1.09355285367867E+009
      1027   1.33396308735317E+010
      1028   9.16581008024091E+008
      1029   1.73386049437027E+010
      1030   1.11813214982040E+008
      1031   1.78831476051830E+010
      1032   5.83745312017076E+009
      1033   9.03540517358407E+009
      1034   8.34051198531529E+009
      1035   6.92022433380547E+008
      1036   1.24464388826383E+009
      1037   2.34631168098514E+009
      1038   3.37409362036710E+009
      1039   3.95476123164111E+008
      1040   1.31136520545047E+010
      1041   4.33723697384370E+009
      1042   4.49798227891747E+009
      1043   1.76980501029933E+009
      1044   7.42760388775759E+007
      1045   4.13909194314505E+007
      1046   8.04487009444337E+009
      1047   6.06162630485146E+008
      1048   8.62068110808771E+009
      1049   5.41178423154062E+008
      1050   6.39586383448048E+009
      1051   6.51071204017222E+009
      1052   1.34911656280524E+009
      1053   5.71832943813364E+008
      1054   2.33754750307944E+009
      1055   5.17822483504905E+008
      1056   3.29618647158554E+008
      1057   3.57364968442849E+009
      1058   1.22238742816416E+009
      1059   4.29872794695541E+008
      1060   8.23932815365091E+009
      1061   7.63958150620514E+007
      1062   8.14434208134530E+009
      1063   1.39040136530014E+008
      1064   3.15413230063695E+009
      1065   3.13652158433682E+009
      1066   3.04249188820517E+008
      1067   4.23405009869812E+009
      1068   2.68319954901483E+008
      1069   1.59592621274656E+009
      1070   6.58352419960642E+009
      1071   4.70811744965472E+008
      1072   4.01669001216023E+009
      1073   1.08180353086119E+008
      1074   2.42419914914477E+009
      1075   1.01550029566084E+007
      1076   4.17526814127106E+009
      1077   7.06775753747314E+008
      1078   2.69654887745272E+009
      1079   2.22776481104701E+008
      1080   4.34473015271599E+009
      1081   9.69247519180253E+008
      1082   2.36566047015641E+008
      1083   4.62591821932515E+009
      1084   1.92312582467864E+009
      1085   3.36706989798220E+009
      1086   3.05969573137528E+008
      1087   1.67726015942663E+007
      1088   1.29015866355411E+009
