# Cell volume (a.u.)^3. Format: '(a51, ES24.15E3)'   7.062330632076545E+004
# Total number of transitions, Initial states (bandI, bandF) Format : '(3i10)'
        64      1025      1088
# Temperature (K):   300.0
# Initial state, Transition rate Format : '(i10, f10.5, ES24.15E3)'
      1025   3.32128459119463E+010
      1026   2.41185850126459E+010
      1027   1.95402042150436E+010
      1028   4.04243758279321E+010
      1029   1.28244144305316E+009
      1030   1.20104050993446E+010
      1031   8.87454156509065E+009
      1032   2.60928572624581E+005
      1033   2.67257267865882E+010
      1034   3.58802170149593E+009
      1035   3.29572770479815E+009
      1036   1.21016375862957E+010
      1037   6.06836770606021E+009
      1038   2.52082411588081E+009
      1039   1.05665239515315E+010
      1040   1.18469910130665E+009
      1041   3.55748417746354E+009
      1042   1.93130264382371E+008
      1043   9.48402887145940E+008
      1044   5.53114139093294E+009
      1045   3.49624867504654E+008
      1046   6.38355836029062E+009
      1047   2.53015775021403E+009
      1048   4.41925171626535E+009
      1049   2.63258644117756E+009
      1050   1.19405846807487E+010
      1051   6.65317414758225E+009
      1052   1.10952710094751E+010
      1053   3.69950696557949E+009
      1054   1.93733391223336E+007
      1055   1.41251306127815E+005
      1056   1.09986287562521E+010
      1057   2.21665634302682E+008
      1058   3.10409055482282E+009
      1059   2.11337521972996E+009
      1060   7.78273364081692E+007
      1061   4.85247562958475E+009
      1062   4.34311494469582E+009
      1063   4.19745449568103E+009
      1064   5.13093106232171E+009
      1065   1.78891376535729E+009
      1066   3.15539247413503E+009
      1067   9.38792257296541E+008
      1068   2.31983586307187E+007
      1069   4.47955487501076E+008
      1070   2.24024663454281E+008
      1071   2.51366812906942E+008
      1072   7.60521218511600E+008
      1073   7.21654517650399E+009
      1074   1.11666323903894E+010
      1075   8.83097906859765E+008
      1076   4.68084451207356E+009
      1077   5.79024781813460E+008
      1078   2.98466250878237E+009
      1079   9.34953648957940E+008
      1080   8.40525598119491E+009
      1081   1.60324969627716E+008
      1082   1.72746209930328E+008
      1083   8.83235412608720E+007
      1084   3.35871295639352E+009
      1085   4.99618062200616E+008
      1086   7.91203386312385E+007
      1087   2.55052766768360E+008
      1088   2.83594944176984E+009
