# Cell volume (a.u.)^3. Format: '(a51, ES24.15E3)'   7.062330632076545E+004
# Total number of transitions, Initial states (bandI, bandF) Format : '(3i10)'
        64      1025      1088
# Temperature (K):   300.0
# Initial state, Transition rate Format : '(i10, f10.5, ES24.15E3)'
      1025   3.28075584228240E+010
      1026   2.44491934477918E+010
      1027   1.98571209302229E+010
      1028   5.03563218796928E+009
      1029   5.66737817300651E+009
      1030   2.55857949907153E+010
      1031   2.61553058415223E+010
      1032   1.76840127394928E+005
      1033   2.66287054734335E+010
      1034   9.29363730490515E+008
      1035   5.91390185067431E+009
      1036   1.18523866792522E+010
      1037   5.91980318943662E+009
      1038   2.61182450516088E+009
      1039   8.91848038992704E+008
      1040   8.30153365750240E+009
      1041   1.09270762134467E+009
      1042   5.00909848791222E+009
      1043   2.70776474374316E+009
      1044   1.04495917556215E+010
      1045   1.60875971419208E+007
      1046   1.08086192086070E+008
      1047   1.12031994318588E+009
      1048   4.56300370988200E+009
      1049   3.69677104506776E+009
      1050   1.23092963708805E+010
      1051   1.68288389852882E+007
      1052   1.76680876959031E+010
      1053   3.67195648545859E+009
      1054   3.09464737093286E+007
      1055   2.33456566505946E+005
      1056   1.11080561878704E+010
      1057   1.65379088336297E+009
      1058   1.73137966374777E+009
      1059   2.06793570722288E+009
      1060   9.81043434815081E+007
      1061   8.47032023043032E+009
      1062   6.14479160803297E+008
      1063   4.33101861087768E+009
      1064   5.85649372500817E+009
      1065   4.34358152835865E+008
      1066   7.18016824042568E+008
      1067   4.24831627469099E+009
      1068   9.79127620656429E+007
      1069   2.41549526500331E+007
      1070   3.74606214346686E+008
      1071   4.05150136126467E+008
      1072   3.07834658671534E+009
      1073   5.94560638493301E+009
      1074   6.98267846494948E+009
      1075   3.81806011903522E+009
      1076   4.02312096950124E+008
      1077   1.75901512579642E+009
      1078   3.30722633059625E+009
      1079   3.71809170035090E+009
      1080   8.32468123933912E+009
      1081   1.82974557719361E+008
      1082   1.75125995106121E+008
      1083   1.12441451006747E+007
      1084   4.59765297212699E+008
      1085   2.62555405445413E+009
      1086   6.14110746247400E+008
      1087   4.34266957144848E+008
      1088   2.73493222668458E+009
