# Cell volume (a.u.)^3. Format: '(a51, ES24.15E3)'   7.062330632076545E+004
# Total number of transitions, Initial states (bandI, bandF) Format : '(3i10)'
        64      1025      1088
# Temperature (K):   300.0
# Initial state, Transition rate Format : '(i10, f10.5, ES24.15E3)'
      1025   1.88618710195573E+010
      1026   4.26541698588170E+009
      1027   1.32822741633806E+010
      1028   9.48135444817223E+008
      1029   1.73456341509927E+010
      1030   1.77142578119819E+010
      1031   1.47141057712481E+008
      1032   1.48747093768242E+010
      1033   6.84645444071547E+007
      1034   8.26928396357377E+009
      1035   2.44579387583291E+008
      1036   1.69785156395964E+009
      1037   2.33899144892734E+009
      1038   3.41936811988041E+009
      1039   3.11148741007969E+009
      1040   1.04371091356461E+010
      1041   1.98426838619978E+009
      1042   1.97891241886819E+008
      1043   2.01840349555738E+008
      1044   8.22585192571853E+009
      1045   2.96140824759664E+007
      1046   8.05078671729363E+009
      1047   5.66823795362058E+009
      1048   3.46189683866333E+009
      1049   4.78341302145611E+009
      1050   2.20787142599720E+009
      1051   8.00440656389898E+009
      1052   1.29778266812083E+009
      1053   1.23016916678226E+009
      1054   2.94688868730538E+008
      1055   4.90913314842706E+008
      1056   3.62420313678194E+008
      1057   3.54137303477377E+009
      1058   5.92883469292998E+008
      1059   1.04825410146538E+009
      1060   7.07633162675116E+009
      1061   1.26093155723978E+009
      1062   4.59740022104061E+009
      1063   3.77445935083184E+009
      1064   3.13161404426337E+009
      1065   3.04011629843271E+009
      1066   1.95240037974385E+009
      1067   2.57530657842445E+009
      1068   1.13159544139125E+008
      1069   1.77233082959047E+009
      1070   5.24059208681089E+009
      1071   1.85669927867952E+009
      1072   2.27717770644521E+009
      1073   1.07047000260912E+009
      1074   1.76658717379188E+009
      1075   1.48597937550221E+009
      1076   4.85775546232669E+009
      1077   3.54837893907537E+007
      1078   2.68507852809940E+009
      1079   1.53634485715648E+009
      1080   3.08186507622119E+009
      1081   5.36266247017150E+008
      1082   5.77456435312953E+009
      1083   1.15828243416575E+009
      1084   2.99377091313228E+008
      1085   3.38699877479232E+009
      1086   2.93187002876369E+008
      1087   4.07489485978925E+009
      1088   4.93081454837902E+008
