# Cell volume (a.u.)^3. Format: '(a51, ES24.15E3)'   7.062330632076545E+004
# Total number of transitions, Initial states (bandI, bandF) Format : '(3i10)'
        64      1025      1088
# Temperature (K):   300.0
# Initial state, Transition rate Format : '(i10, f10.5, ES24.15E3)'
      1025   1.48154353775223E+009
      1026   2.27667198818410E+009
      1027   3.96840208755483E+010
      1028   8.28437160158944E+009
      1029   3.03312632248129E+010
      1030   3.48302603032730E+009
      1031   7.41666846455057E+009
      1032   2.50343114022307E+009
      1033   1.35595225296004E+010
      1034   2.73547271424624E+009
      1035   5.49847459057693E+007
      1036   1.65696038367060E+009
      1037   4.98804726016486E+009
      1038   7.33124164670496E+009
      1039   1.28638704468098E+010
      1040   1.01288594989596E+010
      1041   8.16465426269474E+009
      1042   7.06285357629313E+009
      1043   1.02367133270018E+009
      1044   6.48090204941351E+008
      1045   1.74030697610993E+010
      1046   4.22319495913578E+008
      1047   3.46911030745295E+008
      1048   7.42609111094821E+008
      1049   2.16411694845271E+010
      1050   1.66009843001117E+009
      1051   3.77138769620659E+009
      1052   5.90694311276643E+009
      1053   2.50469706606695E+009
      1054   1.16301576800393E+010
      1055   1.93441635965877E+009
      1056   3.88221194264779E+008
      1057   4.29667219322703E+009
      1058   1.68784530282271E+009
      1059   5.71295330522820E+009
      1060   9.01919496513388E+009
      1061   3.32241311675124E+009
      1062   4.39260919662663E+009
      1063   1.48047656422454E+009
      1064   2.66683355045922E+009
      1065   4.42276882261900E+009
      1066   4.19887210348279E+009
      1067   2.55117906664450E+009
      1068   7.96397872330386E+008
      1069   2.67357228496136E+009
      1070   1.69135559585895E+009
      1071   2.30758705013664E+009
      1072   7.39441234427221E+009
      1073   3.70543536238218E+009
      1074   3.81433352342382E+009
      1075   2.07249002235732E+008
      1076   1.72133778030357E+009
      1077   3.29719778083199E+009
      1078   2.19559138717722E+009
      1079   1.50802529179093E+009
      1080   1.95659104219347E+009
      1081   5.07764756984261E+009
      1082   5.89196620671356E+008
      1083   1.80933343866167E+009
      1084   1.85725625724404E+009
      1085   4.90277281661099E+007
      1086   4.53442883775737E+009
      1087   3.77668329790162E+009
      1088   1.54943807845296E+008
