# Cell volume (a.u.)^3. Format: '(a51, ES24.15E3)'   7.062330632076545E+004
# Total number of transitions, Initial states (bandI, bandF) Format : '(3i10)'
        64      1025      1088
# Temperature (K):   300.0
# Initial state, Transition rate Format : '(i10, f10.5, ES24.15E3)'
      1025   1.46641201134187E+009
      1026   1.13161653683408E+009
      1027   2.75455417140442E+010
      1028   5.91392010403942E+009
      1029   1.68835267662579E+010
      1030   6.66769662431413E+009
      1031   5.79709001883581E+009
      1032   4.88190554138156E+009
      1033   6.57187678873485E+009
      1034   7.66309919029515E+008
      1035   2.25544642226043E+008
      1036   2.37657582631221E+009
      1037   5.25257316701603E+009
      1038   1.46278200600213E+009
      1039   1.21557585078389E+010
      1040   4.66786204467140E+009
      1041   5.21482173142437E+009
      1042   9.12047930712739E+009
      1043   6.78323411597682E+008
      1044   5.79178709440637E+008
      1045   1.30663665128451E+010
      1046   3.76541908050323E+008
      1047   5.32800301213667E+007
      1048   7.81572715625430E+008
      1049   7.04881623039277E+009
      1050   1.11229211527823E+010
      1051   2.18854429391388E+009
      1052   8.21643421117664E+009
      1053   3.50879307420322E+009
      1054   3.78006607476879E+009
      1055   3.67442148238390E+007
      1056   1.76647536208447E+009
      1057   3.39649623394398E+009
      1058   1.99930055985212E+008
      1059   4.86088125718569E+008
      1060   3.43655107658647E+008
      1061   4.69235238481547E+009
      1062   9.92359754294258E+009
      1063   4.92522762487371E+009
      1064   6.03821033810141E+009
      1065   1.13757695916159E+009
      1066   1.90522345831260E+009
      1067   2.09249240708493E+009
      1068   1.32885655174050E+007
      1069   3.16133871182896E+009
      1070   9.97307410325083E+008
      1071   1.83589364609052E+009
      1072   2.79276440968373E+009
      1073   5.07708352270655E+009
      1074   2.06914962005941E+009
      1075   1.82839963843438E+009
      1076   1.94842573737241E+009
      1077   1.35586209466525E+009
      1078   2.42196826918625E+009
      1079   2.03817222849293E+009
      1080   1.58600771165760E+009
      1081   1.45269146949011E+009
      1082   2.16177701957350E+009
      1083   2.51719476070871E+009
      1084   1.42500748043650E+009
      1085   1.17790066103476E+009
      1086   2.77866327737090E+009
      1087   3.21783739616061E+009
      1088   1.42362381678595E+008
