# Cell volume (a.u.)^3. Format: '(a51, ES24.15E3)'   7.062330632076545E+004
# Total number of transitions, Initial states (bandI, bandF) Format : '(3i10)'
        64      1025      1088
# Temperature (K):   300.0
# Initial state, Transition rate Format : '(i10, f10.5, ES24.15E3)'
      1025   2.10980653794550E+010
      1026   1.03319444194959E+010
      1027   2.26385871012167E+009
      1028   2.73345394437764E+004
      1029   2.66065483394133E+010
      1030   1.82159028420805E+010
      1031   1.13032657977931E+009
      1032   8.41832023330446E+009
      1033   1.82799799772406E+010
      1034   1.59672921461547E+009
      1035   1.58295949416611E+010
      1036   6.75737094771593E+009
      1037   2.52980652151414E+005
      1038   9.84028165503700E+009
      1039   7.47404199472579E+008
      1040   1.32963463131992E+010
      1041   2.42999493696090E+007
      1042   3.24826228144809E+009
      1043   1.67128336083230E+010
      1044   7.90027649750849E+009
      1045   4.91822344959514E+004
      1046   1.13384521972823E+010
      1047   4.52376065628969E+009
      1048   2.37492087644163E+008
      1049   3.48799665367057E+009
      1050   6.69575144418727E+009
      1051   2.62502585109773E+009
      1052   4.24331938480523E+009
      1053   6.14861539666828E+009
      1054   2.04541833106463E+009
      1055   7.43138547202688E+009
      1056   5.91971792666401E+008
      1057   3.14621507804957E+009
      1058   9.09061147292231E+004
      1059   3.28107461324857E+005
      1060   1.15630316274403E+010
      1061   9.87001764905669E+008
      1062   4.34330392863285E+009
      1063   3.93236025406561E+009
      1064   9.09194201624717E+009
      1065   2.28999609161580E+008
      1066   1.99980301014366E+007
      1067   3.82714413501125E+009
      1068   3.75674378616596E+005
      1069   3.08947072074323E+004
      1070   3.40485671579556E+009
      1071   7.42812881173672E+009
      1072   7.17152094877716E+009
      1073   1.00529857683631E+009
      1074   3.34975354870881E+007
      1075   1.13014534645276E+009
      1076   4.09100215470204E+009
      1077   4.92880158560301E+009
      1078   6.41821080502683E+008
      1079   8.40867202178136E+009
      1080   1.11946489153772E+008
      1081   4.52581962600180E+009
      1082   2.87110109616216E+009
      1083   2.78130859769351E+009
      1084   9.99526690491391E+008
      1085   3.89183622387860E+009
      1086   1.29461607915035E+008
      1087   1.03122322176069E+009
      1088   4.55114403447487E+009
