# Total number of <f|i> elements, Initial States (bandI, bandF), Final States (bandI, bandF) Format : '(5i10)'
        64      1025      1088      1024      1024
# Total-energy difference (Hartree). Format: '(ES24.15E3)'
# With relaxation (for delta function)
 -3.429465810059185E-002
# Electronic only without relaxation (for zeroth-order matrix element)
 -3.184106018569821E-002
# Final Band, Initial Band, Delta Function (Hartree), Zeroth-order (Hartree), First-order (Hartree), Plotting (eV) Format : '(2i10,4ES24.15E3)'
   1024   1025 -3.318492335800913E-002 -3.073132544311549E-002  2.438705943081307E-002  8.362418931592003E-001
   1024   1026 -3.433334333253274E-002 -3.187974541763910E-002  2.553547940533668E-002  8.674919899184537E-001
   1024   1027 -3.866964842587173E-002 -3.621605051097809E-002  2.987178449867567E-002  9.854888523473740E-001
   1024   1028 -4.086077330232285E-002 -3.840717538742922E-002  3.206290937512679E-002  1.045112392445681E+000
   1024   1029 -4.101297399415413E-002 -3.855937607926049E-002  3.221511006695807E-002  1.049253983894859E+000
   1024   1030 -4.119644989099383E-002 -3.874285197610020E-002  3.239858596379777E-002  1.054246616952822E+000
   1024   1031 -4.131023056717473E-002 -3.885663265228109E-002  3.251236663997867E-002  1.057342746608231E+000
   1024   1032 -4.403927820625383E-002 -4.158568029136020E-002  3.524141427905778E-002  1.131603909487439E+000
   1024   1033 -4.425888033254735E-002 -4.180528241765372E-002  3.546101640535129E-002  1.137579587242484E+000
   1024   1034 -4.432645589843784E-002 -4.187285798354420E-002  3.552859197124178E-002  1.139418411905487E+000
   1024   1035 -4.433673044993064E-002 -4.188313253503700E-002  3.553886652273458E-002  1.139697996670147E+000
   1024   1036 -4.466696851941493E-002 -4.221337060452129E-002  3.586910459221887E-002  1.148684231544069E+000
   1024   1037 -4.552224495079554E-002 -4.306864703590191E-002  3.672438102359948E-002  1.171957486824778E+000
   1024   1038 -5.512686557851593E-002 -5.267326766362229E-002  4.632900165131987E-002  1.433312505555352E+000
   1024   1039 -5.579720020745743E-002 -5.334360229256380E-002  4.699933628026137E-002  1.451553238458130E+000
   1024   1040 -5.596681789483193E-002 -5.351321997993830E-002  4.716895396763587E-002  1.456168770458723E+000
   1024   1041 -5.599606350179814E-002 -5.354246558690451E-002  4.719819957460208E-002  1.456964583896099E+000
   1024   1042 -5.612350306966596E-002 -5.366990515477232E-002  4.732563914246990E-002  1.460432390896302E+000
   1024   1043 -5.692015101168496E-002 -5.446655309679133E-002  4.812228708448890E-002  1.482110283847861E+000
   1024   1044 -5.699607470408596E-002 -5.454247678919233E-002  4.819821077688990E-002  1.484176272585853E+000
   1024   1045 -5.750286925955145E-002 -5.504927134465781E-002  4.870500533235539E-002  1.497966853772782E+000
   1024   1046 -5.757497274697243E-002 -5.512137483207880E-002  4.877710881977637E-002  1.499928889446639E+000
   1024   1047 -5.810322572092186E-002 -5.564962780602822E-002  4.930536179372580E-002  1.514303383895964E+000
   1024   1048 -5.821425189225576E-002 -5.576065397736213E-002  4.941638796505970E-002  1.517324559662637E+000
   1024   1049 -5.830645019375585E-002 -5.585285227886222E-002  4.950858626655980E-002  1.519833403035996E+000
   1024   1050 -5.833700342671805E-002 -5.588340551182441E-002  4.953913949952199E-002  1.520664798786294E+000
   1024   1051 -5.930476215931552E-002 -5.685116424442188E-002  5.050689823211946E-002  1.546998853142871E+000
   1024   1052 -5.937594326502865E-002 -5.692234535013502E-002  5.057807933783259E-002  1.548935789534010E+000
   1024   1053 -5.960473713149822E-002 -5.715113921660459E-002  5.080687320430216E-002  1.555161587259327E+000
   1024   1054 -5.962979576866573E-002 -5.717619785377209E-002  5.083193184146967E-002  1.555843467454300E+000
   1024   1055 -6.016930306886115E-002 -5.771570515396751E-002  5.137143914166509E-002  1.570524207695190E+000
   1024   1056 -6.040760801850165E-002 -5.795401010360801E-002  5.160974409130559E-002  1.577008815155596E+000
   1024   1057 -6.049514615532486E-002 -5.804154824043123E-002  5.169728222812880E-002  1.579390848999082E+000
   1024   1058 -6.054323645990511E-002 -5.808963854501148E-002  5.174537253270906E-002  1.580699452736959E+000
   1024   1059 -6.078869860758451E-002 -5.833510069269088E-002  5.199083468038845E-002  1.587378817460563E+000
   1024   1060 -6.084834318293503E-002 -5.839474526804139E-002  5.205047925573897E-002  1.589001828895593E+000
   1024   1061 -6.146734401107223E-002 -5.901374609617860E-002  5.266948008387617E-002  1.605845698039692E+000
   1024   1062 -6.162863764992055E-002 -5.917503973502691E-002  5.283077372272449E-002  1.610234721160570E+000
   1024   1063 -6.306096664812355E-002 -6.060736873322992E-002  5.426310272092749E-002  1.649210375344481E+000
   1024   1064 -6.584732062375792E-002 -6.339372270886429E-002  5.704945669656186E-002  1.725030922945305E+000
   1024   1065 -6.597887421672977E-002 -6.352527630183613E-002  5.718101028953371E-002  1.728610678261824E+000
   1024   1066 -6.603135535080495E-002 -6.357775743591132E-002  5.723349142360890E-002  1.730038762546552E+000
   1024   1067 -6.612783702710656E-002 -6.367423911221293E-002  5.732997309991050E-002  1.732664162475852E+000
   1024   1068 -6.639224614036277E-002 -6.393864822546913E-002  5.759438221316671E-002  1.739859100352748E+000
   1024   1069 -6.646150382006771E-002 -6.400790590517408E-002  5.766363989287165E-002  1.741743697660453E+000
   1024   1070 -6.650911495881023E-002 -6.405551704391660E-002  5.771125103161417E-002  1.743039262632787E+000
   1024   1071 -6.654645330066672E-002 -6.409285538577308E-002  5.774858937347066E-002  1.744055290585740E+000
   1024   1072 -6.677252402061945E-002 -6.431892610572582E-002  5.797466009342339E-002  1.750206987725880E+000
   1024   1073 -6.682963168757833E-002 -6.437603377268469E-002  5.803176776038227E-002  1.751760966372847E+000
   1024   1074 -6.686942183311756E-002 -6.441582391822392E-002  5.807155790592150E-002  1.752843711296960E+000
   1024   1075 -6.690706588474793E-002 -6.445346796985429E-002  5.810920195755187E-002  1.753868058035920E+000
   1024   1076 -6.739975783627555E-002 -6.494615992138192E-002  5.860189390907949E-002  1.767274887853671E+000
   1024   1077 -6.776011604353566E-002 -6.530651812864202E-002  5.896225211633960E-002  1.777080733358527E+000
   1024   1078 -6.794246701263706E-002 -6.548886909774343E-002  5.914460308544101E-002  1.782042755575988E+000
   1024   1079 -6.800280862497032E-002 -6.554921071007669E-002  5.920494469777426E-002  1.783684734351920E+000
   1024   1080 -7.079680876752803E-002 -6.834321085263440E-002  6.199894484033197E-002  1.859713344735952E+000
   1024   1081 -7.088782869928695E-002 -6.843423078439331E-002  6.208996477209089E-002  1.862190123037955E+000
   1024   1082 -7.090114925081986E-002 -6.844755133592623E-002  6.210328532362380E-002  1.862552593678944E+000
   1024   1083 -7.129109172328096E-002 -6.883749380838733E-002  6.249322779608490E-002  1.873163467980401E+000
   1024   1084 -7.312737990940044E-002 -7.067378199450680E-002  6.432951598220438E-002  1.923131410690481E+000
   1024   1085 -7.328943233057472E-002 -7.083583441568109E-002  6.449156840337866E-002  1.927541081328497E+000
   1024   1086 -7.330398802882881E-002 -7.085039011393518E-002  6.450612410163276E-002  1.927937162021039E+000
   1024   1087 -7.357302669705584E-002 -7.111942878216221E-002  6.477516276985978E-002  1.935258076495348E+000
   1024   1088 -7.360475265894606E-002 -7.115115474405243E-002  6.480688873175000E-002  1.936121383822671E+000
