# Total number of <f|i> elements, Initial States (bandI, bandF), Final States (bandI, bandF) Format : '(5i10)'
        64      1025      1088      1024      1024
# Total-energy difference (Hartree). Format: '(ES24.15E3)'
# With relaxation (for delta function)
 -3.429465810059185E-002
# Electronic only without relaxation (for zeroth-order matrix element)
 -3.184106018569821E-002
# Final Band, Initial Band, Delta Function (Hartree), Zeroth-order (Hartree), First-order (Hartree), Plotting (eV) Format : '(2i10,4ES24.15E3)'
   1024   1025 -3.917429247424475E-002 -3.672069455935112E-002  3.023488624878071E-002  9.992209152603169E-001
   1024   1026 -3.977133677170036E-002 -3.731773885680673E-002  3.083193054623631E-002  1.015467316819805E+000
   1024   1027 -4.021633776566155E-002 -3.776273985076792E-002  3.127693154019751E-002  1.027576409684565E+000
   1024   1028 -4.029951644670954E-002 -3.784591853181590E-002  3.136011022124549E-002  1.029839816703530E+000
   1024   1029 -4.171556678718955E-002 -3.926196887229591E-002  3.277616056172550E-002  1.068372506083415E+000
   1024   1030 -4.414277962516816E-002 -4.168918171027453E-002  3.520337339970411E-002  1.134420326327571E+000
   1024   1031 -4.457900597507874E-002 -4.212540806018511E-002  3.563959974961470E-002  1.146290648984835E+000
   1024   1032 -4.498310855749746E-002 -4.252951064260382E-002  3.604370233203341E-002  1.157286839473848E+000
   1024   1033 -4.558454232512704E-002 -4.313094441023341E-002  3.664513609966299E-002  1.173652684591183E+000
   1024   1034 -4.673650892665426E-002 -4.428291101176063E-002  3.779710270119022E-002  1.204999289979239E+000
   1024   1035 -4.772325552980794E-002 -4.526965761491430E-002  3.878384930434389E-002  1.231850030570205E+000
   1024   1036 -4.829753163450914E-002 -4.584393371961551E-002  3.935812540904510E-002  1.247476878096855E+000
   1024   1037 -5.050811849097755E-002 -4.805452057608392E-002  4.156871226551351E-002  1.307630005604088E+000
   1024   1038 -5.056742124981636E-002 -4.811382333492273E-002  4.162801502435232E-002  1.309243715738808E+000
   1024   1039 -5.119540579191986E-002 -4.874180787702623E-002  4.225599956645582E-002  1.326332044172132E+000
   1024   1040 -5.172477114866836E-002 -4.927117323377472E-002  4.278536492320431E-002  1.340736808096801E+000
   1024   1041 -5.513336498755406E-002 -5.267976707266042E-002  4.619395876209001E-002  1.433489363469551E+000
   1024   1042 -5.523795827050637E-002 -5.278436035561274E-002  4.629855204504232E-002  1.436335491441144E+000
   1024   1043 -5.547895872073316E-002 -5.302536080583953E-002  4.653955249526912E-002  1.442893447202698E+000
   1024   1044 -5.609817627390934E-002 -5.364457835901570E-002  4.715877004844529E-002  1.459743213735025E+000
   1024   1045 -5.614434014623337E-002 -5.369074223133974E-002  4.720493392076933E-002  1.460999396585299E+000
   1024   1046 -5.627099867024443E-002 -5.381740075535080E-002  4.733159244478038E-002  1.464445950301305E+000
   1024   1047 -5.642703272888427E-002 -5.397343481399064E-002  4.748762650342023E-002  1.468691852966187E+000
   1024   1048 -5.661186518853506E-002 -5.415826727364143E-002  4.767245896307101E-002  1.473721399975533E+000
   1024   1049 -5.684344880346903E-002 -5.438985088857540E-002  4.790404257800498E-002  1.480023110617187E+000
   1024   1050 -5.699766962243574E-002 -5.454407170754211E-002  4.805826339697170E-002  1.484219672521294E+000
   1024   1051 -5.707106707479265E-002 -5.461746915989901E-002  4.813166084932860E-002  1.486216918771724E+000
   1024   1052 -5.710259416118496E-002 -5.464899624629133E-002  4.816318793572091E-002  1.487074814421532E+000
   1024   1053 -5.724065844566406E-002 -5.478706053077043E-002  4.830125222020001E-002  1.490831734663849E+000
   1024   1054 -5.756741257361087E-002 -5.511381465871723E-002  4.862800634814682E-002  1.499723166667249E+000
   1024   1055 -5.824309966984853E-002 -5.578950175495490E-002  4.930369344438448E-002  1.518109547612221E+000
   1024   1056 -6.018737923050016E-002 -5.773378131560652E-002  5.124797300503611E-002  1.571016085068265E+000
   1024   1057 -6.020409507148994E-002 -5.775049715659630E-002  5.126468884602589E-002  1.571470946233980E+000
   1024   1058 -6.065659895904446E-002 -5.820300104415083E-002  5.171719273358041E-002  1.583784203216369E+000
   1024   1059 -6.071301745941188E-002 -5.825941954451824E-002  5.177361123394783E-002  1.585319428686672E+000
   1024   1060 -6.099193868240538E-002 -5.853834076751174E-002  5.205253245694133E-002  1.592909261152249E+000
   1024   1061 -6.125951155040293E-002 -5.880591363550930E-002  5.232010532493889E-002  1.600190289173852E+000
   1024   1062 -6.222429076960517E-002 -5.977069285471154E-002  5.328488454414113E-002  1.626443266847715E+000
   1024   1063 -6.261615020839223E-002 -6.016255229349859E-002  5.367674398292818E-002  1.637106304455714E+000
   1024   1064 -6.420195304917187E-002 -6.174835513427823E-002  5.526254682370782E-002  1.680258194282447E+000
   1024   1065 -6.458617894806346E-002 -6.213258103316982E-002  5.564677272259941E-002  1.690713512706139E+000
   1024   1066 -6.603257162520837E-002 -6.357897371031473E-002  5.709316539974432E-002  1.730071859056223E+000
   1024   1067 -6.606016243236967E-002 -6.360656451747604E-002  5.712075620690563E-002  1.730822643100896E+000
   1024   1068 -6.681126288746014E-002 -6.435766497256651E-002  5.787185666199610E-002  1.751261125901784E+000
   1024   1069 -6.693509946500092E-002 -6.448150155010729E-002  5.799569323953688E-002  1.754630890549155E+000
   1024   1070 -6.700751809710687E-002 -6.455392018221323E-002  5.806811187164282E-002  1.756601501746005E+000
   1024   1071 -6.719359165474537E-002 -6.473999373985173E-002  5.825418542928132E-002  1.761664820749102E+000
   1024   1072 -6.818322025018547E-002 -6.572962233529184E-002  5.924381402472143E-002  1.788593984338456E+000
   1024   1073 -6.829829657073433E-002 -6.584469865584069E-002  5.935889034527028E-002  1.791725370270107E+000
   1024   1074 -6.833993381409637E-002 -6.588633589920273E-002  5.940052758863232E-002  1.792858377282104E+000
   1024   1075 -6.842900866492047E-002 -6.597541075002683E-002  5.948960243945642E-002  1.795282227240151E+000
   1024   1076 -6.865218476700663E-002 -6.619858685211299E-002  5.971277854154258E-002  1.801355157822396E+000
   1024   1077 -6.873273321214474E-002 -6.627913529725110E-002  5.979332698668069E-002  1.803546992482375E+000
   1024   1078 -6.892883125626487E-002 -6.647523334137123E-002  5.998942503080082E-002  1.808883091635123E+000
   1024   1079 -6.907575956900203E-002 -6.662216165410839E-002  6.013635334353798E-002  1.812881214352916E+000
   1024   1080 -6.928236253882436E-002 -6.682876462393073E-002  6.034295631336031E-002  1.818503167071367E+000
   1024   1081 -6.974214145874885E-002 -6.728854354385522E-002  6.080273523328480E-002  1.831014387752169E+000
   1024   1082 -6.998630632618413E-002 -6.753270841129050E-002  6.104690010072009E-002  1.837658451685076E+000
   1024   1083 -7.017668836964813E-002 -6.772309045475450E-002  6.123728214418409E-002  1.842839010549827E+000
   1024   1084 -7.037322480983477E-002 -6.791962689494113E-002  6.143381858437072E-002  1.848187039066223E+000
   1024   1085 -7.148082880474887E-002 -6.902723088985524E-002  6.254142257928483E-002  1.878326476536700E+000
   1024   1086 -7.165990451680038E-002 -6.920630660190674E-002  6.272049829133633E-002  1.883199374477337E+000
   1024   1087 -7.203241739560107E-002 -6.957881948070743E-002  6.309301117013702E-002  1.893335965415176E+000
   1024   1088 -7.212756399703513E-002 -6.967396608214149E-002  6.318815777157108E-002  1.895925036109772E+000
