# Total number of <f|i> elements, Initial States (bandI, bandF), Final States (bandI, bandF) Format : '(5i10)'
        64      1025      1088      1024      1024
# Total-energy difference (Hartree). Format: '(ES24.15E3)'
# With relaxation (for delta function)
 -3.429465810059185E-002
# Electronic only without relaxation (for zeroth-order matrix element)
 -3.184106018569821E-002
# Final Band, Initial Band, Delta Function (Hartree), Zeroth-order (Hartree), First-order (Hartree), Plotting (eV) Format : '(2i10,4ES24.15E3)'
   1024   1025 -4.043280599009613E-002 -3.797920807520250E-002  3.163494206290007E-002  1.033466809633147E+000
   1024   1026 -4.046562813739835E-002 -3.801203022250471E-002  3.166776421020229E-002  1.034359945682497E+000
   1024   1027 -4.046840966742354E-002 -3.801481175252991E-002  3.167054574022748E-002  1.034435634963731E+000
   1024   1028 -4.146426806037343E-002 -3.901067014547979E-002  3.266640413317737E-002  1.061534319964493E+000
   1024   1029 -4.178073580799074E-002 -3.932713789309711E-002  3.298287188079468E-002  1.070145845324217E+000
   1024   1030 -4.186847191475723E-002 -3.941487399986360E-002  3.307060798756117E-002  1.072533266203822E+000
   1024   1031 -4.724707284430765E-002 -4.479347492941402E-002  3.844920891711159E-002  1.218892440727571E+000
   1024   1032 -4.748530890714295E-002 -4.503171099224931E-002  3.868744497994689E-002  1.225375173682677E+000
   1024   1033 -4.752030609264093E-002 -4.506670817774730E-002  3.872244216544488E-002  1.226327495531283E+000
   1024   1034 -4.861419902858025E-002 -4.616060111368661E-002  3.981633510138419E-002  1.256093836112870E+000
   1024   1035 -4.862251625200203E-002 -4.616891833710840E-002  3.982465232480598E-002  1.256320159272049E+000
   1024   1036 -4.868406316497073E-002 -4.623046525007710E-002  3.988619923777467E-002  1.257994935946239E+000
   1024   1037 -4.888097117678464E-002 -4.642737326189100E-002  4.008310724958858E-002  1.263353075440816E+000
   1024   1038 -4.910467037576124E-002 -4.665107246086761E-002  4.030680644856519E-002  1.269440240213343E+000
   1024   1039 -4.912619995614984E-002 -4.667260204125620E-002  4.032833602895378E-002  1.270026089889642E+000
   1024   1040 -4.937065454105494E-002 -4.691705662616130E-002  4.057279061385888E-002  1.276678037435832E+000
   1024   1041 -4.945768389314215E-002 -4.700408597824851E-002  4.065981996594609E-002  1.279046226542564E+000
   1024   1042 -4.960134739166513E-002 -4.714774947677150E-002  4.080348346446908E-002  1.282955509147544E+000
   1024   1043 -5.086496322112283E-002 -4.841136530622919E-002  4.206709929392677E-002  1.317340244534489E+000
   1024   1044 -5.102429702562844E-002 -4.857069911073481E-002  4.222643309843238E-002  1.321675937850765E+000
   1024   1045 -5.106742459697175E-002 -4.861382668207812E-002  4.226956066977569E-002  1.322849498749538E+000
   1024   1046 -5.118603741535205E-002 -4.873243950045841E-002  4.238817348815599E-002  1.326077117681201E+000
   1024   1047 -5.120106757275253E-002 -4.874746965785889E-002  4.240320364555647E-002  1.326486109063701E+000
   1024   1048 -5.132414817048883E-002 -4.887055025559520E-002  4.252628424329277E-002  1.329835302454422E+000
   1024   1049 -5.183928788870423E-002 -4.938568997381060E-002  4.304142396150817E-002  1.343852967068313E+000
   1024   1050 -5.202238689620634E-002 -4.956878898131270E-002  4.322452296901028E-002  1.348835344445838E+000
   1024   1051 -5.220528116663084E-002 -4.975168325173721E-002  4.340741723943478E-002  1.353812150644154E+000
   1024   1052 -5.593461831618896E-002 -5.348102040129532E-002  4.713675438899290E-002  1.455292575364138E+000
   1024   1053 -5.612407131099245E-002 -5.367047339609882E-002  4.732620738379639E-002  1.460447853529163E+000
   1024   1054 -5.619744251612202E-002 -5.374384460122839E-002  4.739957858892596E-002  1.462444385556214E+000
   1024   1055 -6.071255752095261E-002 -5.825895960605898E-002  5.191469359375656E-002  1.585306913124705E+000
   1024   1056 -6.096287767815162E-002 -5.850927976325798E-002  5.216501375095556E-002  1.592118471010143E+000
   1024   1057 -6.100113780121386E-002 -5.854753988632022E-002  5.220327387401780E-002  1.593159581905320E+000
   1024   1058 -6.128009226440195E-002 -5.882649434950832E-002  5.248222833720589E-002  1.600750318882592E+000
   1024   1059 -6.136560935482382E-002 -5.891201143993019E-002  5.256774542762777E-002  1.603077357256652E+000
   1024   1060 -6.141735205684773E-002 -5.896375414195409E-002  5.261948812965167E-002  1.604485347783378E+000
   1024   1061 -6.165670426449882E-002 -5.920310634960518E-002  5.285884033730276E-002  1.610998452583510E+000
   1024   1062 -6.199116368320523E-002 -5.953756576831160E-002  5.319329975600917E-002  1.620099556211523E+000
   1024   1063 -6.215803134916326E-002 -5.970443343426962E-002  5.336016742196720E-002  1.624640256323729E+000
   1024   1064 -6.395700231436796E-002 -6.150340439947433E-002  5.515913838717190E-002  1.673592745810909E+000
   1024   1065 -6.412208103019096E-002 -6.166848311529732E-002  5.532421710299490E-002  1.678084766114284E+000
   1024   1066 -6.412978917255302E-002 -6.167619125765939E-002  5.533192524535696E-002  1.678294515334946E+000
   1024   1067 -6.663021765907146E-002 -6.417661974417782E-002  5.783235373187540E-002  1.746334634696078E+000
   1024   1068 -6.822522481282062E-002 -6.577162689792698E-002  5.942736088562456E-002  1.789736986616192E+000
   1024   1069 -6.850806364850304E-002 -6.605446573360940E-002  5.971019972130698E-002  1.797433422744462E+000
   1024   1070 -6.852483474233295E-002 -6.607123682743932E-002  5.972697081513689E-002  1.797889787416420E+000
   1024   1071 -6.880303483771921E-002 -6.634943692282558E-002  6.000517091052315E-002  1.805459997001864E+000
   1024   1072 -6.888602672880412E-002 -6.643242881391048E-002  6.008816280160806E-002  1.807718321207443E+000
   1024   1073 -6.895449382211916E-002 -6.650089590722552E-002  6.015662989492310E-002  1.809581405565417E+000
   1024   1074 -6.927402240988872E-002 -6.682042449499509E-002  6.047615848269267E-002  1.818276220621458E+000
   1024   1075 -6.928576503199502E-002 -6.683216711710138E-002  6.048790110479896E-002  1.818595753619115E+000
   1024   1076 -6.945297765865677E-002 -6.699937974376313E-002  6.065511373146071E-002  1.823145840589447E+000
   1024   1077 -7.009811395076743E-002 -6.764451603587379E-002  6.130025002357137E-002  1.840700891876087E+000
   1024   1078 -7.023642509598016E-002 -6.778282718108652E-002  6.143856116878410E-002  1.844464529540587E+000
   1024   1079 -7.028554298615741E-002 -6.783194507126378E-002  6.148767905896135E-002  1.845801095304594E+000
   1024   1080 -7.261538097377496E-002 -7.016178305888132E-002  6.381751704657890E-002  1.909199211117265E+000
   1024   1081 -7.290189495468485E-002 -7.044829703979122E-002  6.410403102748879E-002  1.916995653033061E+000
   1024   1082 -7.301313256767872E-002 -7.055953465278508E-002  6.421526864048266E-002  1.920022582419907E+000
   1024   1083 -7.302633004094172E-002 -7.057273212604809E-002  6.422846611374566E-002  1.920381703930848E+000
   1024   1084 -7.356370429186554E-002 -7.111010637697190E-002  6.476584036466948E-002  1.935004400949216E+000
   1024   1085 -7.368561990532885E-002 -7.123202199043521E-002  6.488775597813279E-002  1.938321893505694E+000
   1024   1086 -7.374584747211882E-002 -7.129224955722518E-002  6.494798354492276E-002  1.939960768944569E+000
   1024   1087 -7.403823208448373E-002 -7.158463416959010E-002  6.524036815728768E-002  1.947916958866388E+000
   1024   1088 -7.409885771997665E-002 -7.164525980508302E-002  6.530099379278059E-002  1.949566666305543E+000
