# Total number of <f|i> elements, Initial States (bandI, bandF), Final States (bandI, bandF) Format : '(5i10)'
        64      1025      1088      1024      1024
# Total-energy difference (Hartree). Format: '(ES24.15E3)'
# With relaxation (for delta function)
 -3.429465810059185E-002
# Electronic only without relaxation (for zeroth-order matrix element)
 -3.184106018569821E-002
# Final Band, Initial Band, Delta Function (Hartree), Zeroth-order (Hartree), First-order (Hartree), Plotting (eV) Format : '(2i10,4ES24.15E3)'
   1024   1025 -4.043303135098433E-002 -3.797943343609070E-002  3.163516742378827E-002  1.033472942014783E+000
   1024   1026 -4.046546680072255E-002 -3.801186888582891E-002  3.166760287352649E-002  1.034355555488281E+000
   1024   1027 -4.046837556621094E-002 -3.801477765131731E-002  3.167051163901488E-002  1.034434707022544E+000
   1024   1028 -4.146468483911184E-002 -3.901108692421820E-002  3.266682091191578E-002  1.061545661090728E+000
   1024   1029 -4.178156536409483E-002 -3.932796744920120E-002  3.298370143689877E-002  1.070168418693799E+000
   1024   1030 -4.186733141216123E-002 -3.941373349726759E-002  3.306946748496517E-002  1.072502231549889E+000
   1024   1031 -4.724787040187875E-002 -4.479427248698511E-002  3.845000647468269E-002  1.218914143372789E+000
   1024   1032 -4.748447543352655E-002 -4.503087751863291E-002  3.868661150633049E-002  1.225352493712164E+000
   1024   1033 -4.752129837086305E-002 -4.506770045596942E-002  3.872343444366699E-002  1.226354496794881E+000
   1024   1034 -4.861294110403763E-002 -4.615934318914400E-002  3.981507717684157E-002  1.256059606245274E+000
   1024   1035 -4.862305477954923E-002 -4.616945686465559E-002  3.982519085235317E-002  1.256334813351855E+000
   1024   1036 -4.868408589767545E-002 -4.623048798278181E-002  3.988622197047939E-002  1.257995554534593E+000
   1024   1037 -4.888061323203624E-002 -4.642701531714261E-002  4.008274930484018E-002  1.263343335268867E+000
   1024   1038 -4.910475931502395E-002 -4.665116140013031E-002  4.030689538782789E-002  1.269442660373761E+000
   1024   1039 -4.912720308189153E-002 -4.667360516699789E-002  4.032933915469547E-002  1.270053386329259E+000
   1024   1040 -4.937043863996943E-002 -4.691684072507579E-002  4.057257471277337E-002  1.276672162468518E+000
   1024   1041 -4.945665812084493E-002 -4.700306020595130E-002  4.065879419364887E-002  1.279018313858831E+000
   1024   1042 -4.960110191786293E-002 -4.714750400296930E-002  4.080323799066687E-002  1.282948829465684E+000
   1024   1043 -5.086462692960983E-002 -4.841102901471619E-002  4.206676300241377E-002  1.317331093577040E+000
   1024   1044 -5.102366103283973E-002 -4.857006311794609E-002  4.222579710564367E-002  1.321658631606860E+000
   1024   1045 -5.106738590847995E-002 -4.861378799358632E-002  4.226952198128389E-002  1.322848445982136E+000
   1024   1046 -5.118594063984994E-002 -4.873234272495630E-002  4.238807671265388E-002  1.326074484285864E+000
   1024   1047 -5.120124940096715E-002 -4.874765148607352E-002  4.240338547377109E-002  1.326491056861046E+000
   1024   1048 -5.132311211294074E-002 -4.886951419804711E-002  4.252524818574469E-002  1.329807109894780E+000
   1024   1049 -5.184039729928375E-002 -4.938679938439011E-002  4.304253337208769E-002  1.343883155665451E+000
   1024   1050 -5.202372355720575E-002 -4.957012564231211E-002  4.322585963000969E-002  1.348871716841384E+000
   1024   1051 -5.220503519930925E-002 -4.975143728441561E-002  4.340717127211319E-002  1.353805457532949E+000
   1024   1052 -5.593476519057372E-002 -5.348116727568009E-002  4.713690126337766E-002  1.455296572019401E+000
   1024   1053 -5.612468650146896E-002 -5.367108858657532E-002  4.732682257427290E-002  1.460464593713366E+000
   1024   1054 -5.619724121195535E-002 -5.374364329706172E-002  4.739937728475929E-002  1.462438907791262E+000
   1024   1055 -6.071284330019394E-002 -5.825924538530031E-002  5.191497937299788E-002  1.585314689573340E+000
   1024   1056 -6.096345226938205E-002 -5.850985435448841E-002  5.216558834218599E-002  1.592134106432677E+000
   1024   1057 -6.100108711921182E-002 -5.854748920431818E-002  5.220322319201576E-002  1.593158202777908E+000
   1024   1058 -6.128048251338625E-002 -5.882688459849261E-002  5.248261858619019E-002  1.600760938097505E+000
   1024   1059 -6.136481594911236E-002 -5.891121803421873E-002  5.256695202191630E-002  1.603055767589280E+000
   1024   1060 -6.141675454484913E-002 -5.896315662995549E-002  5.261889061765307E-002  1.604469088655023E+000
   1024   1061 -6.165716986174913E-002 -5.920357194685549E-002  5.285930593455307E-002  1.611011122129012E+000
   1024   1062 -6.199184401777713E-002 -5.953824610288350E-002  5.319398009058107E-002  1.620118069056712E+000
   1024   1063 -6.215679454060385E-002 -5.970319662571022E-002  5.335893061340780E-002  1.624606601051257E+000
   1024   1064 -6.395700115151681E-002 -6.150340323662318E-002  5.515913722432075E-002  1.673592714168120E+000
   1024   1065 -6.412235041310566E-002 -6.166875249821202E-002  5.532448648590960E-002  1.678092096396181E+000
   1024   1066 -6.412973823382057E-002 -6.167614031892693E-002  5.533187430662451E-002  1.678293129221544E+000
   1024   1067 -6.663074604772445E-002 -6.417714813283082E-002  5.783288212052839E-002  1.746349012882542E+000
   1024   1068 -6.822501875055281E-002 -6.577142083565918E-002  5.942715482335675E-002  1.789731379376724E+000
   1024   1069 -6.850952890248296E-002 -6.605593098758933E-002  5.971166497528690E-002  1.797473294332962E+000
   1024   1070 -6.852408156603312E-002 -6.607048365113949E-002  5.972621763883706E-002  1.797869292447011E+000
   1024   1071 -6.880261931724846E-002 -6.634902140235482E-002  6.000475539005240E-002  1.805448690114833E+000
   1024   1072 -6.888574080187043E-002 -6.643214288697680E-002  6.008787687467437E-002  1.807710540739894E+000
   1024   1073 -6.895447269500515E-002 -6.650087478011152E-002  6.015660876780909E-002  1.809580830667408E+000
   1024   1074 -6.927489301772621E-002 -6.682129510283258E-002  6.047702909053015E-002  1.818299911065515E+000
   1024   1075 -6.928566455456753E-002 -6.683206663967389E-002  6.048780062737147E-002  1.818593019489267E+000
   1024   1076 -6.945209844874195E-002 -6.699850053384832E-002  6.065423452154589E-002  1.823121916070961E+000
   1024   1077 -7.009785644329763E-002 -6.764425852840400E-002  6.129999251610158E-002  1.840693884741480E+000
   1024   1078 -7.023616687533452E-002 -6.778256896044088E-002  6.143830294813846E-002  1.844457502999478E+000
   1024   1079 -7.028580991199546E-002 -6.783221199710182E-002  6.148794598479940E-002  1.845808358726035E+000
   1024   1080 -7.261586448943391E-002 -7.016226657454028E-002  6.381800056223785E-002  1.909212368247463E+000
   1024   1081 -7.290110991401544E-002 -7.044751199912180E-002  6.410324598681938E-002  1.916974290990059E+000
   1024   1082 -7.301305682769066E-002 -7.055945891279702E-002  6.421519290049460E-002  1.920020521430018E+000
   1024   1083 -7.302734001226263E-002 -7.057374209736900E-002  6.422947608506657E-002  1.920409186648149E+000
   1024   1084 -7.356304976968753E-002 -7.110945185479389E-002  6.476518584249147E-002  1.934986590494986E+000
   1024   1085 -7.368615473346263E-002 -7.123255681856899E-002  6.488829080626657E-002  1.938336446919341E+000
   1024   1086 -7.374633006689446E-002 -7.129273215200083E-002  6.494846613969840E-002  1.939973901016258E+000
   1024   1087 -7.403782635148975E-002 -7.158422843659612E-002  6.523996242429370E-002  1.947905918310145E+000
   1024   1088 -7.409836729488345E-002 -7.164476937998981E-002  6.530050336768739E-002  1.949553321160077E+000
