# Total number of <f|i> elements, Initial States (bandI, bandF), Final States (bandI, bandF) Format : '(5i10)'
        64      1025      1088      1024      1024
# Total-energy difference (Hartree). Format: '(ES24.15E3)'
# With relaxation (for delta function)
 -3.429465810059185E-002
# Electronic only without relaxation (for zeroth-order matrix element)
 -3.184106018569821E-002
# Final Band, Initial Band, Delta Function (Hartree), Zeroth-order (Hartree), First-order (Hartree), Plotting (eV) Format : '(2i10,4ES24.15E3)'
   1024   1025 -3.401030748032435E-002 -3.155670956543072E-002  2.507090125486031E-002  8.587017373434691E-001
   1024   1026 -3.760526465080966E-002 -3.515166673591602E-002  2.866585842534561E-002  9.565254968698040E-001
   1024   1027 -3.930501995669974E-002 -3.685142204180611E-002  3.036561373123570E-002  1.002778190966451E+000
   1024   1028 -4.081548961873976E-002 -3.836189170384613E-002  3.187608339327572E-002  1.043880160749106E+000
   1024   1029 -4.086107606706174E-002 -3.840747815216811E-002  3.192166984159769E-002  1.045120631093210E+000
   1024   1030 -4.104413825108086E-002 -3.859054033618722E-002  3.210473202561681E-002  1.050102006452804E+000
   1024   1031 -4.225287574967476E-002 -3.979927783478113E-002  3.331346952421071E-002  1.082993426513019E+000
   1024   1032 -4.401941431159215E-002 -4.156581639669851E-002  3.508000808612810E-002  1.131063385424845E+000
   1024   1033 -4.411169840099535E-002 -4.165810048610172E-002  3.517229217553131E-002  1.133574563205766E+000
   1024   1034 -4.418699252240155E-002 -4.173339460750791E-002  3.524758629693750E-002  1.135623420445752E+000
   1024   1035 -4.437189305025194E-002 -4.191829513535830E-002  3.543248682478789E-002  1.140654819685005E+000
   1024   1036 -4.493329033857754E-002 -4.247969242368391E-002  3.599388411311349E-002  1.155931216795597E+000
   1024   1037 -4.598115353653914E-002 -4.352755562164551E-002  3.704174731107510E-002  1.184445024508097E+000
   1024   1038 -5.500026352719795E-002 -5.254666561230431E-002  4.606085730173390E-002  1.429867488539474E+000
   1024   1039 -5.568130586710013E-002 -5.322770795220649E-002  4.674189964163608E-002  1.448399593075465E+000
   1024   1040 -5.581664025191685E-002 -5.336304233702321E-002  4.687723402645280E-002  1.452082228970170E+000
   1024   1041 -5.590889111155706E-002 -5.345529319666342E-002  4.696948488609301E-002  1.454592502523255E+000
   1024   1042 -5.597331086373036E-002 -5.351971294883673E-002  4.703390463826632E-002  1.456345453127809E+000
   1024   1043 -5.682355529643363E-002 -5.436995738153999E-002  4.788414907096958E-002  1.479481780760925E+000
   1024   1044 -5.684357441390747E-002 -5.438997649901384E-002  4.790416818844342E-002  1.480026528651044E+000
   1024   1045 -5.737983598562035E-002 -5.492623807072672E-002  4.844042976015631E-002  1.494618948128291E+000
   1024   1046 -5.745344650781387E-002 -5.499984859292023E-002  4.851404028234982E-002  1.496621992303833E+000
   1024   1047 -5.797614382018174E-002 -5.552254590528810E-002  4.903673759471769E-002  1.510845309513266E+000
   1024   1048 -5.805582613243127E-002 -5.560222821753763E-002  4.911641990696722E-002  1.513013575498740E+000
   1024   1049 -5.815093294642026E-002 -5.569733503152663E-002  4.921152672095622E-002  1.515601563521896E+000
   1024   1050 -5.826165963361446E-002 -5.580806171872082E-002  4.932225340815041E-002  1.518614589910684E+000
   1024   1051 -5.916013027792383E-002 -5.670653236303019E-002  5.022072405245978E-002  1.543063219499927E+000
   1024   1052 -5.924471845303797E-002 -5.679112053814434E-002  5.030531222757392E-002  1.545364980802975E+000
   1024   1053 -5.945661734160113E-002 -5.700301942670749E-002  5.051721111613708E-002  1.551131042799175E+000
   1024   1054 -5.955322074570096E-002 -5.709962283080733E-002  5.061381452023692E-002  1.553759755110318E+000
   1024   1055 -6.014685603359793E-002 -5.769325811870429E-002  5.120744980813388E-002  1.569913392802124E+000
   1024   1056 -6.025947561774764E-002 -5.780587770285400E-002  5.132006939228359E-002  1.572977927536575E+000
   1024   1057 -6.036436967189696E-002 -5.791077175700332E-002  5.142496344643291E-002  1.575832239908664E+000
   1024   1058 -6.046563568700114E-002 -5.801203777210751E-002  5.152622946153709E-002  1.578587828317636E+000
   1024   1059 -6.069707202817387E-002 -5.824347411328024E-002  5.175766580270982E-002  1.584885531436442E+000
   1024   1060 -6.077189617546097E-002 -5.831829826056734E-002  5.183248994999692E-002  1.586921600030268E+000
   1024   1061 -6.133290390003643E-002 -5.887930598514279E-002  5.239349767457238E-002  1.602187396572116E+000
   1024   1062 -6.154752538170316E-002 -5.909392746680953E-002  5.260811915623911E-002  1.608027544094351E+000
   1024   1063 -6.296669199908034E-002 -6.051309408418670E-002  5.402728577361629E-002  1.646645031681099E+000
   1024   1064 -6.575877975962707E-002 -6.330518184473344E-002  5.681937353416303E-002  1.722621603504144E+000
   1024   1065 -6.582476985314978E-002 -6.337117193825614E-002  5.688536362768573E-002  1.724417285269948E+000
   1024   1066 -6.594519689797135E-002 -6.349159898307771E-002  5.700579067250730E-002  1.727694271813713E+000
   1024   1067 -6.597304390566028E-002 -6.351944599076664E-002  5.703363768019623E-002  1.728452027429289E+000
   1024   1068 -6.629895230535254E-002 -6.384535439045891E-002  5.735954607988850E-002  1.737320445996514E+000
   1024   1069 -6.631657530843316E-002 -6.386297739353952E-002  5.737716908296911E-002  1.737799992298106E+000
   1024   1070 -6.638964505576767E-002 -6.393604714087403E-002  5.745023883030362E-002  1.739788321241379E+000
   1024   1071 -6.641590157911204E-002 -6.396230366421840E-002  5.747649535364799E-002  1.740502797576931E+000
   1024   1072 -6.665000938217225E-002 -6.419641146727861E-002  5.771060315670820E-002  1.746873194870624E+000
   1024   1073 -6.667464809797774E-002 -6.422105018308411E-002  5.773524187251369E-002  1.747543648424225E+000
   1024   1074 -6.673549590857214E-002 -6.428189799367851E-002  5.779608968310809E-002  1.749199401555350E+000
   1024   1075 -6.675579374728108E-002 -6.430219583238744E-002  5.781638752181703E-002  1.749751733835987E+000
   1024   1076 -6.731525660688698E-002 -6.486165869199334E-002  5.837585038142293E-002  1.764975492464136E+000
   1024   1077 -6.762146391139823E-002 -6.516786599650459E-002  5.868205768593418E-002  1.773307816967928E+000
   1024   1078 -6.788885846494774E-002 -6.543526055005411E-002  5.894945223948370E-002  1.780583992806637E+000
   1024   1079 -6.791567847415664E-002 -6.546208055926300E-002  5.897627224869259E-002  1.781313802372349E+000
   1024   1080 -7.071431187561417E-002 -6.826071396072053E-002  6.177490565015012E-002  1.857468490142827E+000
   1024   1081 -7.075265216367244E-002 -6.829905424877880E-002  6.181324593820839E-002  1.858511782438484E+000
   1024   1082 -7.075872773974423E-002 -6.830512982485060E-002  6.181932151428018E-002  1.858677107271144E+000
   1024   1083 -7.117854255745265E-002 -6.872494464255902E-002  6.223913633198860E-002  1.870100849425924E+000
   1024   1084 -7.303789904962232E-002 -7.058430113472869E-002  6.409849282415828E-002  1.920696512666936E+000
   1024   1085 -7.315512319007894E-002 -7.070152527518531E-002  6.421571696461489E-002  1.923886343750560E+000
   1024   1086 -7.322835642464676E-002 -7.077475850975312E-002  6.428895019918271E-002  1.925879121407694E+000
   1024   1087 -7.341970995218644E-002 -7.096611203729281E-002  6.448030372672239E-002  1.931086115698541E+000
   1024   1088 -7.346703184965464E-002 -7.101343393476101E-002  6.452762562419059E-002  1.932373810015532E+000
