# Total number of <f|i> elements, Initial States (bandI, bandF), Final States (bandI, bandF) Format : '(5i10)'
        64      1025      1088      1024      1024
# Total-energy difference (Hartree). Format: '(ES24.15E3)'
# With relaxation (for delta function)
 -3.429465810059185E-002
# Electronic only without relaxation (for zeroth-order matrix element)
 -3.184106018569821E-002
# Final Band, Initial Band, Delta Function (Hartree), Zeroth-order (Hartree), First-order (Hartree), Plotting (eV) Format : '(2i10,4ES24.15E3)'
   1024   1025 -3.942894415086184E-002 -3.697534623596821E-002  3.048953792539780E-002  1.006150339783337E+000
   1024   1026 -3.979309660425834E-002 -3.733949868936470E-002  3.085369037879429E-002  1.016059431976270E+000
   1024   1027 -4.012061831238276E-002 -3.766702039748912E-002  3.118121208691871E-002  1.024971750898526E+000
   1024   1028 -4.028175283553445E-002 -3.782815492064082E-002  3.134234661007040E-002  1.029356444261105E+000
   1024   1029 -4.120011376148816E-002 -3.874651584659453E-002  3.226070753602411E-002  1.054346315939257E+000
   1024   1030 -4.432353489032356E-002 -4.186993697542993E-002  3.538412866485952E-002  1.139338927232431E+000
   1024   1031 -4.445545453567096E-002 -4.200185662077732E-002  3.551604831020691E-002  1.142928643340654E+000
   1024   1032 -4.499788128455165E-002 -4.254428336965801E-002  3.605847505908760E-002  1.157688825820379E+000
   1024   1033 -4.549163444633006E-002 -4.303803653143642E-002  3.655222822086601E-002  1.171124532637619E+000
   1024   1034 -4.636443196957266E-002 -4.391083405467902E-002  3.742502574410861E-002  1.194874561074631E+000
   1024   1035 -4.764358506800226E-002 -4.518998715310862E-002  3.870417884253821E-002  1.229682087051707E+000
   1024   1036 -4.867794672908815E-002 -4.622434881419452E-002  3.973854050362410E-002  1.257828499261583E+000
   1024   1037 -5.054623715682655E-002 -4.809263924193291E-002  4.160683093136250E-002  1.308667267252736E+000
   1024   1038 -5.060828999807365E-002 -4.815469208318002E-002  4.166888377260961E-002  1.310355810935514E+000
   1024   1039 -5.144774549463046E-002 -4.899414757973683E-002  4.250833926916642E-002  1.333198556685709E+000
   1024   1040 -5.154375168918876E-002 -4.909015377429513E-002  4.260434546372471E-002  1.335811018098772E+000
   1024   1041 -5.515565938496303E-002 -5.270206147006939E-002  4.621625315949898E-002  1.434096024875374E+000
   1024   1042 -5.522943648146794E-002 -5.277583856657431E-002  4.629003025600389E-002  1.436103601768446E+000
   1024   1043 -5.538374407487517E-002 -5.293014615998154E-002  4.644433784941113E-002  1.440302524925163E+000
   1024   1044 -5.606683629340636E-002 -5.361323837851273E-002  4.712743006794232E-002  1.458890409495394E+000
   1024   1045 -5.611151939356773E-002 -5.365792147867410E-002  4.717211316810369E-002  1.460106298485940E+000
   1024   1046 -5.618346256713846E-002 -5.372986465224483E-002  4.724405634167442E-002  1.462063971798079E+000
   1024   1047 -5.652264808910917E-002 -5.406905017421554E-002  4.758324186364513E-002  1.471293679236179E+000
   1024   1048 -5.668058946671134E-002 -5.422699155181770E-002  4.774118324124729E-002  1.475591482689489E+000
   1024   1049 -5.686806874188394E-002 -5.441447082699030E-002  4.792866251641989E-002  1.480693053212005E+000
   1024   1050 -5.690764539075976E-002 -5.445404747586613E-002  4.796823916529572E-002  1.481769988596457E+000
   1024   1051 -5.704496727899755E-002 -5.459136936410391E-002  4.810556105353350E-002  1.485506707209676E+000
   1024   1052 -5.715265572650524E-002 -5.469905781161161E-002  4.821324950104119E-002  1.488437058892095E+000
   1024   1053 -5.728697426745744E-002 -5.483337635256380E-002  4.834756804199339E-002  1.492092052269460E+000
   1024   1054 -5.754818462907474E-002 -5.509458671418110E-002  4.860877840361069E-002  1.499199947687638E+000
   1024   1055 -5.852391926115896E-002 -5.607032134626533E-002  4.958451303569492E-002  1.525751037306778E+000
   1024   1056 -6.019897663363316E-002 -5.774537871873953E-002  5.125957040816911E-002  1.571331666456696E+000
   1024   1057 -6.021193442417377E-002 -5.775833650928014E-002  5.127252819870973E-002  1.571684265869074E+000
   1024   1058 -6.064942515819777E-002 -5.819582724330413E-002  5.171001893273372E-002  1.583588994167794E+000
   1024   1059 -6.077169171043956E-002 -5.831809379554592E-002  5.183228548497551E-002  1.586916036254084E+000
   1024   1060 -6.112386700518196E-002 -5.867026909028833E-002  5.218446077971792E-002  1.596499213385329E+000
   1024   1061 -6.114035151123642E-002 -5.868675359634279E-002  5.220094528577238E-002  1.596947779607319E+000
   1024   1062 -6.235284720415812E-002 -5.989924928926449E-002  5.341344097869408E-002  1.629941465336008E+000
   1024   1063 -6.248276610465764E-002 -6.002916818976400E-002  5.354335987919359E-002  1.633476738408170E+000
   1024   1064 -6.418552143705386E-002 -6.173192352216023E-002  5.524611521158981E-002  1.679811067377665E+000
   1024   1065 -6.466576582829997E-002 -6.221216791340634E-002  5.572635960283592E-002  1.692879181854475E+000
   1024   1066 -6.599636336476006E-002 -6.354276544986642E-002  5.705695713929601E-002  1.729086582182261E+000
   1024   1067 -6.603566788664217E-002 -6.358206997174853E-002  5.709626166117812E-002  1.730156112614629E+000
   1024   1068 -6.680391988132633E-002 -6.435032196643270E-002  5.786451365586229E-002  1.751061312543190E+000
   1024   1069 -6.693544055250533E-002 -6.448184263761170E-002  5.799603432704128E-002  1.754640172012167E+000
   1024   1070 -6.702028222381035E-002 -6.456668430891671E-002  5.808087599834630E-002  1.756948831297371E+000
   1024   1071 -6.705742037959556E-002 -6.460382246470192E-002  5.811801415413151E-002  1.757959411910295E+000
   1024   1072 -6.825360037832456E-002 -6.580000246343093E-002  5.931419415286052E-002  1.790509125021365E+000
   1024   1073 -6.830191086544046E-002 -6.584831295054683E-002  5.936250463997642E-002  1.791823720230739E+000
   1024   1074 -6.830254144277226E-002 -6.584894352787862E-002  5.936313521730821E-002  1.791840879112568E+000
   1024   1075 -6.838474043264997E-002 -6.593114251775634E-002  5.944533420718592E-002  1.794077627379034E+000
   1024   1076 -6.852562425166636E-002 -6.607202633677273E-002  5.958621802620231E-002  1.797911271057952E+000
   1024   1077 -6.869397427301382E-002 -6.624037635812019E-002  5.975456804754978E-002  1.802492308111677E+000
   1024   1078 -6.883907346949347E-002 -6.638547555459984E-002  5.989966724402943E-002  1.806440658044863E+000
   1024   1079 -6.910186222805237E-002 -6.664826431315873E-002  6.016245600258832E-002  1.813591503828102E+000
   1024   1080 -6.921908135415716E-002 -6.676548343926353E-002  6.027967512869312E-002  1.816781198464273E+000
   1024   1081 -6.983308077116063E-002 -6.737948285626699E-002  6.089367454569658E-002  1.833488972290170E+000
   1024   1082 -6.997658563740683E-002 -6.752298772251319E-002  6.103717941194278E-002  1.837393938291374E+000
   1024   1083 -7.016852681353186E-002 -6.771492889863823E-002  6.122912058806781E-002  1.842616923313452E+000
   1024   1084 -7.030671857760012E-002 -6.785312066270649E-002  6.136731235213608E-002  1.846377312451804E+000
   1024   1085 -7.144315154074643E-002 -6.898955362585280E-002  6.250374531528238E-002  1.877301226043135E+000
   1024   1086 -7.170999492732427E-002 -6.925639701243064E-002  6.277058870186022E-002  1.884562403865807E+000
   1024   1087 -7.208339517713225E-002 -6.962979726223861E-002  6.314398895166820E-002  1.894723141396752E+000
   1024   1088 -7.226772899836986E-002 -6.981413108347623E-002  6.332832277290582E-002  1.899739119764829E+000
