# Total number of <f|i> elements, Initial States (bandI, bandF), Final States (bandI, bandF) Format : '(5i10)'
        64      1025      1088      1024      1024
# Total-energy difference (Hartree). Format: '(ES24.15E3)'
# With relaxation (for delta function)
 -3.429465810059185E-002
# Electronic only without relaxation (for zeroth-order matrix element)
 -3.184106018569821E-002
# Final Band, Initial Band, Delta Function (Hartree), Zeroth-order (Hartree), First-order (Hartree), Plotting (eV) Format : '(2i10,4ES24.15E3)'
   1024   1025 -3.942906693522225E-002 -3.697546902032861E-002  3.063120300802619E-002  1.006153680915700E+000
   1024   1026 -3.957738161764654E-002 -3.712378370275290E-002  3.077951769045048E-002  1.010189528671221E+000
   1024   1027 -4.022341274357463E-002 -3.776981482868100E-002  3.142554881637857E-002  1.027768929624359E+000
   1024   1028 -4.043298935684864E-002 -3.797939144195500E-002  3.163512542965258E-002  1.033471799296236E+000
   1024   1029 -4.044990762797965E-002 -3.799630971308601E-002  3.165204370078359E-002  1.033932168866230E+000
   1024   1030 -4.428782215791974E-002 -4.183422424302610E-002  3.548995823072368E-002  1.138367134362301E+000
   1024   1031 -4.457710350194363E-002 -4.212350558705000E-002  3.577923957474757E-002  1.146238880058072E+000
   1024   1032 -4.514358288369275E-002 -4.268998496879911E-002  3.634571895649669E-002  1.161653567963623E+000
   1024   1033 -4.519826813008734E-002 -4.274467021519371E-002  3.640040420289128E-002  1.163141629194745E+000
   1024   1034 -4.639826023762175E-002 -4.394466232272812E-002  3.760039631042569E-002  1.195795075061834E+000
   1024   1035 -4.780930287423263E-002 -4.535570495933899E-002  3.901143894703657E-002  1.234191497889479E+000
   1024   1036 -4.862797735418814E-002 -4.617437943929451E-002  3.983011342699208E-002  1.256468763419934E+000
   1024   1037 -5.066577429767205E-002 -4.821217638277842E-002  4.186791037047599E-002  1.311920038277810E+000
   1024   1038 -5.075717567558413E-002 -4.830357776069050E-002  4.195931174838807E-002  1.314407196257508E+000
   1024   1039 -5.150756020212113E-002 -4.905396228722750E-002  4.270969627492507E-002  1.334826197651711E+000
   1024   1040 -5.159415650829005E-002 -4.914055859339642E-002  4.279629258109399E-002  1.337182602979732E+000
   1024   1041 -5.531662448016406E-002 -5.286302656527042E-002  4.651876055296800E-002  1.438476107868951E+000
   1024   1042 -5.539513774482502E-002 -5.294153982993138E-002  4.659727381762896E-002  1.440612562451742E+000
   1024   1043 -5.552330952707252E-002 -5.306971161217888E-002  4.672544559987646E-002  1.444100294018499E+000
   1024   1044 -5.614542750292811E-002 -5.369182958803448E-002  4.734756357573205E-002  1.461028985065712E+000
   1024   1045 -5.621993136160702E-002 -5.376633344671339E-002  4.742206743441096E-002  1.463056338163275E+000
   1024   1046 -5.633949121630283E-002 -5.388589330140919E-002  4.754162728910677E-002  1.466309727263648E+000
   1024   1047 -5.655134979722753E-002 -5.409775188233390E-002  4.775348587003148E-002  1.472074692433225E+000
   1024   1048 -5.677237982239253E-002 -5.431878190749889E-002  4.797451589519647E-002  1.478089225292575E+000
   1024   1049 -5.702157708066602E-002 -5.456797916577238E-002  4.822371315346996E-002  1.484870227544315E+000
   1024   1050 -5.703597470685645E-002 -5.458237679196282E-002  4.823811077966039E-002  1.485262006877256E+000
   1024   1051 -5.716094415028272E-002 -5.470734623538909E-002  4.836308022308666E-002  1.488662598373098E+000
   1024   1052 -5.730046137396422E-002 -5.484686345907058E-002  4.850259744676816E-002  1.492459055101777E+000
   1024   1053 -5.742197785966785E-002 -5.496837994477421E-002  4.862411393247179E-002  1.495765686839577E+000
   1024   1054 -5.747549808578972E-002 -5.502190017089609E-002  4.867763415859366E-002  1.497222046256853E+000
   1024   1055 -5.853527673506131E-002 -5.608167882016768E-002  4.973741280786526E-002  1.526060089888815E+000
   1024   1056 -6.034139797940286E-002 -5.788780006450922E-002  5.154353405220680E-002  1.575207148366293E+000
   1024   1057 -6.035991328898993E-002 -5.790631537409630E-002  5.156204936179387E-002  1.575710975562754E+000
   1024   1058 -6.071239258013855E-002 -5.825879466524492E-002  5.191452865294249E-002  1.585302424856900E+000
   1024   1059 -6.091127654051676E-002 -5.845767862562312E-002  5.211341261332070E-002  1.590714332646348E+000
   1024   1060 -6.114173173049942E-002 -5.868813381560578E-002  5.234386780330336E-002  1.596985337283495E+000
   1024   1061 -6.125016350447832E-002 -5.879656558958468E-002  5.245229957728226E-002  1.599935915907856E+000
   1024   1062 -6.242648353549113E-002 -5.997288562059749E-002  5.362861960829507E-002  1.631945211813953E+000
   1024   1063 -6.262769823021402E-002 -6.017410031532039E-002  5.382983430301796E-002  1.637420542110330E+000
   1024   1064 -6.430064979512712E-002 -6.184705188023348E-002  5.550278586793106E-002  1.682943869322368E+000
   1024   1065 -6.473886321018446E-002 -6.228526529529083E-002  5.594099928298840E-002  1.694868262772095E+000
   1024   1066 -6.614605512485566E-002 -6.369245720996203E-002  5.734819119765960E-002  1.733159902126901E+000
   1024   1067 -6.615454388429443E-002 -6.370094596940079E-002  5.735667995709837E-002  1.733390893018485E+000
   1024   1068 -6.688665763859425E-002 -6.443305972370061E-002  5.808879371139819E-002  1.753312721415923E+000
   1024   1069 -6.708801333686965E-002 -6.463441542197601E-002  5.829014940967359E-002  1.758791888614093E+000
   1024   1070 -6.710769623614177E-002 -6.465409832124813E-002  5.830983230894571E-002  1.759327487541664E+000
   1024   1071 -6.720654922007113E-002 -6.475295130517750E-002  5.840868529287507E-002  1.762017414033073E+000
   1024   1072 -6.836086684347475E-002 -6.590726892858112E-002  5.956300291627870E-002  1.793427993979872E+000
   1024   1073 -6.842947160874963E-002 -6.597587369385599E-002  5.963160768155357E-002  1.795294824582391E+000
   1024   1074 -6.845767456508112E-002 -6.600407665018748E-002  5.965981063788506E-002  1.796062266053114E+000
   1024   1075 -6.853688030894184E-002 -6.608328239404820E-002  5.973901638174578E-002  1.798217563953225E+000
   1024   1076 -6.865943318443185E-002 -6.620583526953822E-002  5.986156925723579E-002  1.801552397291331E+000
   1024   1077 -6.885212421390485E-002 -6.639852629901122E-002  6.005426028670879E-002  1.806795786860699E+000
   1024   1078 -6.897615504650795E-002 -6.652255713161431E-002  6.017829111931189E-002  1.810170837457138E+000
   1024   1079 -6.924039196147497E-002 -6.678679404658133E-002  6.044252803427891E-002  1.817361089580287E+000
   1024   1080 -6.931697345402182E-002 -6.686337553912819E-002  6.051910952682577E-002  1.819444977970551E+000
   1024   1081 -6.994009404524243E-002 -6.748649613034879E-002  6.114223011804637E-002  1.836400951569326E+000
   1024   1082 -7.012208813302412E-002 -6.766849021813048E-002  6.132422420582806E-002  1.841353262552204E+000
   1024   1083 -7.028951771262953E-002 -6.783591979773590E-002  6.149165378543348E-002  1.845909253112365E+000
   1024   1084 -7.029783282001556E-002 -6.784423490512193E-002  6.149996889281950E-002  1.846135518691283E+000
   1024   1085 -7.158194208156532E-002 -6.912834416667168E-002  6.278407815436926E-002  1.881077908725495E+000
   1024   1086 -7.186393390913942E-002 -6.941033599424579E-002  6.306606998194336E-002  1.888751296590997E+000
   1024   1087 -7.223087828365377E-002 -6.977728036876013E-002  6.343301435645771E-002  1.898736360821174E+000
   1024   1088 -7.228402960175234E-002 -6.983043168685871E-002  6.348616567455628E-002  1.900182681740620E+000
