# Total number of <f|i> elements, Initial States (bandI, bandF), Final States (bandI, bandF) Format : '(5i10)'
        64      1025      1088      1024      1024
# Total-energy difference (Hartree). Format: '(ES24.15E3)'
# With relaxation (for delta function)
 -3.429465810059185E-002
# Electronic only without relaxation (for zeroth-order matrix element)
 -3.184106018569821E-002
# Final Band, Initial Band, Delta Function (Hartree), Zeroth-order (Hartree), First-order (Hartree), Plotting (eV) Format : '(2i10,4ES24.15E3)'
   1024   1025 -4.028595343193794E-002 -3.783235551704431E-002  3.134654720647390E-002  1.029470748302281E+000
   1024   1026 -4.031338608243254E-002 -3.785978816753890E-002  3.137397985696849E-002  1.030217228685187E+000
   1024   1027 -4.070404699230476E-002 -3.825044907741112E-002  3.176464076684071E-002  1.040847652662817E+000
   1024   1028 -4.139098703786975E-002 -3.893738912297612E-002  3.245158081240571E-002  1.059540241931492E+000
   1024   1029 -4.164341466547025E-002 -3.918981675057662E-002  3.270400844000620E-002  1.066409147002998E+000
   1024   1030 -4.277808286583756E-002 -4.032448495094393E-002  3.383867664037352E-002  1.097285038956928E+000
   1024   1031 -4.711872120866326E-002 -4.466512329376962E-002  3.817931498319921E-002  1.215399815100993E+000
   1024   1032 -4.737200090360094E-002 -4.491840298870731E-002  3.843259467813689E-002  1.222291906103886E+000
   1024   1033 -4.740933805693914E-002 -4.495574014204551E-002  3.846993183147510E-002  1.223307901715611E+000
   1024   1034 -4.845650567656595E-002 -4.600290776167232E-002  3.951709945110191E-002  1.251802781779039E+000
   1024   1035 -4.848238911338085E-002 -4.602879119848721E-002  3.954298288791680E-002  1.252507105913825E+000
   1024   1036 -4.852446985604245E-002 -4.607087194114881E-002  3.958506363057840E-002  1.253652181155504E+000
   1024   1037 -4.881639616616784E-002 -4.636279825127421E-002  3.987698994070379E-002  1.261595900039159E+000
   1024   1038 -4.896186516270976E-002 -4.650826724781612E-002  4.002245893724571E-002  1.265554312743790E+000
   1024   1039 -4.896547182997615E-002 -4.651187391508252E-002  4.002606560451211E-002  1.265652455151231E+000
   1024   1040 -4.928802999012846E-002 -4.683443207523483E-002  4.034862376466442E-002  1.274429709064311E+000
   1024   1041 -4.932055854167416E-002 -4.686696062678053E-002  4.038115231621012E-002  1.275314855966831E+000
   1024   1042 -4.966396833679695E-002 -4.721037042190332E-002  4.072456211133291E-002  1.284659511723201E+000
   1024   1043 -5.077310061647375E-002 -4.831950270158011E-002  4.183369439100970E-002  1.314840535937003E+000
   1024   1044 -5.092126161335864E-002 -4.846766369846500E-002  4.198185538789459E-002  1.318872201696318E+000
   1024   1045 -5.095019831529946E-002 -4.849660040040582E-002  4.201079208983541E-002  1.319659609400472E+000
   1024   1046 -5.103675329615986E-002 -4.858315538126623E-002  4.209734707069582E-002  1.322014890209660E+000
   1024   1047 -5.104964823450506E-002 -4.859605031961142E-002  4.211024200904101E-002  1.322365779326822E+000
   1024   1048 -5.135554171575596E-002 -4.890194380086232E-002  4.241613549029191E-002  1.330689564265412E+000
   1024   1049 -5.178948044486095E-002 -4.933588252996732E-002  4.285007421939691E-002  1.342497637594809E+000
   1024   1050 -5.188513120542626E-002 -4.943153329053263E-002  4.294572497996221E-002  1.345100427157052E+000
   1024   1051 -5.250626594336066E-002 -5.005266802846703E-002  4.356685971789662E-002  1.362002362939766E+000
   1024   1052 -5.580166511683393E-002 -5.334806720194030E-002  4.686225889136988E-002  1.451674734821073E+000
   1024   1053 -5.598902546958073E-002 -5.353542755468710E-002  4.704961924411669E-002  1.456773069299812E+000
   1024   1054 -5.622743698289095E-002 -5.377383906799732E-002  4.728803075742691E-002  1.463260576505140E+000
   1024   1055 -6.060369734515064E-002 -5.815009943025701E-002  5.166429111968660E-002  1.582344677093891E+000
   1024   1056 -6.080258995417093E-002 -5.834899203927729E-002  5.186318372870688E-002  1.587756820224859E+000
   1024   1057 -6.087060188218835E-002 -5.841700396729471E-002  5.193119565672430E-002  1.589607518905199E+000
   1024   1058 -6.111715067676504E-002 -5.866355276187141E-002  5.217774445130099E-002  1.596316452794646E+000
   1024   1059 -6.121138151148148E-002 -5.875778359658784E-002  5.227197528601743E-002  1.598880604209563E+000
   1024   1060 -6.135670381249053E-002 -5.890310589759690E-002  5.241729758702648E-002  1.602835025125739E+000
   1024   1061 -6.161645569616114E-002 -5.916285778126751E-002  5.267704947069710E-002  1.609903233340658E+000
   1024   1062 -6.185436878415346E-002 -5.940077086925982E-002  5.291496255868941E-002  1.616377177703335E+000
   1024   1063 -6.215669686749287E-002 -5.970309895259923E-002  5.321729064202882E-002  1.624603943230742E+000
   1024   1064 -6.381950241973533E-002 -6.136590450484170E-002  5.488009619427128E-002  1.669851183397351E+000
   1024   1065 -6.398644714136054E-002 -6.153284922646690E-002  5.504704091589649E-002  1.674393980300895E+000
   1024   1066 -6.410113256597616E-002 -6.164753465108253E-002  5.516172634051211E-002  1.677514729413258E+000
   1024   1067 -6.648711049979933E-002 -6.403351258490569E-002  5.754770427433528E-002  1.742440490852010E+000
   1024   1068 -6.812030478650694E-002 -6.566670687161330E-002  5.918089856104289E-002  1.786881967505569E+000
   1024   1069 -6.835375601701754E-002 -6.590015810212391E-002  5.941434979155349E-002  1.793234498551583E+000
   1024   1070 -6.839414100825497E-002 -6.594054309336134E-002  5.945473478279092E-002  1.794333430050327E+000
   1024   1071 -6.863984241347626E-002 -6.618624449858262E-002  5.970043618801221E-002  1.801019305302745E+000
   1024   1072 -6.872980629099995E-002 -6.627620837610632E-002  5.979040006553590E-002  1.803467346907576E+000
   1024   1073 -6.889387694805077E-002 -6.644027903315713E-002  5.995447072258672E-002  1.807931936536749E+000
   1024   1074 -6.914708977562384E-002 -6.669349186073020E-002  6.020768355015979E-002  1.814822207986115E+000
   1024   1075 -6.916855337268246E-002 -6.671495545778883E-002  6.022914714721841E-002  1.815406262164694E+000
   1024   1076 -6.939784672842714E-002 -6.694424881353350E-002  6.045844050296309E-002  1.821645651684410E+000
   1024   1077 -6.996739933853696E-002 -6.751380142364333E-002  6.102799311307291E-002  1.837143966386573E+000
   1024   1078 -7.012436651815396E-002 -6.767076860326032E-002  6.118496029268991E-002  1.841415260564553E+000
   1024   1079 -7.014110430792547E-002 -6.768750639303184E-002  6.120169808246143E-002  1.841870718986993E+000
   1024   1080 -7.248201177338853E-002 -7.002841385849490E-002  6.354260554792449E-002  1.905570050610448E+000
   1024   1081 -7.276161568199274E-002 -7.030801776709911E-002  6.382220945652869E-002  1.913178459896234E+000
   1024   1082 -7.286276142604514E-002 -7.040916351115151E-002  6.392335520058109E-002  1.915930775563449E+000
   1024   1083 -7.287870272011826E-002 -7.042510480522463E-002  6.393929649465421E-002  1.916364560235698E+000
   1024   1084 -7.347151831488308E-002 -7.101792039998944E-002  6.453211208941903E-002  1.932495892943037E+000
   1024   1085 -7.355140077155964E-002 -7.109780285666600E-002  6.461199454609559E-002  1.934669605135343E+000
   1024   1086 -7.361183072822697E-002 -7.115823281333333E-002  6.467242450276292E-002  1.936313987882861E+000
   1024   1087 -7.393862935706064E-002 -7.148503144216700E-002  6.499922313159659E-002  1.945206630816976E+000
   1024   1088 -7.395633333468454E-002 -7.150273541979091E-002  6.501692710922050E-002  1.945688380547949E+000
