# Total number of <f|i> elements, Initial States (bandI, bandF), Final States (bandI, bandF) Format : '(5i10)'
        64      1025      1088      1024      1024
# Total-energy difference (Hartree). Format: '(ES24.15E3)'
# With relaxation (for delta function)
 -3.429465810059185E-002
# Electronic only without relaxation (for zeroth-order matrix element)
 -3.184106018569821E-002
# Final Band, Initial Band, Delta Function (Hartree), Zeroth-order (Hartree), First-order (Hartree), Plotting (eV) Format : '(2i10,4ES24.15E3)'
   1024   1025 -4.026899588051946E-002 -3.781539796562583E-002  3.132958965505542E-002  1.029009309861308E+000
   1024   1026 -4.026929440921906E-002 -3.781569649432542E-002  3.132988818375501E-002  1.029017433240345E+000
   1024   1027 -4.046049951264324E-002 -3.800690159774961E-002  3.152109328717920E-002  1.034220388705612E+000
   1024   1028 -4.161466658617016E-002 -3.916106867127653E-002  3.267526036070612E-002  1.065626871981926E+000
   1024   1029 -4.161555852475815E-002 -3.916196060986452E-002  3.267615229929410E-002  1.065651142865223E+000
   1024   1030 -4.212350851163704E-002 -3.966991059674341E-002  3.318410228617300E-002  1.079473164939867E+000
   1024   1031 -4.727386585760884E-002 -4.482026794271521E-002  3.833445963214480E-002  1.219621515697276E+000
   1024   1032 -4.735269902922934E-002 -4.489910111433570E-002  3.841329280376529E-002  1.221766675391143E+000
   1024   1033 -4.735352535200946E-002 -4.489992743711582E-002  3.841411912654541E-002  1.221789160777505E+000
   1024   1034 -4.845535116226404E-002 -4.600175324737041E-002  3.951594493680000E-002  1.251771365847198E+000
   1024   1035 -4.845644255740564E-002 -4.600284464251200E-002  3.951703633194159E-002  1.251801064219339E+000
   1024   1036 -4.850350560633615E-002 -4.604990769144252E-002  3.956409938087210E-002  1.253081714909409E+000
   1024   1037 -4.867155943656426E-002 -4.621796152167063E-002  3.973215321110021E-002  1.257654692192889E+000
   1024   1038 -4.892670314506176E-002 -4.647310523016812E-002  3.998729691959771E-002  1.264597505584278E+000
   1024   1039 -4.892712896703524E-002 -4.647353105214161E-002  3.998772274157120E-002  1.264609092789455E+000
   1024   1040 -4.940402423262605E-002 -4.695042631773241E-002  4.046461800716200E-002  1.277586072922463E+000
   1024   1041 -4.940461193379245E-002 -4.695101401889881E-002  4.046520570832840E-002  1.277602065084497E+000
   1024   1042 -4.960165000571015E-002 -4.714805209081652E-002  4.066224378024610E-002  1.282963743694484E+000
   1024   1043 -5.068067935100246E-002 -4.822708143610882E-002  4.174127312553841E-002  1.312325625405437E+000
   1024   1044 -5.078849408323305E-002 -4.833489616833941E-002  4.184908785776900E-002  1.315259413469927E+000
   1024   1045 -5.078890747060194E-002 -4.833530955570831E-002  4.184950124513789E-002  1.315270662312305E+000
   1024   1046 -5.102096301749046E-002 -4.856736510259682E-002  4.208155679202641E-002  1.321585214875530E+000
   1024   1047 -5.102604429275864E-002 -4.857244637786501E-002  4.208663806729460E-002  1.321723483407351E+000
   1024   1048 -5.102659368223325E-002 -4.857299576733962E-002  4.208718745676920E-002  1.321738433055234E+000
   1024   1049 -5.201866352333376E-002 -4.956506560844012E-002  4.307925729786971E-002  1.348734026317349E+000
   1024   1050 -5.201976940482445E-002 -4.956617148993081E-002  4.308036317936040E-002  1.348764118883095E+000
   1024   1051 -5.290529830424356E-002 -5.045170038934993E-002  4.396589207877952E-002  1.372860585684312E+000
   1024   1052 -5.598880623446584E-002 -5.353520831957220E-002  4.704940000900179E-002  1.456767103608945E+000
   1024   1053 -5.598969036757456E-002 -5.353609245268093E-002  4.705028414211052E-002  1.456791162094350E+000
   1024   1054 -5.617850985970607E-002 -5.372491194481244E-002  4.723910363424202E-002  1.461929201774990E+000
   1024   1055 -6.088045505421052E-002 -5.842685713931689E-002  5.194104882874648E-002  1.589875637351333E+000
   1024   1056 -6.088057541563707E-002 -5.842697750074344E-002  5.194116919017303E-002  1.589878912552313E+000
   1024   1057 -6.092606983415594E-002 -5.847247191926230E-002  5.198666360869189E-002  1.591116878638117E+000
   1024   1058 -6.110152508091304E-002 -5.864792716601941E-002  5.216211885544900E-002  1.595891258707876E+000
   1024   1059 -6.110187161718933E-002 -5.864827370229569E-002  5.216246539172528E-002  1.595900688439511E+000
   1024   1060 -6.120050863188253E-002 -5.874691071698890E-002  5.226110240641849E-002  1.598584738109133E+000
   1024   1061 -6.205209796882094E-002 -5.959850005392731E-002  5.311269174335689E-002  1.621757662447647E+000
   1024   1062 -6.205384414238957E-002 -5.960024622749593E-002  5.311443791692552E-002  1.621805178246909E+000
   1024   1063 -6.205473377724258E-002 -5.960113586234894E-002  5.311532755177853E-002  1.621829386442389E+000
   1024   1064 -6.389815277130256E-002 -6.144455485640893E-002  5.495874654583852E-002  1.671991368304570E+000
   1024   1065 -6.389837777628243E-002 -6.144477986138880E-002  5.495897155081839E-002  1.671997491001448E+000
   1024   1066 -6.399282130840084E-002 -6.153922339350720E-002  5.505341508293679E-002  1.674567430207016E+000
   1024   1067 -6.673672356648858E-002 -6.428312565159494E-002  5.779731734102453E-002  1.749232807826163E+000
   1024   1068 -6.814292171644354E-002 -6.568932380154990E-002  5.920351549097949E-002  1.787497405467809E+000
   1024   1069 -6.828652968798554E-002 -6.583293177309191E-002  5.934712346252149E-002  1.791405177106794E+000
   1024   1070 -6.828835999181904E-002 -6.583476207692540E-002  5.934895376635499E-002  1.791454982206988E+000
   1024   1071 -6.864270295807523E-002 -6.618910504318160E-002  5.970329673261118E-002  1.801097144679876E+000
   1024   1072 -6.864338076368753E-002 -6.618978284879390E-002  5.970397453822349E-002  1.801115588708575E+000
   1024   1073 -6.871520492790467E-002 -6.626160701301104E-002  5.977579870244062E-002  1.803070023611511E+000
   1024   1074 -6.933561069616667E-002 -6.688201278127304E-002  6.039620447070262E-002  1.819952123120647E+000
   1024   1075 -6.933599978090343E-002 -6.688240186600980E-002  6.039659355543939E-002  1.819962710654773E+000
   1024   1076 -6.937416374676214E-002 -6.692056583186851E-002  6.043475752129809E-002  1.821001204979374E+000
   1024   1077 -6.995625996620786E-002 -6.750266205131422E-002  6.101685374074381E-002  1.836840848650166E+000
   1024   1078 -7.004270123169998E-002 -6.758910331680634E-002  6.110329500623593E-002  1.839193035106817E+000
   1024   1079 -7.004340398296577E-002 -6.758980606807213E-002  6.110399775750172E-002  1.839212157941268E+000
   1024   1080 -7.257978188757896E-002 -7.012618397268533E-002  6.364037566211492E-002  1.908230510717720E+000
   1024   1081 -7.275776997449385E-002 -7.030417205960021E-002  6.381836374902980E-002  1.913073812873268E+000
   1024   1082 -7.275787498046826E-002 -7.030427706557463E-002  6.381846875500422E-002  1.913076670231145E+000
   1024   1083 -7.291595827116076E-002 -7.046236035626713E-002  6.397655204569672E-002  1.917378335336031E+000
   1024   1084 -7.346181059946466E-002 -7.100821268457103E-002  6.452240437400061E-002  1.932231732572383E+000
   1024   1085 -7.346195461988647E-002 -7.100835670499284E-002  6.452254839442242E-002  1.932235651567365E+000
   1024   1086 -7.372280131566328E-002 -7.126920340076964E-002  6.478339509019923E-002  1.939333651134760E+000
   1024   1087 -7.383153772513062E-002 -7.137793981023699E-002  6.489213149966658E-002  1.942292519312334E+000
   1024   1088 -7.383237309749385E-002 -7.137877518260022E-002  6.489296687202981E-002  1.942315250950376E+000
