# Total number of <f|i> elements, Initial States (bandI, bandF), Final States (bandI, bandF) Format : '(5i10)'
        64      1025      1088      1024      1024
# Total-energy difference (Hartree). Format: '(ES24.15E3)'
# With relaxation (for delta function)
 -3.429465810059185E-002
# Electronic only without relaxation (for zeroth-order matrix element)
 -3.184106018569821E-002
# Final Band, Initial Band, Delta Function (Hartree), Zeroth-order (Hartree), First-order (Hartree), Plotting (eV) Format : '(2i10,4ES24.15E3)'
   1024   1025 -3.942940437077325E-002 -3.697580645587961E-002  3.048999814530920E-002  1.006162863004006E+000
   1024   1026 -3.979227673921965E-002 -3.733867882432601E-002  3.085287051375560E-002  1.016037122313989E+000
   1024   1027 -4.012094649299416E-002 -3.766734857810053E-002  3.118154026753012E-002  1.024980681147119E+000
   1024   1028 -4.028188317950435E-002 -3.782828526461071E-002  3.134247695404030E-002  1.029359991100904E+000
   1024   1029 -4.119913537082034E-002 -3.874553745592671E-002  3.225972914535630E-002  1.054319692575230E+000
   1024   1030 -4.432290684471524E-002 -4.186930892982160E-002  3.538350061925119E-002  1.139321837242302E+000
   1024   1031 -4.445552277668235E-002 -4.200192486178872E-002  3.551611655121831E-002  1.142930500273010E+000
   1024   1032 -4.499677052799095E-002 -4.254317261309731E-002  3.605736430252690E-002  1.157658600597230E+000
   1024   1033 -4.549173036957005E-002 -4.303813245467641E-002  3.655232414410600E-002  1.171127142841724E+000
   1024   1034 -4.636531886736414E-002 -4.391172095247051E-002  3.742591264190009E-002  1.194898694790880E+000
   1024   1035 -4.764403254684355E-002 -4.519043463194991E-002  3.870462632137950E-002  1.229694263570227E+000
   1024   1036 -4.867882698130266E-002 -4.622522906640902E-002  3.973942075583861E-002  1.257852452142485E+000
   1024   1037 -5.054601082930266E-002 -4.809241291440902E-002  4.160660460383861E-002  1.308661108567605E+000
   1024   1038 -5.060801159088174E-002 -4.815441367598811E-002  4.166860536541769E-002  1.310348235090546E+000
   1024   1039 -5.144792873103454E-002 -4.899433081614091E-002  4.250852250557050E-002  1.333203542801837E+000
   1024   1040 -5.154383400566115E-002 -4.909023609076751E-002  4.260442778019710E-002  1.335813258043901E+000
   1024   1041 -5.515591573932027E-002 -5.270231782442664E-002  4.621650951385622E-002  1.434103000632193E+000
   1024   1042 -5.523010916102727E-002 -5.277651124613364E-002  4.629070293556323E-002  1.436121906310149E+000
   1024   1043 -5.538410772313146E-002 -5.293050980823782E-002  4.644470149766741E-002  1.440312420297454E+000
   1024   1044 -5.606734487059206E-002 -5.361374695569843E-002  4.712793864512801E-002  1.458904248584416E+000
   1024   1045 -5.611069934726315E-002 -5.365710143236951E-002  4.717129312179910E-002  1.460083983891163E+000
   1024   1046 -5.618354580632118E-002 -5.372994789142754E-002  4.724413958085713E-002  1.462066236851433E+000
   1024   1047 -5.652128475510787E-002 -5.406768684021424E-002  4.758187852964382E-002  1.471256581031340E+000
   1024   1048 -5.667957013095554E-002 -5.422597221606190E-002  4.774016390549149E-002  1.475563745152955E+000
   1024   1049 -5.686990772136297E-002 -5.441630980646933E-002  4.793050149589892E-002  1.480743094388519E+000
   1024   1050 -5.690660110762608E-002 -5.445300319273244E-002  4.796719488216203E-002  1.481741572207248E+000
   1024   1051 -5.704529850700785E-002 -5.459170059211421E-002  4.810589228154380E-002  1.485515720382209E+000
   1024   1052 -5.715272199555493E-002 -5.469912408066130E-002  4.821331577009089E-002  1.488438862164644E+000
   1024   1053 -5.728596307473466E-002 -5.483236515984102E-002  4.834655684927061E-002  1.492064536316124E+000
   1024   1054 -5.754822078709027E-002 -5.509462287219663E-002  4.860881456162622E-002  1.499200931597278E+000
   1024   1055 -5.852451147032517E-002 -5.607091355543153E-002  4.958510524486112E-002  1.525767152137725E+000
   1024   1056 -6.019920232375847E-002 -5.774560440886484E-002  5.125979609829442E-002  1.571337807797329E+000
   1024   1057 -6.021110828272824E-002 -5.775751036783461E-002  5.127170205726420E-002  1.571661785417077E+000
   1024   1058 -6.065009117236964E-002 -5.819649325747600E-002  5.171068494690559E-002  1.583607117335081E+000
   1024   1059 -6.077186595981965E-002 -5.831826804492601E-002  5.183245973435560E-002  1.586920777820853E+000
   1024   1060 -6.112472698768634E-002 -5.867112907279270E-002  5.218532076222229E-002  1.596522614699368E+000
   1024   1061 -6.113965979706026E-002 -5.868606188216663E-002  5.220025357159622E-002  1.596928957107350E+000
   1024   1062 -6.235292305433288E-002 -5.989932513943924E-002  5.341351682886883E-002  1.629943529324229E+000
   1024   1063 -6.248286368403094E-002 -6.002926576913731E-002  5.354345745856690E-002  1.633479393677953E+000
   1024   1064 -6.418574569167124E-002 -6.173214777677760E-002  5.524633946620719E-002  1.679817169656141E+000
   1024   1065 -6.466579669852246E-002 -6.221219878362882E-002  5.572639047305841E-002  1.692880021875949E+000
   1024   1066 -6.599769820164675E-002 -6.354410028675311E-002  5.705829197618270E-002  1.729122904941175E+000
   1024   1067 -6.603431719409103E-002 -6.358071927919740E-002  5.709491096862698E-002  1.730119358401143E+000
   1024   1068 -6.680411218871207E-002 -6.435051427381844E-002  5.786470596324803E-002  1.751066545493283E+000
   1024   1069 -6.693523384038985E-002 -6.448163592549622E-002  5.799582761492580E-002  1.754634547089444E+000
   1024   1070 -6.701913236882884E-002 -6.456553445393520E-002  5.807972614336479E-002  1.756917542152086E+000
   1024   1071 -6.705800475375695E-002 -6.460440683886332E-002  5.811859852829290E-002  1.757975313539919E+000
   1024   1072 -6.825285777473616E-002 -6.579925985984253E-002  5.931345154927212E-002  1.790488917750065E+000
   1024   1073 -6.830184583534488E-002 -6.584824792045124E-002  5.936243960988083E-002  1.791821950671845E+000
   1024   1074 -6.830254222948567E-002 -6.584894431459204E-002  5.936313600402163E-002  1.791840900520129E+000
   1024   1075 -6.838403025694867E-002 -6.593043234205503E-002  5.944462403148462E-002  1.794058302515418E+000
   1024   1076 -6.852584649425525E-002 -6.607224857936161E-002  5.958644026879120E-002  1.797917318586349E+000
   1024   1077 -6.869463423991234E-002 -6.624103632501871E-002  5.975522801444830E-002  1.802510266724288E+000
   1024   1078 -6.883953817113297E-002 -6.638594025623934E-002  5.990013194566893E-002  1.806453303219555E+000
   1024   1079 -6.910166545156637E-002 -6.664806753667274E-002  6.016225922610233E-002  1.813586149267606E+000
   1024   1080 -6.921983650746877E-002 -6.676623859257513E-002  6.028043028200472E-002  1.816801747230908E+000
   1024   1081 -6.983380120113025E-002 -6.738020328623662E-002  6.089439497566621E-002  1.833508576186618E+000
   1024   1082 -6.997555614948747E-002 -6.752195823459384E-002  6.103614992402343E-002  1.837365924500421E+000
   1024   1083 -7.016790918886334E-002 -6.771431127396971E-002  6.122850296339929E-002  1.842600116891515E+000
   1024   1084 -7.030623662318936E-002 -6.785263870829572E-002  6.136683039772531E-002  1.846364197805329E+000
   1024   1085 -7.144321356651867E-002 -6.898961565162504E-002  6.250380734105462E-002  1.877302913850233E+000
   1024   1086 -7.171031746494966E-002 -6.925671955005602E-002  6.277091123948561E-002  1.884571180560941E+000
   1024   1087 -7.208313758402762E-002 -6.962953966913399E-002  6.314373135856358E-002  1.894716131931902E+000
   1024   1088 -7.226812107782066E-002 -6.981452316292702E-002  6.332871485235661E-002  1.899749788789268E+000
