# Total number of <f|i> elements, Initial States (bandI, bandF), Final States (bandI, bandF) Format : '(5i10)'
        64      1025      1088      1024      1024
# Total-energy difference (Hartree). Format: '(ES24.15E3)'
# With relaxation (for delta function)
 -3.429465810059185E-002
# Electronic only without relaxation (for zeroth-order matrix element)
 -3.184106018569821E-002
# Final Band, Initial Band, Delta Function (Hartree), Zeroth-order (Hartree), First-order (Hartree), Plotting (eV) Format : '(2i10,4ES24.15E3)'
   1024   1025 -3.318492335843684E-002 -3.073132544354321E-002  2.438705943124078E-002  8.362418931708390E-001
   1024   1026 -3.433334333147273E-002 -3.187974541657909E-002  2.553547940427667E-002  8.674919898896093E-001
   1024   1027 -3.866964842595785E-002 -3.621605051106422E-002  2.987178449876179E-002  9.854888523497176E-001
   1024   1028 -4.086077330248103E-002 -3.840717538758739E-002  3.206290937528497E-002  1.045112392449985E+000
   1024   1029 -4.101297399304485E-002 -3.855937607815121E-002  3.221511006584879E-002  1.049253983864674E+000
   1024   1030 -4.119644989052995E-002 -3.874285197563632E-002  3.239858596333389E-002  1.054246616940199E+000
   1024   1031 -4.131023056857733E-002 -3.885663265368369E-002  3.251236664138127E-002  1.057342746646397E+000
   1024   1032 -4.403927820665554E-002 -4.158568029176191E-002  3.524141427945948E-002  1.131603909498370E+000
   1024   1033 -4.425888033180855E-002 -4.180528241691492E-002  3.546101640461249E-002  1.137579587222380E+000
   1024   1034 -4.432645589842363E-002 -4.187285798352999E-002  3.552859197122757E-002  1.139418411905100E+000
   1024   1035 -4.433673045011793E-002 -4.188313253522430E-002  3.553886652292187E-002  1.139697996675243E+000
   1024   1036 -4.466696851943763E-002 -4.221337060454400E-002  3.586910459224157E-002  1.148684231544687E+000
   1024   1037 -4.552224495061094E-002 -4.306864703571731E-002  3.672438102341488E-002  1.171957486819755E+000
   1024   1038 -5.512686557895946E-002 -5.267326766406583E-002  4.632900165176340E-002  1.433312505567421E+000
   1024   1039 -5.579720020921691E-002 -5.334360229432328E-002  4.699933628202085E-002  1.451553238506007E+000
   1024   1040 -5.596681789426183E-002 -5.351321997936820E-002  4.716895396706577E-002  1.456168770443209E+000
   1024   1041 -5.599606350228786E-002 -5.354246558739423E-002  4.719819957509180E-002  1.456964583909425E+000
   1024   1042 -5.612350307004466E-002 -5.366990515515102E-002  4.732563914284860E-002  1.460432390906607E+000
   1024   1043 -5.692015101030262E-002 -5.446655309540899E-002  4.812228708310656E-002  1.482110283810245E+000
   1024   1044 -5.699607470276447E-002 -5.454247678787083E-002  4.819821077556841E-002  1.484176272549893E+000
   1024   1045 -5.750286925908532E-002 -5.504927134419169E-002  4.870500533188926E-002  1.497966853760098E+000
   1024   1046 -5.757497274684042E-002 -5.512137483194679E-002  4.877710881964437E-002  1.499928889443047E+000
   1024   1047 -5.810322571963755E-002 -5.564962780474392E-002  4.930536179244149E-002  1.514303383861016E+000
   1024   1048 -5.821425189162416E-002 -5.576065397673052E-002  4.941638796442810E-002  1.517324559645450E+000
   1024   1049 -5.830645019182606E-002 -5.585285227693243E-002  4.950858626463001E-002  1.519833402983483E+000
   1024   1050 -5.833700342681875E-002 -5.588340551192511E-002  4.953913949962269E-002  1.520664798789034E+000
   1024   1051 -5.930476216115094E-002 -5.685116424625730E-002  5.050689823395488E-002  1.546998853192815E+000
   1024   1052 -5.937594326556306E-002 -5.692234535066942E-002  5.057807933836700E-002  1.548935789548552E+000
   1024   1053 -5.960473713050135E-002 -5.715113921560772E-002  5.080687320330529E-002  1.555161587232201E+000
   1024   1054 -5.962979576935706E-002 -5.717619785446343E-002  5.083193184216100E-002  1.555843467473113E+000
   1024   1055 -6.016930306928636E-002 -5.771570515439273E-002  5.137143914209030E-002  1.570524207706761E+000
   1024   1056 -6.040760801711786E-002 -5.795401010222423E-002  5.160974408992181E-002  1.577008815117941E+000
   1024   1057 -6.049514615388063E-002 -5.804154823898700E-002  5.169728222668457E-002  1.579390848959782E+000
   1024   1058 -6.054323645936366E-002 -5.808963854447002E-002  5.174537253216760E-002  1.580699452722226E+000
   1024   1059 -6.078869860706876E-002 -5.833510069217512E-002  5.199083467987270E-002  1.587378817446529E+000
   1024   1060 -6.084834318211402E-002 -5.839474526722038E-002  5.205047925491796E-002  1.589001828873252E+000
   1024   1061 -6.146734401208886E-002 -5.901374609719523E-002  5.266948008489281E-002  1.605845698067356E+000
   1024   1062 -6.162863765065763E-002 -5.917503973576399E-002  5.283077372346157E-002  1.610234721180627E+000
   1024   1063 -6.306096664728306E-002 -6.060736873238942E-002  5.426310272008700E-002  1.649210375321610E+000
   1024   1064 -6.584732062621212E-002 -6.339372271131849E-002  5.704945669901607E-002  1.725030923012087E+000
   1024   1065 -6.597887421697002E-002 -6.352527630207638E-002  5.718101028977396E-002  1.728610678268362E+000
   1024   1066 -6.603135535015442E-002 -6.357775743526078E-002  5.723349142295836E-002  1.730038762528850E+000
   1024   1067 -6.612783702593905E-002 -6.367423911104542E-002  5.732997309874299E-002  1.732664162444082E+000
   1024   1068 -6.639224613995692E-002 -6.393864822506329E-002  5.759438221276086E-002  1.739859100341705E+000
   1024   1069 -6.646150382152805E-002 -6.400790590663441E-002  5.766363989433199E-002  1.741743697700190E+000
   1024   1070 -6.650911495835726E-002 -6.405551704346363E-002  5.771125103116120E-002  1.743039262620461E+000
   1024   1071 -6.654645329922054E-002 -6.409285538432691E-002  5.774858937202448E-002  1.744055290546387E+000
   1024   1072 -6.677252402062972E-002 -6.431892610573609E-002  5.797466009343366E-002  1.750206987726159E+000
   1024   1073 -6.682963168738526E-002 -6.437603377249163E-002  5.803176776018920E-002  1.751760966367593E+000
   1024   1074 -6.686942183355415E-002 -6.441582391866052E-002  5.807155790635810E-002  1.752843711308841E+000
   1024   1075 -6.690706588517276E-002 -6.445346797027912E-002  5.810920195797670E-002  1.753868058047480E+000
   1024   1076 -6.739975783563873E-002 -6.494615992074509E-002  5.860189390844267E-002  1.767274887836342E+000
   1024   1077 -6.776011604254795E-002 -6.530651812765431E-002  5.896225211535189E-002  1.777080733331650E+000
   1024   1078 -6.794246701370282E-002 -6.548886909880919E-002  5.914460308650676E-002  1.782042755604989E+000
   1024   1079 -6.800280862546015E-002 -6.554921071056652E-002  5.920494469826409E-002  1.783684734365249E+000
   1024   1080 -7.079680876859196E-002 -6.834321085369832E-002  6.199894484139590E-002  1.859713344764903E+000
   1024   1081 -7.088782869761062E-002 -6.843423078271699E-002  6.208996477041456E-002  1.862190122992340E+000
   1024   1082 -7.090114925006036E-002 -6.844755133516672E-002  6.210328532286430E-002  1.862552593658277E+000
   1024   1083 -7.129109172418152E-002 -6.883749380928789E-002  6.249322779698546E-002  1.873163468004906E+000
   1024   1084 -7.312737990983537E-002 -7.067378199494173E-002  6.432951598263931E-002  1.923131410702316E+000
   1024   1085 -7.328943233016505E-002 -7.083583441527141E-002  6.449156840296899E-002  1.927541081317349E+000
   1024   1086 -7.330398802877303E-002 -7.085039011387939E-002  6.450612410157697E-002  1.927937162019521E+000
   1024   1087 -7.357302669610816E-002 -7.111942878121452E-002  6.477516276891210E-002  1.935258076469560E+000
   1024   1088 -7.360475265918803E-002 -7.115115474429440E-002  6.480688873199197E-002  1.936121383829255E+000
