# Total number of <f|i> elements, Initial States (bandI, bandF), Final States (bandI, bandF) Format : '(5i10)'
        64      1025      1088      1024      1024
# Total-energy difference (Hartree). Format: '(ES24.15E3)'
# With relaxation (for delta function)
 -3.429465810059185E-002
# Electronic only without relaxation (for zeroth-order matrix element)
 -3.184106018569821E-002
# Final Band, Initial Band, Delta Function (Hartree), Zeroth-order (Hartree), First-order (Hartree), Plotting (eV) Format : '(2i10,4ES24.15E3)'
   1024   1025 -4.028557364805846E-002 -3.783197573316482E-002  3.134616742259441E-002  1.029460413857353E+000
   1024   1026 -4.031347968597426E-002 -3.785988177108063E-002  3.137407346051022E-002  1.030219775767092E+000
   1024   1027 -4.070437844607794E-002 -3.825078053118430E-002  3.176497222061389E-002  1.040856671978671E+000
   1024   1028 -4.139124860852175E-002 -3.893765069362812E-002  3.245184238305771E-002  1.059547359630910E+000
   1024   1029 -4.164362388414275E-002 -3.919002596924911E-002  3.270421765867870E-002  1.066414840132606E+000
   1024   1030 -4.277960703756736E-002 -4.032600912267373E-002  3.384020081210332E-002  1.097326513778937E+000
   1024   1031 -4.711976302907406E-002 -4.466616511418042E-002  3.818035680361001E-002  1.215428164476104E+000
   1024   1032 -4.737311058842936E-002 -4.491951267353572E-002  3.843370436296531E-002  1.222322102163715E+000
   1024   1033 -4.741009448765124E-002 -4.495649657275760E-002  3.847068826218719E-002  1.223328485242082E+000
   1024   1034 -4.845660278607375E-002 -4.600300487118011E-002  3.951719656060970E-002  1.251805424263132E+000
   1024   1035 -4.848164569685334E-002 -4.602804778195971E-002  3.954223947138930E-002  1.252486876521327E+000
   1024   1036 -4.852422893526814E-002 -4.607063102037451E-002  3.958482270980410E-002  1.253645625367834E+000
   1024   1037 -4.881673751877144E-002 -4.636313960387781E-002  3.987733129330739E-002  1.261605188715887E+000
   1024   1038 -4.896169429369684E-002 -4.650809637880321E-002  4.002228806823280E-002  1.265549663161490E+000
   1024   1039 -4.896566525286425E-002 -4.651206733797061E-002  4.002625902740020E-002  1.265657718455687E+000
   1024   1040 -4.928756066771056E-002 -4.683396275281693E-002  4.034815444224651E-002  1.274416938151844E+000
   1024   1041 -4.932029853490216E-002 -4.686670062000853E-002  4.038089230943812E-002  1.275307780822752E+000
   1024   1042 -4.966262584460326E-002 -4.720902792970963E-002  4.072321961913922E-002  1.284622980652790E+000
   1024   1043 -5.077228802264666E-002 -4.831869010775303E-002  4.183288179718261E-002  1.314818424134452E+000
   1024   1044 -5.092104193211094E-002 -4.846744401721731E-002  4.198163570664690E-002  1.318866223865561E+000
   1024   1045 -5.094905640492714E-002 -4.849545849003351E-002  4.200965017946309E-002  1.319628536438998E+000
   1024   1046 -5.103634850455324E-002 -4.858275058965961E-002  4.209694227908919E-002  1.322003875269869E+000
   1024   1047 -5.104890243873494E-002 -4.859530452384131E-002  4.210949621327090E-002  1.322345485191840E+000
   1024   1048 -5.135567287154144E-002 -4.890207495664781E-002  4.241626664607739E-002  1.330693133195836E+000
   1024   1049 -5.179039118309295E-002 -4.933679326819931E-002  4.285098495762890E-002  1.342522420042435E+000
   1024   1050 -5.188715177098016E-002 -4.943355385608653E-002  4.294774554551611E-002  1.345155409541954E+000
   1024   1051 -5.250604933228245E-002 -5.005245141738882E-002  4.356664310681840E-002  1.361996468652568E+000
   1024   1052 -5.580197365698736E-002 -5.334837574209372E-002  4.686256743152331E-002  1.451683130625625E+000
   1024   1053 -5.598984197278173E-002 -5.353624405788809E-002  4.705043574731768E-002  1.456795287481837E+000
   1024   1054 -5.622685772802444E-002 -5.377325981313080E-002  4.728745150256039E-002  1.463244814178614E+000
   1024   1055 -6.060388365276004E-002 -5.815028573786640E-002  5.166447742729599E-002  1.582349746781766E+000
   1024   1056 -6.080285159643095E-002 -5.834925368153732E-002  5.186344537096690E-002  1.587763939872830E+000
   1024   1057 -6.087042477708177E-002 -5.841682686218813E-002  5.193101855161772E-002  1.589602699630161E+000
   1024   1058 -6.111717761448066E-002 -5.866357969958702E-002  5.217777138901661E-002  1.596317185807166E+000
   1024   1059 -6.121087427176997E-002 -5.875727635687633E-002  5.227146804630592E-002  1.598866801515064E+000
   1024   1060 -6.135732915468256E-002 -5.890373123978893E-002  5.241792292921851E-002  1.602852041552170E+000
   1024   1061 -6.161642834884495E-002 -5.916283043395132E-002  5.267702212338091E-002  1.609902489182340E+000
   1024   1062 -6.185530523810046E-002 -5.940170732320682E-002  5.291589901263641E-002  1.616402659911154E+000
   1024   1063 -6.215459420359587E-002 -5.970099628870223E-002  5.321518797813182E-002  1.624546726836312E+000
   1024   1064 -6.381963526346457E-002 -6.136603734857093E-002  5.488022903800052E-002  1.669854798259060E+000
   1024   1065 -6.398685360876533E-002 -6.153325569387169E-002  5.504744738330128E-002  1.674405040841473E+000
   1024   1066 -6.410117903406337E-002 -6.164758111916974E-002  5.516177280859932E-002  1.677515993874216E+000
   1024   1067 -6.648780449026442E-002 -6.403420657537079E-002  5.754839826480038E-002  1.742459375292950E+000
   1024   1068 -6.812096875913687E-002 -6.566737084424323E-002  5.918156253367282E-002  1.786900035119675E+000
   1024   1069 -6.835413733221196E-002 -6.590053941731833E-002  5.941473110674791E-002  1.793244874665710E+000
   1024   1070 -6.839443587768107E-002 -6.594083796278744E-002  5.945502965221702E-002  1.794341453855469E+000
   1024   1071 -6.863978310803154E-002 -6.618618519313790E-002  5.970037688256749E-002  1.801017691519524E+000
   1024   1072 -6.872970584622523E-002 -6.627610793133160E-002  5.979029962076118E-002  1.803464613666255E+000
   1024   1073 -6.889371369132957E-002 -6.644011577643594E-002  5.995430746586553E-002  1.807927494095440E+000
   1024   1074 -6.914725235537567E-002 -6.669365444048203E-002  6.020784612991162E-002  1.814826632006150E+000
   1024   1075 -6.916781490150914E-002 -6.671421698661550E-002  6.022840867604509E-002  1.815386167342127E+000
   1024   1076 -6.939774349859823E-002 -6.694414558370460E-002  6.045833727313418E-002  1.821642842657909E+000
   1024   1077 -6.996718264854285E-002 -6.751358473364921E-002  6.102777642307880E-002  1.837138069951965E+000
   1024   1078 -7.012399332852143E-002 -6.767039541362779E-002  6.118458710305738E-002  1.841405105558209E+000
   1024   1079 -7.014095966192024E-002 -6.768736174702661E-002  6.120155343645620E-002  1.841866782969021E+000
   1024   1080 -7.248207131782913E-002 -7.002847340293550E-002  6.354266509236509E-002  1.905571670897078E+000
   1024   1081 -7.276130912890844E-002 -7.030771121401480E-002  6.382190290344439E-002  1.913170118162583E+000
   1024   1082 -7.286289627073445E-002 -7.040929835584081E-002  6.392349004527040E-002  1.915934444874051E+000
   1024   1083 -7.287963338075087E-002 -7.042603546585724E-002  6.394022715528683E-002  1.916389884799415E+000
   1024   1084 -7.347099427116116E-002 -7.101739635626753E-002  6.453158804569711E-002  1.932481632988161E+000
   1024   1085 -7.355151601745946E-002 -7.109791810256583E-002  6.461210979199541E-002  1.934672741135762E+000
   1024   1086 -7.361218448111073E-002 -7.115858656621710E-002  6.467277825564668E-002  1.936323613988373E+000
   1024   1087 -7.393801303339242E-002 -7.148441511849879E-002  6.499860680792838E-002  1.945189859797058E+000
   1024   1088 -7.395603442130244E-002 -7.150243650640881E-002  6.501662819583839E-002  1.945680246701167E+000
