# Total number of <f|i> elements, Initial States (bandI, bandF), Final States (bandI, bandF) Format : '(5i10)'
        64      1025      1088      1024      1024
# Total-energy difference (Hartree). Format: '(ES24.15E3)'
# With relaxation (for delta function)
 -3.429465810059185E-002
# Electronic only without relaxation (for zeroth-order matrix element)
 -3.184106018569821E-002
# Final Band, Initial Band, Delta Function (Hartree), Zeroth-order (Hartree), First-order (Hartree), Plotting (eV) Format : '(2i10,4ES24.15E3)'
   1024   1025 -3.927802179489784E-002 -3.682442388000420E-002  3.048015786770178E-002  1.002043533622145E+000
   1024   1026 -3.965024672137873E-002 -3.719664880648510E-002  3.085238279418268E-002  1.012172288978877E+000
   1024   1027 -4.032247927884083E-002 -3.786888136394720E-002  3.152461535164477E-002  1.030464667143168E+000
   1024   1028 -4.044384005762733E-002 -3.799024214273369E-002  3.164597613043127E-002  1.033767061880275E+000
   1024   1029 -4.052487523440335E-002 -3.807127731950971E-002  3.172701130720729E-002  1.035972141181691E+000
   1024   1030 -4.427536328231155E-002 -4.182176536741791E-002  3.547749935511549E-002  1.138028111115663E+000
   1024   1031 -4.464543167938295E-002 -4.219183376448932E-002  3.584756775218689E-002  1.148098184322828E+000
   1024   1032 -4.512397355079714E-002 -4.267037563590351E-002  3.632610962360108E-002  1.161119970878962E+000
   1024   1033 -4.530165173384434E-002 -4.284805381895071E-002  3.650378780664829E-002  1.165954840121407E+000
   1024   1034 -4.653854368594174E-002 -4.408494577104810E-002  3.774067975874568E-002  1.199612381823274E+000
   1024   1035 -4.784074137225355E-002 -4.538714345735992E-002  3.904287744505749E-002  1.235046982927108E+000
   1024   1036 -4.839704586669125E-002 -4.594344795179761E-002  3.959918193949519E-002  1.250184798068296E+000
   1024   1037 -5.063449502256614E-002 -4.818089710767251E-002  4.183663109537009E-002  1.311068885916040E+000
   1024   1038 -5.071625960135104E-002 -4.826266168645740E-002  4.191839567415498E-002  1.313293813255507E+000
   1024   1039 -5.132141726086784E-002 -4.886781934597420E-002  4.252355333367178E-002  1.329760990624438E+000
   1024   1040 -5.170384753573243E-002 -4.925024962083879E-002  4.290598360853637E-002  1.340167447633464E+000
   1024   1041 -5.527871817715085E-002 -5.282512026225722E-002  4.648085424995479E-002  1.437444624906945E+000
   1024   1042 -5.536521911082726E-002 -5.291162119593362E-002  4.656735518363120E-002  1.439798435017462E+000
   1024   1043 -5.553138255499745E-002 -5.307778464010382E-002  4.673351862780140E-002  1.444319972280277E+000
   1024   1044 -5.617176780296596E-002 -5.371816988807232E-002  4.737390387576990E-002  1.461745741081029E+000
   1024   1045 -5.627941366447303E-002 -5.382581574957940E-002  4.748154973727697E-002  1.464674933939439E+000
   1024   1046 -5.639573402933556E-002 -5.394213611444193E-002  4.759787010213951E-002  1.467840172038448E+000
   1024   1047 -5.653883817483385E-002 -5.408524025994021E-002  4.774097424763779E-002  1.471734233873559E+000
   1024   1048 -5.675191285652115E-002 -5.429831494162751E-002  4.795404892932509E-002  1.477532290827800E+000
   1024   1049 -5.699890447327083E-002 -5.454530655837719E-002  4.820104054607477E-002  1.484253274521377E+000
   1024   1050 -5.710337572326984E-002 -5.464977780837621E-002  4.830551179607379E-002  1.487096081807435E+000
   1024   1051 -5.719117503596743E-002 -5.473757712107380E-002  4.839331110877138E-002  1.489485222607893E+000
   1024   1052 -5.721393472183062E-002 -5.476033680693698E-002  4.841607079463456E-002  1.490104545156449E+000
   1024   1053 -5.737232491984712E-002 -5.491872700495348E-002  4.857446099265106E-002  1.494414561634337E+000
   1024   1054 -5.748565194471922E-002 -5.503205402982558E-002  4.868778801752316E-002  1.497498346809844E+000
   1024   1055 -5.833943317576934E-002 -5.588583526087570E-002  4.954156924857328E-002  1.520730915620412E+000
   1024   1056 -6.033399125887834E-002 -5.788039334398470E-002  5.153612733168228E-002  1.575005601250957E+000
   1024   1057 -6.036516732326203E-002 -5.791156940836839E-002  5.156730339606597E-002  1.575853945106145E+000
   1024   1058 -6.077233341356086E-002 -5.831873549866723E-002  5.197446948636480E-002  1.586933497884042E+000
   1024   1059 -6.084361423186646E-002 -5.839001631697283E-002  5.204575030467040E-002  1.588873147592811E+000
   1024   1060 -6.109554527808092E-002 -5.864194736318729E-002  5.229768135088486E-002  1.595728539997604E+000
   1024   1061 -6.129293699662286E-002 -5.883933908172923E-002  5.249507306942680E-002  1.601099841821634E+000
   1024   1062 -6.234537412571173E-002 -5.989177621081809E-002  5.354751019851567E-002  1.629738112529787E+000
   1024   1063 -6.269450550572353E-002 -6.024090759082990E-002  5.389664157852747E-002  1.639238460528860E+000
   1024   1064 -6.433496636112246E-002 -6.188136844622882E-002  5.553710243392640E-002  1.683877670572424E+000
   1024   1065 -6.470592669273162E-002 -6.225232877783798E-002  5.590806276553556E-002  1.693972014552674E+000
   1024   1066 -6.616418660410556E-002 -6.371058868921192E-002  5.736632267690950E-002  1.733653284768720E+000
   1024   1067 -6.620957892213947E-002 -6.375598100724583E-002  5.741171499494341E-002  1.734888472559036E+000
   1024   1068 -6.693306698935086E-002 -6.447946907445723E-002  5.813520306215481E-002  1.754575584074055E+000
   1024   1069 -6.706789910802025E-002 -6.461430119312661E-002  5.827003518082419E-002  1.758244552611824E+000
   1024   1070 -6.713949620399962E-002 -6.468589828910598E-002  5.834163227680356E-002  1.760192808673780E+000
   1024   1071 -6.729196437924972E-002 -6.483836646435609E-002  5.849410045205367E-002  1.764341678716945E+000
   1024   1072 -6.831723760492964E-002 -6.586363969003600E-002  5.951937367773358E-002  1.792240782022301E+000
   1024   1073 -6.844870720291563E-002 -6.599510928802199E-002  5.965084327571957E-002  1.795818251719018E+000
   1024   1074 -6.848991984285852E-002 -6.603632192796488E-002  5.969205591566246E-002  1.796939704684388E+000
   1024   1075 -6.857429191785014E-002 -6.612069400295650E-002  5.977642799065408E-002  1.799235585604049E+000
   1024   1076 -6.876320185083495E-002 -6.630960393594132E-002  5.996533792363890E-002  1.804376086305466E+000
   1024   1077 -6.887585740272223E-002 -6.642225948782859E-002  6.007799347552617E-002  1.807441599771831E+000
   1024   1078 -6.905945565118943E-002 -6.660585773629579E-002  6.026159172399337E-002  1.812437562186896E+000
   1024   1079 -6.921246816578036E-002 -6.675887025088673E-002  6.041460423858430E-002  1.816601244456813E+000
   1024   1080 -6.935289972375913E-002 -6.689930180886550E-002  6.055503579656307E-002  1.820422581487031E+000
   1024   1081 -6.988416241779632E-002 -6.743056450290269E-002  6.108629849060027E-002  1.834878974584975E+000
   1024   1082 -7.008916532736442E-002 -6.763556741247079E-002  6.129130140016836E-002  1.840457387449649E+000
   1024   1083 -7.028919102068715E-002 -6.783559310579351E-002  6.149132709349109E-002  1.845900363372517E+000
   1024   1084 -7.034207577201695E-002 -6.788847785712332E-002  6.154421184482090E-002  1.847339430641293E+000
   1024   1085 -7.162996719557552E-002 -6.917636928068188E-002  6.283210326837946E-002  1.882384738537747E+000
   1024   1086 -7.180156222962103E-002 -6.934796431472739E-002  6.300369830242497E-002  1.887054076877629E+000
   1024   1087 -7.218258690496882E-002 -6.972898899007518E-002  6.338472297777276E-002  1.897422285578649E+000
   1024   1088 -7.223934924131126E-002 -6.978575132641762E-002  6.344148531411520E-002  1.898966867301654E+000
