# Total number of <f|i> elements, Initial States (bandI, bandF), Final States (bandI, bandF) Format : '(5i10)'
        64      1025      1088      1024      1024
# Total-energy difference (Hartree). Format: '(ES24.15E3)'
# With relaxation (for delta function)
 -3.429465810059185E-002
# Electronic only without relaxation (for zeroth-order matrix element)
 -3.184106018569821E-002
# Final Band, Initial Band, Delta Function (Hartree), Zeroth-order (Hartree), First-order (Hartree), Plotting (eV) Format : '(2i10,4ES24.15E3)'
   1024   1025 -3.917429247383586E-002 -3.672069455894222E-002  3.023488624837181E-002  9.992209152491902E-001
   1024   1026 -3.977133677243305E-002 -3.731773885753942E-002  3.083193054696901E-002  1.015467316839743E+000
   1024   1027 -4.021633776709116E-002 -3.776273985219752E-002  3.127693154162711E-002  1.027576409723467E+000
   1024   1028 -4.029951644849486E-002 -3.784591853360122E-002  3.136011022303081E-002  1.029839816752111E+000
   1024   1029 -4.171556678449845E-002 -3.926196886960481E-002  3.277616055903440E-002  1.068372506010187E+000
   1024   1030 -4.414277962677884E-002 -4.168918171188521E-002  3.520337340131480E-002  1.134420326371400E+000
   1024   1031 -4.457900597453976E-002 -4.212540805964612E-002  3.563959974907571E-002  1.146290648970169E+000
   1024   1032 -4.498310855788815E-002 -4.252951064299451E-002  3.604370233242410E-002  1.157286839484479E+000
   1024   1033 -4.558454232527215E-002 -4.313094441037851E-002  3.664513609980810E-002  1.173652684595131E+000
   1024   1034 -4.673650892689554E-002 -4.428291101200191E-002  3.779710270143150E-002  1.204999289985805E+000
   1024   1035 -4.772325553064205E-002 -4.526965761574842E-002  3.878384930517800E-002  1.231850030592903E+000
   1024   1036 -4.829753163278816E-002 -4.584393371789452E-002  3.935812540732411E-002  1.247476878050025E+000
   1024   1037 -5.050811849013306E-002 -4.805452057523943E-002  4.156871226466902E-002  1.307630005581108E+000
   1024   1038 -5.056742125152885E-002 -4.811382333663522E-002  4.162801502606481E-002  1.309243715785407E+000
   1024   1039 -5.119540579247414E-002 -4.874180787758051E-002  4.225599956701009E-002  1.326332044187215E+000
   1024   1040 -5.172477114731955E-002 -4.927117323242591E-002  4.278536492185550E-002  1.340736808060099E+000
   1024   1041 -5.513336498612587E-002 -5.267976707123223E-002  4.619395876066182E-002  1.433489363430688E+000
   1024   1042 -5.523795827016797E-002 -5.278436035527434E-002  4.629855204470393E-002  1.436335491431936E+000
   1024   1043 -5.547895872259057E-002 -5.302536080769693E-002  4.653955249712652E-002  1.442893447253241E+000
   1024   1044 -5.609817627398778E-002 -5.364457835909414E-002  4.715877004852373E-002  1.459743213737160E+000
   1024   1045 -5.614434014556097E-002 -5.369074223066733E-002  4.720493392009692E-002  1.460999396567001E+000
   1024   1046 -5.627099867003627E-002 -5.381740075514263E-002  4.733159244457222E-002  1.464445950295640E+000
   1024   1047 -5.642703272854815E-002 -5.397343481365452E-002  4.748762650308411E-002  1.468691852957041E+000
   1024   1048 -5.661186518816186E-002 -5.415826727326822E-002  4.767245896269781E-002  1.473721399965377E+000
   1024   1049 -5.684344880369496E-002 -5.438985088880133E-002  4.790404257823092E-002  1.480023110623335E+000
   1024   1050 -5.699766962295078E-002 -5.454407170805714E-002  4.805826339748673E-002  1.484219672535309E+000
   1024   1051 -5.707106707545934E-002 -5.461746916056570E-002  4.813166084999529E-002  1.486216918789865E+000
   1024   1052 -5.710259416238067E-002 -5.464899624748704E-002  4.816318793691662E-002  1.487074814454069E+000
   1024   1053 -5.724065844634535E-002 -5.478706053145171E-002  4.830125222088130E-002  1.490831734682388E+000
   1024   1054 -5.756741257449655E-002 -5.511381465960291E-002  4.862800634903250E-002  1.499723166691350E+000
   1024   1055 -5.824309967160446E-002 -5.578950175671082E-002  4.930369344614041E-002  1.518109547660003E+000
   1024   1056 -6.018737923190592E-002 -5.773378131701229E-002  5.124797300644188E-002  1.571016085106518E+000
   1024   1057 -6.020409507246066E-002 -5.775049715756703E-002  5.126468884699661E-002  1.571470946260395E+000
   1024   1058 -6.065659896012093E-002 -5.820300104522730E-002  5.171719273465689E-002  1.583784203245661E+000
   1024   1059 -6.071301745914087E-002 -5.825941954424724E-002  5.177361123367683E-002  1.585319428679298E+000
   1024   1060 -6.099193868287395E-002 -5.853834076798031E-002  5.205253245740990E-002  1.592909261165000E+000
   1024   1061 -6.125951155180542E-002 -5.880591363691179E-002  5.232010532634138E-002  1.600190289212015E+000
   1024   1062 -6.222429076771646E-002 -5.977069285282283E-002  5.328488454225241E-002  1.626443266796320E+000
   1024   1063 -6.261615020853756E-002 -6.016255229364392E-002  5.367674398307351E-002  1.637106304459668E+000
   1024   1064 -6.420195304749615E-002 -6.174835513260252E-002  5.526254682203210E-002  1.680258194236848E+000
   1024   1065 -6.458617894931107E-002 -6.213258103441743E-002  5.564677272384702E-002  1.690713512740089E+000
   1024   1066 -6.603257162599158E-002 -6.357897371109794E-002  5.709316540052753E-002  1.730071859077535E+000
   1024   1067 -6.606016243221574E-002 -6.360656451732211E-002  5.712075620675169E-002  1.730822643096708E+000
   1024   1068 -6.681126289003547E-002 -6.435766497514184E-002  5.787185666457142E-002  1.751261125971862E+000
   1024   1069 -6.693509946587944E-002 -6.448150155098581E-002  5.799569324041540E-002  1.754630890573060E+000
   1024   1070 -6.700751809596978E-002 -6.455392018107614E-002  5.806811187050573E-002  1.756601501715064E+000
   1024   1071 -6.719359165287447E-002 -6.473999373798084E-002  5.825418542741043E-002  1.761664820698193E+000
   1024   1072 -6.818322024875567E-002 -6.572962233386204E-002  5.924381402329162E-002  1.788593984299549E+000
   1024   1073 -6.829829656981984E-002 -6.584469865492620E-002  5.935889034435579E-002  1.791725370245222E+000
   1024   1074 -6.833993381501063E-002 -6.588633590011700E-002  5.940052758954659E-002  1.792858377306982E+000
   1024   1075 -6.842900866509266E-002 -6.597541075019903E-002  5.948960243962861E-002  1.795282227244836E+000
   1024   1076 -6.865218476662382E-002 -6.619858685173019E-002  5.971277854115978E-002  1.801355157811979E+000
   1024   1077 -6.873273321266926E-002 -6.627913529777563E-002  5.979332698720521E-002  1.803546992496648E+000
   1024   1078 -6.892883125444976E-002 -6.647523333955613E-002  5.998942502898572E-002  1.808883091585731E+000
   1024   1079 -6.907575956841178E-002 -6.662216165351814E-002  6.013635334294773E-002  1.812881214336854E+000
   1024   1080 -6.928236253698933E-002 -6.682876462209569E-002  6.034295631152528E-002  1.818503167021434E+000
   1024   1081 -6.974214146083813E-002 -6.728854354594449E-002  6.080273523537408E-002  1.831014387809021E+000
   1024   1082 -6.998630632464398E-002 -6.753270840975034E-002  6.104690009917993E-002  1.837658451643167E+000
   1024   1083 -7.017668836986868E-002 -6.772309045497504E-002  6.123728214440463E-002  1.842839010555828E+000
   1024   1084 -7.037322481248387E-002 -6.791962689759024E-002  6.143381858701982E-002  1.848187039138309E+000
   1024   1085 -7.148082880460083E-002 -6.902723088970719E-002  6.254142257913678E-002  1.878326476532672E+000
   1024   1086 -7.165990451690457E-002 -6.920630660201094E-002  6.272049829144052E-002  1.883199374480172E+000
   1024   1087 -7.203241739520932E-002 -6.957881948031569E-002  6.309301116974528E-002  1.893335965404516E+000
   1024   1088 -7.212756399879566E-002 -6.967396608390203E-002  6.318815777333162E-002  1.895925036157679E+000
