# Total number of <f|i> elements, Initial States (bandI, bandF), Final States (bandI, bandF) Format : '(5i10)'
        64      1025      1088      1024      1024
# Total-energy difference (Hartree). Format: '(ES24.15E3)'
# With relaxation (for delta function)
 -3.429465810059185E-002
# Electronic only without relaxation (for zeroth-order matrix element)
 -3.184106018569821E-002
# Final Band, Initial Band, Delta Function (Hartree), Zeroth-order (Hartree), First-order (Hartree), Plotting (eV) Format : '(2i10,4ES24.15E3)'
   1024   1025 -4.043303135060833E-002 -3.797943343571469E-002  3.163516742341227E-002  1.033472942004551E+000
   1024   1026 -4.046546680130975E-002 -3.801186888641611E-002  3.166760287411369E-002  1.034355555504260E+000
   1024   1027 -4.046837556501665E-002 -3.801477765012301E-002  3.167051163782059E-002  1.034434706990046E+000
   1024   1028 -4.146468484025995E-002 -3.901108692536631E-002  3.266682091306389E-002  1.061545661121970E+000
   1024   1029 -4.178156536377184E-002 -3.932796744887820E-002  3.298370143657578E-002  1.070168418685010E+000
   1024   1030 -4.186733141169083E-002 -3.941373349679719E-002  3.306946748449477E-002  1.072502231537088E+000
   1024   1031 -4.724787040037873E-002 -4.479427248548509E-002  3.845000647318267E-002  1.218914143331971E+000
   1024   1032 -4.748447543458795E-002 -4.503087751969431E-002  3.868661150739189E-002  1.225352493741047E+000
   1024   1033 -4.752129837122285E-002 -4.506770045632921E-002  3.872343444402679E-002  1.226354496804671E+000
   1024   1034 -4.861294110382094E-002 -4.615934318892731E-002  3.981507717662489E-002  1.256059606239378E+000
   1024   1035 -4.862305477831275E-002 -4.616945686341911E-002  3.982519085111669E-002  1.256334813318209E+000
   1024   1036 -4.868408589783924E-002 -4.623048798294560E-002  3.988622197064318E-002  1.257995554539050E+000
   1024   1037 -4.888061323230744E-002 -4.642701531741381E-002  4.008274930511138E-002  1.263343335276247E+000
   1024   1038 -4.910475931525235E-002 -4.665116140035871E-002  4.030689538805629E-002  1.269442660379976E+000
   1024   1039 -4.912720308330953E-002 -4.667360516841590E-002  4.032933915611348E-002  1.270053386367845E+000
   1024   1040 -4.937043864052074E-002 -4.691684072562710E-002  4.057257471332468E-002  1.276672162483520E+000
   1024   1041 -4.945665812232194E-002 -4.700306020742831E-002  4.065879419512589E-002  1.279018313899023E+000
   1024   1042 -4.960110191868303E-002 -4.714750400378939E-002  4.080323799148697E-002  1.282948829488000E+000
   1024   1043 -5.086462693086544E-002 -4.841102901597180E-002  4.206676300366938E-002  1.317331093611207E+000
   1024   1044 -5.102366103272454E-002 -4.857006311783091E-002  4.222579710552848E-002  1.321658631603725E+000
   1024   1045 -5.106738590714713E-002 -4.861378799225349E-002  4.226952197995107E-002  1.322848445945868E+000
   1024   1046 -5.118594064119705E-002 -4.873234272630342E-002  4.238807671400099E-002  1.326074484322521E+000
   1024   1047 -5.120124940120413E-002 -4.874765148631049E-002  4.240338547400807E-002  1.326491056867494E+000
   1024   1048 -5.132311211348964E-002 -4.886951419859600E-002  4.252524818629358E-002  1.329807109909716E+000
   1024   1049 -5.184039729827514E-002 -4.938679938338150E-002  4.304253337107908E-002  1.343883155638005E+000
   1024   1050 -5.202372355724025E-002 -4.957012564234661E-002  4.322585963004419E-002  1.348871716842323E+000
   1024   1051 -5.220503519825903E-002 -4.975143728336540E-002  4.340717127106297E-002  1.353805457504371E+000
   1024   1052 -5.593476518912505E-002 -5.348116727423141E-002  4.713690126192899E-002  1.455296571979981E+000
   1024   1053 -5.612468650111363E-002 -5.367108858621999E-002  4.732682257391757E-002  1.460464593703697E+000
   1024   1054 -5.619724121186986E-002 -5.374364329697623E-002  4.739937728467380E-002  1.462438907788936E+000
   1024   1055 -6.071284330042026E-002 -5.825924538552663E-002  5.191497937322420E-002  1.585314689579499E+000
   1024   1056 -6.096345227067795E-002 -5.850985435578432E-002  5.216558834348189E-002  1.592134106467940E+000
   1024   1057 -6.100108712056196E-002 -5.854748920566832E-002  5.220322319336590E-002  1.593158202814647E+000
   1024   1058 -6.128048251264656E-002 -5.882688459775293E-002  5.248261858545050E-002  1.600760938077377E+000
   1024   1059 -6.136481594935655E-002 -5.891121803446292E-002  5.256695202216050E-002  1.603055767595925E+000
   1024   1060 -6.141675454323514E-002 -5.896315662834151E-002  5.261889061603908E-002  1.604469088611104E+000
   1024   1061 -6.165716986256642E-002 -5.920357194767278E-002  5.285930593537036E-002  1.611011122151252E+000
   1024   1062 -6.199184401766855E-002 -5.953824610277492E-002  5.319398009047249E-002  1.620118069053757E+000
   1024   1063 -6.215679453942524E-002 -5.970319662453161E-002  5.335893061222918E-002  1.624606601019186E+000
   1024   1064 -6.395700115218211E-002 -6.150340323728848E-002  5.515913722498605E-002  1.673592714186223E+000
   1024   1065 -6.412235041296283E-002 -6.166875249806919E-002  5.532448648576677E-002  1.678092096392295E+000
   1024   1066 -6.412973823414991E-002 -6.167614031925628E-002  5.533187430695385E-002  1.678293129230505E+000
   1024   1067 -6.663074604787667E-002 -6.417714813298303E-002  5.783288212068061E-002  1.746349012886684E+000
   1024   1068 -6.822501875173281E-002 -6.577142083683918E-002  5.942715482453675E-002  1.789731379408833E+000
   1024   1069 -6.850952890412831E-002 -6.605593098923468E-002  5.971166497693225E-002  1.797473294377734E+000
   1024   1070 -6.852408156653061E-002 -6.607048365163698E-002  5.972621763933456E-002  1.797869292460548E+000
   1024   1071 -6.880261931729093E-002 -6.634902140239729E-002  6.000475539009487E-002  1.805448690115988E+000
   1024   1072 -6.888574080273152E-002 -6.643214288783789E-002  6.008787687553546E-002  1.807710540763326E+000
   1024   1073 -6.895447269551963E-002 -6.650087478062600E-002  6.015660876832357E-002  1.809580830681407E+000
   1024   1074 -6.927489301665096E-002 -6.682129510175733E-002  6.047702908945490E-002  1.818299911036256E+000
   1024   1075 -6.928566455406376E-002 -6.683206663917013E-002  6.048780062686770E-002  1.818593019475558E+000
   1024   1076 -6.945209844886385E-002 -6.699850053397022E-002  6.065423452166779E-002  1.823121916074279E+000
   1024   1077 -7.009785644335065E-002 -6.764425852845701E-002  6.129999251615459E-002  1.840693884742922E+000
   1024   1078 -7.023616687506934E-002 -6.778256896017570E-002  6.143830294787328E-002  1.844457502992262E+000
   1024   1079 -7.028580991296546E-002 -6.783221199807182E-002  6.148794598576940E-002  1.845808358752430E+000
   1024   1080 -7.261586448954116E-002 -7.016226657464752E-002  6.381800056234510E-002  1.909212368250381E+000
   1024   1081 -7.290110991316612E-002 -7.044751199827248E-002  6.410324598597006E-002  1.916974290966948E+000
   1024   1082 -7.301305682649323E-002 -7.055945891159959E-002  6.421519289929717E-002  1.920020521397434E+000
   1024   1083 -7.302734001297306E-002 -7.057374209807943E-002  6.422947608577700E-002  1.920409186667481E+000
   1024   1084 -7.356304976950856E-002 -7.110945185461492E-002  6.476518584231250E-002  1.934986590490116E+000
   1024   1085 -7.368615473419066E-002 -7.123255681929702E-002  6.488829080699460E-002  1.938336446939152E+000
   1024   1086 -7.374633006700565E-002 -7.129273215211201E-002  6.494846613980959E-002  1.939973901019284E+000
   1024   1087 -7.403782635066136E-002 -7.158422843576773E-002  6.523996242346530E-002  1.947905918287603E+000
   1024   1088 -7.409836729546326E-002 -7.164476938056963E-002  6.530050336826720E-002  1.949553321175855E+000
