# Total number of <f|i> elements, Initial States (bandI, bandF), Final States (bandI, bandF) Format : '(5i10)'
        64      1025      1088      1024      1024
# Total-energy difference (Hartree). Format: '(ES24.15E3)'
# With relaxation (for delta function)
 -3.429465810059185E-002
# Electronic only without relaxation (for zeroth-order matrix element)
 -3.184106018569821E-002
# Final Band, Initial Band, Delta Function (Hartree), Zeroth-order (Hartree), First-order (Hartree), Plotting (eV) Format : '(2i10,4ES24.15E3)'
   1024   1025 -4.028566450374854E-002 -3.783206658885491E-002  3.134625827828449E-002  1.029462886166412E+000
   1024   1026 -4.031356399338706E-002 -3.785996607849343E-002  3.137415776792302E-002  1.030222069888464E+000
   1024   1027 -4.070453590937645E-002 -3.825093799448281E-002  3.176512968391240E-002  1.040860956772930E+000
   1024   1028 -4.139152083770475E-002 -3.893792292281112E-002  3.245211461224071E-002  1.059554767363706E+000
   1024   1029 -4.164287179528206E-002 -3.918927388038843E-002  3.270346556981801E-002  1.066394374753921E+000
   1024   1030 -4.277911983488514E-002 -4.032552191999150E-002  3.383971360942109E-002  1.097313256319733E+000
   1024   1031 -4.711923847912755E-002 -4.466564056423392E-002  3.817983225366350E-002  1.215413890746156E+000
   1024   1032 -4.737219943146495E-002 -4.491860151657132E-002  3.843279320600090E-002  1.222297308321800E+000
   1024   1033 -4.741049183778875E-002 -4.495689392289512E-002  3.847108561232471E-002  1.223339297689200E+000
   1024   1034 -4.845604157137545E-002 -4.600244365648182E-002  3.951663534591141E-002  1.251790152834549E+000
   1024   1035 -4.848284013044815E-002 -4.602924221555452E-002  3.954343390498410E-002  1.252519378712371E+000
   1024   1036 -4.852418240843165E-002 -4.607058449353801E-002  3.958477618296760E-002  1.253644359308226E+000
   1024   1037 -4.881705630248825E-002 -4.636345838759462E-002  3.987765007702421E-002  1.261613863261974E+000
   1024   1038 -4.896144954945744E-002 -4.650785163456381E-002  4.002204332399339E-002  1.265543003332044E+000
   1024   1039 -4.896464450696866E-002 -4.651104659207503E-002  4.002523828150462E-002  1.265629942547298E+000
   1024   1040 -4.928840625827086E-002 -4.683480834337722E-002  4.034900003280681E-002  1.274439947841168E+000
   1024   1041 -4.932128976526945E-002 -4.686769185037581E-002  4.038188353980540E-002  1.275334753572770E+000
   1024   1042 -4.966246388753326E-002 -4.720886597263962E-002  4.072305766206921E-002  1.284618573576789E+000
   1024   1043 -5.077256553291096E-002 -4.831896761801732E-002  4.183315930744691E-002  1.314825975572779E+000
   1024   1044 -5.092110391430596E-002 -4.846750599941232E-002  4.198169768884191E-002  1.318867910486862E+000
   1024   1045 -5.095025382321014E-002 -4.849665590831650E-002  4.201084759774609E-002  1.319661119847537E+000
   1024   1046 -5.103601396092644E-002 -4.858241604603281E-002  4.209660773546239E-002  1.321994771874822E+000
   1024   1047 -5.104913413869325E-002 -4.859553622379961E-002  4.210972791322920E-002  1.322351790068346E+000
   1024   1048 -5.135605739986496E-002 -4.890245948497132E-002  4.241665117440091E-002  1.330703596743652E+000
   1024   1049 -5.178937873939576E-002 -4.933578082450213E-002  4.284997251393172E-002  1.342494870048355E+000
   1024   1050 -5.188566824220364E-002 -4.943207032731001E-002  4.294626201673959E-002  1.345115040670948E+000
   1024   1051 -5.250622929290966E-002 -5.005263137801602E-002  4.356682306744561E-002  1.362001365630275E+000
   1024   1052 -5.580188842580958E-002 -5.334829051091594E-002  4.686248220034553E-002  1.451680811367329E+000
   1024   1053 -5.598927024849593E-002 -5.353567233360229E-002  4.704986402303188E-002  1.456779730072834E+000
   1024   1054 -5.622716006969564E-002 -5.377356215480200E-002  4.728775384423159E-002  1.463253041313886E+000
   1024   1055 -6.060371755443916E-002 -5.815011963954553E-002  5.166431132897512E-002  1.582345227016598E+000
   1024   1056 -6.080229628960054E-002 -5.834869837470691E-002  5.186289006413650E-002  1.587748829205508E+000
   1024   1057 -6.087053655016444E-002 -5.841693863527081E-002  5.193113032470040E-002  1.589605741130419E+000
   1024   1058 -6.111668666166103E-002 -5.866308874676740E-002  5.217728043619699E-002  1.596303826301534E+000
   1024   1059 -6.121168560579615E-002 -5.875808769090252E-002  5.227227938033210E-002  1.598888879036689E+000
   1024   1060 -6.135722912823327E-002 -5.890363121333964E-002  5.241782290276922E-002  1.602849319694062E+000
   1024   1061 -6.161637386075375E-002 -5.916277594586011E-002  5.267696763528970E-002  1.609901006485974E+000
   1024   1062 -6.185451869751374E-002 -5.940092078262010E-002  5.291511247204969E-002  1.616381257053327E+000
   1024   1063 -6.215621112985847E-002 -5.970261321496484E-002  5.321680490439443E-002  1.624590725637517E+000
   1024   1064 -6.381966728035243E-002 -6.136606936545880E-002  5.488026105488839E-002  1.669855669482886E+000
   1024   1065 -6.398665767284883E-002 -6.153305975795520E-002  5.504725144738479E-002  1.674399709154038E+000
   1024   1066 -6.410143044082667E-002 -6.164783252593303E-002  5.516202421536262E-002  1.677522835000157E+000
   1024   1067 -6.648742178283573E-002 -6.403382386794210E-002  5.754801555737168E-002  1.742448961294202E+000
   1024   1068 -6.812099446260445E-002 -6.566739654771081E-002  5.918158823714040E-002  1.786900734546598E+000
   1024   1069 -6.835263801610714E-002 -6.589904010121350E-002  5.941323179064309E-002  1.793204076199654E+000
   1024   1070 -6.839537033327753E-002 -6.594177241838389E-002  5.945596410781348E-002  1.794366881685405E+000
   1024   1071 -6.864010410225574E-002 -6.618650618736210E-002  5.970069787679169E-002  1.801026426216575E+000
   1024   1072 -6.872997742979986E-002 -6.627637951490623E-002  5.979057120433581E-002  1.803472003831154E+000
   1024   1073 -6.889328114288273E-002 -6.643968322798910E-002  5.995387491741869E-002  1.807915723853615E+000
   1024   1074 -6.914728683452276E-002 -6.669368891962912E-002  6.020788060905871E-002  1.814827570231457E+000
   1024   1075 -6.916746502522403E-002 -6.671386711033039E-002  6.022805879975998E-002  1.815376646724229E+000
   1024   1076 -6.939843395754464E-002 -6.694483604265100E-002  6.045902773208059E-002  1.821661631001340E+000
   1024   1077 -6.996809541583043E-002 -6.751449750093680E-002  6.102868919036639E-002  1.837162907613002E+000
   1024   1078 -7.012375877878074E-002 -6.767016086388711E-002  6.118435255331670E-002  1.841398723135181E+000
   1024   1079 -7.014074794021247E-002 -6.768715002531883E-002  6.120134171474842E-002  1.841861021728360E+000
   1024   1080 -7.248177283775037E-002 -7.002817492285673E-002  6.354236661228632E-002  1.905563548841080E+000
   1024   1081 -7.276219651843924E-002 -7.030859860354560E-002  6.382279029297519E-002  1.913194265259739E+000
   1024   1082 -7.286298420144227E-002 -7.040938628654864E-002  6.392357797597822E-002  1.915936837590295E+000
   1024   1083 -7.287859783086914E-002 -7.042499991597551E-002  6.393919160540509E-002  1.916361706054077E+000
   1024   1084 -7.347173674626473E-002 -7.101813883137109E-002  6.453233052080068E-002  1.932501836763211E+000
   1024   1085 -7.355103642181587E-002 -7.109743850692224E-002  6.461163019635183E-002  1.934659690674606E+000
   1024   1086 -7.361189968638954E-002 -7.115830177149590E-002  6.467249346092549E-002  1.936315864329893E+000
   1024   1087 -7.393842253279115E-002 -7.148482461789751E-002  6.499901630732710E-002  1.945201002842387E+000
   1024   1088 -7.395653015929327E-002 -7.150293224439963E-002  6.501712393382922E-002  1.945693736417930E+000
