# Total number of <f|i> elements, Initial States (bandI, bandF), Final States (bandI, bandF) Format : '(5i10)'
        64      1025      1088      1024      1024
# Total-energy difference (Hartree). Format: '(ES24.15E3)'
# With relaxation (for delta function)
 -3.429465810059185E-002
# Electronic only without relaxation (for zeroth-order matrix element)
 -3.184106018569821E-002
# Final Band, Initial Band, Delta Function (Hartree), Zeroth-order (Hartree), First-order (Hartree), Plotting (eV) Format : '(2i10,4ES24.15E3)'
   1024   1025 -3.942906693658474E-002 -3.697546902169110E-002  3.063120300938868E-002  1.006153680952775E+000
   1024   1026 -3.957738161875943E-002 -3.712378370386579E-002  3.077951769156337E-002  1.010189528701505E+000
   1024   1027 -4.022341274252103E-002 -3.776981482762740E-002  3.142554881532497E-002  1.027768929595689E+000
   1024   1028 -4.043298935487333E-002 -3.797939143997969E-002  3.163512542767727E-002  1.033471799242486E+000
   1024   1029 -4.044990762838674E-002 -3.799630971349310E-002  3.165204370119068E-002  1.033932168877308E+000
   1024   1030 -4.428782215846014E-002 -4.183422424356650E-002  3.548995823126408E-002  1.138367134377006E+000
   1024   1031 -4.457710350196195E-002 -4.212350558706832E-002  3.577923957476589E-002  1.146238880058571E+000
   1024   1032 -4.514358288315323E-002 -4.268998496825960E-002  3.634571895595717E-002  1.161653567948942E+000
   1024   1033 -4.519826812898933E-002 -4.274467021409570E-002  3.640040420179327E-002  1.163141629164866E+000
   1024   1034 -4.639826023935473E-002 -4.394466232446109E-002  3.760039631215867E-002  1.195795075108991E+000
   1024   1035 -4.780930287331903E-002 -4.535570495842539E-002  3.901143894612297E-002  1.234191497864619E+000
   1024   1036 -4.862797735374755E-002 -4.617437943885391E-002  3.983011342655149E-002  1.256468763407945E+000
   1024   1037 -5.066577429782093E-002 -4.821217638292730E-002  4.186791037062487E-002  1.311920038281861E+000
   1024   1038 -5.075717567528115E-002 -4.830357776038752E-002  4.195931174808509E-002  1.314407196249264E+000
   1024   1039 -5.150756020306613E-002 -4.905396228817249E-002  4.270969627587007E-002  1.334826197677426E+000
   1024   1040 -5.159415650690174E-002 -4.914055859200811E-002  4.279629257970569E-002  1.337182602941954E+000
   1024   1041 -5.531662448186542E-002 -5.286302656697178E-002  4.651876055466936E-002  1.438476107915247E+000
   1024   1042 -5.539513774304516E-002 -5.294153982815153E-002  4.659727381584911E-002  1.440612562403310E+000
   1024   1043 -5.552330952852802E-002 -5.306971161363438E-002  4.672544560133196E-002  1.444100294058105E+000
   1024   1044 -5.614542750134094E-002 -5.369182958644730E-002  4.734756357414488E-002  1.461028985022523E+000
   1024   1045 -5.621993135928005E-002 -5.376633344438642E-002  4.742206743208399E-002  1.463056338099955E+000
   1024   1046 -5.633949121680426E-002 -5.388589330191063E-002  4.754162728960820E-002  1.466309727277293E+000
   1024   1047 -5.655134979713872E-002 -5.409775188224508E-002  4.775348586994266E-002  1.472074692430808E+000
   1024   1048 -5.677237982080813E-002 -5.431878190591449E-002  4.797451589361207E-002  1.478089225249462E+000
   1024   1049 -5.702157708260636E-002 -5.456797916771272E-002  4.822371315541030E-002  1.484870227597114E+000
   1024   1050 -5.703597470510585E-002 -5.458237679021222E-002  4.823811077790979E-002  1.485262006829619E+000
   1024   1051 -5.716094415213197E-002 -5.470734623723833E-002  4.836308022493591E-002  1.488662598423419E+000
   1024   1052 -5.730046137215222E-002 -5.484686345725859E-002  4.850259744495616E-002  1.492459055052470E+000
   1024   1053 -5.742197785818143E-002 -5.496837994328779E-002  4.862411393098537E-002  1.495765686799129E+000
   1024   1054 -5.747549808737823E-002 -5.502190017248459E-002  4.867763416018217E-002  1.497222046300078E+000
   1024   1055 -5.853527673625636E-002 -5.608167882136272E-002  4.973741280906030E-002  1.526060089921333E+000
   1024   1056 -6.034139797983723E-002 -5.788780006494360E-002  5.154353405264117E-002  1.575207148378113E+000
   1024   1057 -6.035991328899404E-002 -5.790631537410040E-002  5.156204936179798E-002  1.575710975562866E+000
   1024   1058 -6.071239257940891E-002 -5.825879466451528E-002  5.191452865221285E-002  1.585302424837045E+000
   1024   1059 -6.091127654055495E-002 -5.845767862566131E-002  5.211341261335889E-002  1.590714332647387E+000
   1024   1060 -6.114173173260506E-002 -5.868813381771143E-002  5.234386780540901E-002  1.596985337340793E+000
   1024   1061 -6.125016350593526E-002 -5.879656559104163E-002  5.245229957873920E-002  1.599935915947502E+000
   1024   1062 -6.242648353642583E-002 -5.997288562153219E-002  5.362861960922977E-002  1.631945211839387E+000
   1024   1063 -6.262769823027942E-002 -6.017410031538578E-002  5.382983430308336E-002  1.637420542112110E+000
   1024   1064 -6.430064979258016E-002 -6.184705187768652E-002  5.550278586538410E-002  1.682943869253062E+000
   1024   1065 -6.473886321038946E-002 -6.228526529549583E-002  5.594099928319340E-002  1.694868262777673E+000
   1024   1066 -6.614605512272115E-002 -6.369245720782751E-002  5.734819119552509E-002  1.733159902068818E+000
   1024   1067 -6.615454388665865E-002 -6.370094597176501E-002  5.735667995946259E-002  1.733390893082818E+000
   1024   1068 -6.688665763986573E-002 -6.443305972497210E-002  5.808879371266967E-002  1.753312721450522E+000
   1024   1069 -6.708801333708353E-002 -6.463441542218989E-002  5.829014940988747E-002  1.758791888619913E+000
   1024   1070 -6.710769623598695E-002 -6.465409832109331E-002  5.830983230879089E-002  1.759327487537452E+000
   1024   1071 -6.720654921977692E-002 -6.475295130488329E-002  5.840868529258086E-002  1.762017414025067E+000
   1024   1072 -6.836086684165482E-002 -6.590726892676119E-002  5.956300291445876E-002  1.793427993930349E+000
   1024   1073 -6.842947161055146E-002 -6.597587369565783E-002  5.963160768335540E-002  1.795294824631422E+000
   1024   1074 -6.845767456378055E-002 -6.600407664888691E-002  5.965981063658449E-002  1.796062266017724E+000
   1024   1075 -6.853688030679211E-002 -6.608328239189848E-002  5.973901637959605E-002  1.798217563894728E+000
   1024   1076 -6.865943318385226E-002 -6.620583526895862E-002  5.986156925665620E-002  1.801552397275559E+000
   1024   1077 -6.885212421228526E-002 -6.639852629739162E-002  6.005426028508920E-002  1.806795786816628E+000
   1024   1078 -6.897615504524446E-002 -6.652255713035082E-002  6.017829111804840E-002  1.810170837422756E+000
   1024   1079 -6.924039196127235E-002 -6.678679404637872E-002  6.044252803407629E-002  1.817361089574774E+000
   1024   1080 -6.931697345338717E-002 -6.686337553849353E-002  6.051910952619111E-002  1.819444977953282E+000
   1024   1081 -6.994009404352935E-002 -6.748649612863572E-002  6.114223011633330E-002  1.836400951522710E+000
   1024   1082 -7.012208813299675E-002 -6.766849021810312E-002  6.132422420580069E-002  1.841353262551459E+000
   1024   1083 -7.028951771276831E-002 -6.783591979787468E-002  6.149165378557225E-002  1.845909253116141E+000
   1024   1084 -7.029783281891194E-002 -6.784423490401831E-002  6.149996889171588E-002  1.846135518661252E+000
   1024   1085 -7.158194208103125E-002 -6.912834416613761E-002  6.278407815383519E-002  1.881077908710962E+000
   1024   1086 -7.186393391051693E-002 -6.941033599562330E-002  6.306606998332087E-002  1.888751296628481E+000
   1024   1087 -7.223087828426994E-002 -6.977728036937630E-002  6.343301435707388E-002  1.898736360837941E+000
   1024   1088 -7.228402960141683E-002 -6.983043168652320E-002  6.348616567422077E-002  1.900182681731490E+000
