# Total number of <f|i> elements, Initial States (bandI, bandF), Final States (bandI, bandF) Format : '(5i10)'
        64      1025      1088      1024      1024
# Total-energy difference (Hartree). Format: '(ES24.15E3)'
# With relaxation (for delta function)
 -3.429465810059185E-002
# Electronic only without relaxation (for zeroth-order matrix element)
 -3.184106018569821E-002
# Final Band, Initial Band, Delta Function (Hartree), Zeroth-order (Hartree), First-order (Hartree), Plotting (eV) Format : '(2i10,4ES24.15E3)'
   1024   1025 -3.942940437012715E-002 -3.697580645523352E-002  3.048999814466311E-002  1.006162862986425E+000
   1024   1026 -3.979227673969296E-002 -3.733867882479933E-002  3.085287051422891E-002  1.016037122326868E+000
   1024   1027 -4.012094649246195E-002 -3.766734857756832E-002  3.118154026699790E-002  1.024980681132637E+000
   1024   1028 -4.028188318050366E-002 -3.782828526561002E-002  3.134247695503961E-002  1.029359991128096E+000
   1024   1029 -4.119913537113304E-002 -3.874553745623940E-002  3.225972914566899E-002  1.054319692583738E+000
   1024   1030 -4.432290684499504E-002 -4.186930893010141E-002  3.538350061953099E-002  1.139321837249915E+000
   1024   1031 -4.445552277553255E-002 -4.200192486063892E-002  3.551611655006850E-002  1.142930500241722E+000
   1024   1032 -4.499677052825274E-002 -4.254317261335910E-002  3.605736430278869E-002  1.157658600604354E+000
   1024   1033 -4.549173036959456E-002 -4.303813245470092E-002  3.655232414413051E-002  1.171127142842391E+000
   1024   1034 -4.636531886863784E-002 -4.391172095374421E-002  3.742591264317380E-002  1.194898694825539E+000
   1024   1035 -4.764403254622745E-002 -4.519043463133382E-002  3.870462632076341E-002  1.229694263553462E+000
   1024   1036 -4.867882698176126E-002 -4.622522906686763E-002  3.973942075629722E-002  1.257852452154965E+000
   1024   1037 -5.054601082695995E-002 -4.809241291206631E-002  4.160660460149590E-002  1.308661108503857E+000
   1024   1038 -5.060801159065506E-002 -4.815441367576143E-002  4.166860536519101E-002  1.310348235084378E+000
   1024   1039 -5.144792873108855E-002 -4.899433081619492E-002  4.250852250562451E-002  1.333203542803307E+000
   1024   1040 -5.154383400431276E-002 -4.909023608941912E-002  4.260442777884871E-002  1.335813258007209E+000
   1024   1041 -5.515591573885775E-002 -5.270231782396412E-002  4.621650951339371E-002  1.434103000619608E+000
   1024   1042 -5.523010915972226E-002 -5.277651124482863E-002  4.629070293425822E-002  1.436121906274638E+000
   1024   1043 -5.538410772408237E-002 -5.293050980918873E-002  4.644470149861832E-002  1.440312420323330E+000
   1024   1044 -5.606734487182524E-002 -5.361374695693161E-002  4.712793864636119E-002  1.458904248617973E+000
   1024   1045 -5.611069934610657E-002 -5.365710143121294E-002  4.717129312064253E-002  1.460083983859691E+000
   1024   1046 -5.618354580775525E-002 -5.372994789286162E-002  4.724413958229121E-002  1.462066236890456E+000
   1024   1047 -5.652128475537765E-002 -5.406768684048402E-002  4.758187852991361E-002  1.471256581038681E+000
   1024   1048 -5.667957012931923E-002 -5.422597221442560E-002  4.774016390385519E-002  1.475563745108429E+000
   1024   1049 -5.686990772265993E-002 -5.441630980776629E-002  4.793050149719588E-002  1.480743094423811E+000
   1024   1050 -5.690660110952817E-002 -5.445300319463453E-002  4.796719488406412E-002  1.481741572259006E+000
   1024   1051 -5.704529850660395E-002 -5.459170059171031E-002  4.810589228113990E-002  1.485515720371218E+000
   1024   1052 -5.715272199431476E-002 -5.469912407942112E-002  4.821331576885071E-002  1.488438862130897E+000
   1024   1053 -5.728596307342465E-002 -5.483236515853102E-002  4.834655684796060E-002  1.492064536280477E+000
   1024   1054 -5.754822078650185E-002 -5.509462287160821E-002  4.860881456103780E-002  1.499200931581266E+000
   1024   1055 -5.852451147109977E-002 -5.607091355620614E-002  4.958510524563572E-002  1.525767152158803E+000
   1024   1056 -6.019920232209552E-002 -5.774560440720189E-002  5.125979609663148E-002  1.571337807752078E+000
   1024   1057 -6.021110828312326E-002 -5.775751036822963E-002  5.127170205765921E-002  1.571661785427826E+000
   1024   1058 -6.065009117306347E-002 -5.819649325816983E-002  5.171068494759942E-002  1.583607117353961E+000
   1024   1059 -6.077186595962603E-002 -5.831826804473239E-002  5.183245973416198E-002  1.586920777815585E+000
   1024   1060 -6.112472698508703E-002 -5.867112907019340E-002  5.218532075962298E-002  1.596522614628637E+000
   1024   1061 -6.113965979858904E-002 -5.868606188369541E-002  5.220025357312499E-002  1.596928957148950E+000
   1024   1062 -6.235292305475426E-002 -5.989932513986063E-002  5.341351682929021E-002  1.629943529335696E+000
   1024   1063 -6.248286368479455E-002 -6.002926576990092E-002  5.354345745933051E-002  1.633479393698732E+000
   1024   1064 -6.418574569262836E-002 -6.173214777773472E-002  5.524633946716431E-002  1.679817169682186E+000
   1024   1065 -6.466579669970784E-002 -6.221219878481421E-002  5.572639047424380E-002  1.692880021908205E+000
   1024   1066 -6.599769820232243E-002 -6.354410028742880E-002  5.705829197685838E-002  1.729122904959561E+000
   1024   1067 -6.603431719484998E-002 -6.358071927995634E-002  5.709491096938593E-002  1.730119358421795E+000
   1024   1068 -6.680411219009785E-002 -6.435051427520422E-002  5.786470596463381E-002  1.751066545530992E+000
   1024   1069 -6.693523383886685E-002 -6.448163592397321E-002  5.799582761340280E-002  1.754634547048001E+000
   1024   1070 -6.701913236893403E-002 -6.456553445404040E-002  5.807972614346998E-002  1.756917542154949E+000
   1024   1071 -6.705800475406837E-002 -6.460440683917473E-002  5.811859852860432E-002  1.757975313548393E+000
   1024   1072 -6.825285777452306E-002 -6.579925985962942E-002  5.931345154905901E-002  1.790488917744266E+000
   1024   1073 -6.830184583362403E-002 -6.584824791873040E-002  5.936243960815998E-002  1.791821950625019E+000
   1024   1074 -6.830254222929494E-002 -6.584894431440130E-002  5.936313600383089E-002  1.791840900514938E+000
   1024   1075 -6.838403025899348E-002 -6.593043234409984E-002  5.944462403352943E-002  1.794058302571060E+000
   1024   1076 -6.852584649327847E-002 -6.607224857838484E-002  5.958644026781443E-002  1.797917318559769E+000
   1024   1077 -6.869463423943784E-002 -6.624103632454420E-002  5.975522801397379E-002  1.802510266711376E+000
   1024   1078 -6.883953817245603E-002 -6.638594025756239E-002  5.990013194699198E-002  1.806453303255557E+000
   1024   1079 -6.910166545146756E-002 -6.664806753657393E-002  6.016225922600352E-002  1.813586149264918E+000
   1024   1080 -6.921983650590946E-002 -6.676623859101583E-002  6.028043028044541E-002  1.816801747188477E+000
   1024   1081 -6.983380120163174E-002 -6.738020328673811E-002  6.089439497616769E-002  1.833508576200264E+000
   1024   1082 -6.997555614978013E-002 -6.752195823488649E-002  6.103614992431608E-002  1.837365924508384E+000
   1024   1083 -7.016790918768223E-002 -6.771431127278860E-002  6.122850296221818E-002  1.842600116859376E+000
   1024   1084 -7.030623662171287E-002 -6.785263870681923E-002  6.136683039624882E-002  1.846364197765152E+000
   1024   1085 -7.144321356600297E-002 -6.898961565110934E-002  6.250380734053892E-002  1.877302913836200E+000
   1024   1086 -7.171031746522383E-002 -6.925671955033019E-002  6.277091123975978E-002  1.884571180568401E+000
   1024   1087 -7.208313758153817E-002 -6.962953966664454E-002  6.314373135607412E-002  1.894716131864161E+000
   1024   1088 -7.226812107622504E-002 -6.981452316133141E-002  6.332871485076100E-002  1.899749788745850E+000
