# Total number of <f|i> elements, Initial States (bandI, bandF), Final States (bandI, bandF) Format : '(5i10)'
        64      1025      1088      1024      1024
# Total-energy difference (Hartree). Format: '(ES24.15E3)'
# With relaxation (for delta function)
 -3.429465810059185E-002
# Electronic only without relaxation (for zeroth-order matrix element)
 -3.184106018569821E-002
# Final Band, Initial Band, Delta Function (Hartree), Zeroth-order (Hartree), First-order (Hartree), Plotting (eV) Format : '(2i10,4ES24.15E3)'
   1024   1025 -4.026899588018665E-002 -3.781539796529301E-002  3.132958965472260E-002  1.029009309852251E+000
   1024   1026 -4.026929440922344E-002 -3.781569649432981E-002  3.132988818375940E-002  1.029017433240465E+000
   1024   1027 -4.046049951240996E-002 -3.800690159751632E-002  3.152109328694591E-002  1.034220388699264E+000
   1024   1028 -4.161466658653215E-002 -3.916106867163852E-002  3.267526036106810E-002  1.065626871991776E+000
   1024   1029 -4.161555852726234E-002 -3.916196061236871E-002  3.267615230179829E-002  1.065651142933365E+000
   1024   1030 -4.212350851102034E-002 -3.966991059612671E-002  3.318410228555629E-002  1.079473164923085E+000
   1024   1031 -4.727386585905335E-002 -4.482026794415972E-002  3.833445963358931E-002  1.219621515736583E+000
   1024   1032 -4.735269902952355E-002 -4.489910111462991E-002  3.841329280405950E-002  1.221766675399149E+000
   1024   1033 -4.735352535202875E-002 -4.489992743713511E-002  3.841411912656470E-002  1.221789160778030E+000
   1024   1034 -4.845535116102076E-002 -4.600175324612713E-002  3.951594493555671E-002  1.251771365813366E+000
   1024   1035 -4.845644255887094E-002 -4.600284464397730E-002  3.951703633340689E-002  1.251801064259211E+000
   1024   1036 -4.850350560830016E-002 -4.604990769340653E-002  3.956409938283612E-002  1.253081714962852E+000
   1024   1037 -4.867155943697854E-002 -4.621796152208490E-002  3.973215321151449E-002  1.257654692204162E+000
   1024   1038 -4.892670314339526E-002 -4.647310522850162E-002  3.998729691793121E-002  1.264597505538931E+000
   1024   1039 -4.892712896757706E-002 -4.647353105268343E-002  3.998772274211301E-002  1.264609092804199E+000
   1024   1040 -4.940402423146265E-002 -4.695042631656901E-002  4.046461800599860E-002  1.277586072890805E+000
   1024   1041 -4.940461193355805E-002 -4.695101401866442E-002  4.046520570809400E-002  1.277602065078119E+000
   1024   1042 -4.960165000413766E-002 -4.714805208924402E-002  4.066224377867361E-002  1.282963743651694E+000
   1024   1043 -5.068067935184156E-002 -4.822708143694793E-002  4.174127312637751E-002  1.312325625428270E+000
   1024   1044 -5.078849408538386E-002 -4.833489617049022E-002  4.184908785991981E-002  1.315259413528453E+000
   1024   1045 -5.078890747155204E-002 -4.833530955665841E-002  4.184950124608799E-002  1.315270662338158E+000
   1024   1046 -5.102096302079215E-002 -4.856736510589851E-002  4.208155679532810E-002  1.321585214965374E+000
   1024   1047 -5.102604429152924E-002 -4.857244637663560E-002  4.208663806606519E-002  1.321723483373898E+000
   1024   1048 -5.102659368318904E-002 -4.857299576829541E-002  4.208718745772499E-002  1.321738433081242E+000
   1024   1049 -5.201866352327136E-002 -4.956506560837773E-002  4.307925729780732E-002  1.348734026315651E+000
   1024   1050 -5.201976940407446E-002 -4.956617148918083E-002  4.308036317861041E-002  1.348764118862687E+000
   1024   1051 -5.290529830260265E-002 -5.045170038770902E-002  4.396589207713861E-002  1.372860585639661E+000
   1024   1052 -5.598880623517533E-002 -5.353520832028169E-002  4.704940000971128E-002  1.456767103628251E+000
   1024   1053 -5.598969036535834E-002 -5.353609245046470E-002  4.705028413989429E-002  1.456791162034043E+000
   1024   1054 -5.617850985956896E-002 -5.372491194467532E-002  4.723910363410491E-002  1.461929201771259E+000
   1024   1055 -6.088045505618034E-002 -5.842685714128670E-002  5.194104883071629E-002  1.589875637404935E+000
   1024   1056 -6.088057541643943E-002 -5.842697750154580E-002  5.194116919097538E-002  1.589878912574146E+000
   1024   1057 -6.092606983494103E-002 -5.847247192004740E-002  5.198666360947699E-002  1.591116878659481E+000
   1024   1058 -6.110152508060163E-002 -5.864792716570799E-002  5.216211885513758E-002  1.595891258699402E+000
   1024   1059 -6.110187161755937E-002 -5.864827370266573E-002  5.216246539209532E-002  1.595900688449581E+000
   1024   1060 -6.120050863051124E-002 -5.874691071561761E-002  5.226110240504719E-002  1.598584738071818E+000
   1024   1061 -6.205209797141237E-002 -5.959850005651873E-002  5.311269174594832E-002  1.621757662518163E+000
   1024   1062 -6.205384414285947E-002 -5.960024622796584E-002  5.311443791739542E-002  1.621805178259695E+000
   1024   1063 -6.205473377596454E-002 -5.960113586107091E-002  5.311532755050050E-002  1.621829386407612E+000
   1024   1064 -6.389815276903638E-002 -6.144455485414274E-002  5.495874654357233E-002  1.671991368242904E+000
   1024   1065 -6.389837777705937E-002 -6.144477986216573E-002  5.495897155159532E-002  1.671997491022590E+000
   1024   1066 -6.399282130928374E-002 -6.153922339439011E-002  5.505341508381970E-002  1.674567430231041E+000
   1024   1067 -6.673672356621313E-002 -6.428312565131949E-002  5.779731734074908E-002  1.749232807818667E+000
   1024   1068 -6.814292171699088E-002 -6.568932380209724E-002  5.920351549152683E-002  1.787497405482703E+000
   1024   1069 -6.828652968974896E-002 -6.583293177485533E-002  5.934712346428492E-002  1.791405177154779E+000
   1024   1070 -6.828835999350413E-002 -6.583476207861050E-002  5.934895376804009E-002  1.791454982252842E+000
   1024   1071 -6.864270295803038E-002 -6.618910504313674E-002  5.970329673256633E-002  1.801097144678656E+000
   1024   1072 -6.864338076243803E-002 -6.618978284754440E-002  5.970397453697399E-002  1.801115588674574E+000
   1024   1073 -6.871520492940597E-002 -6.626160701451234E-002  5.977579870394192E-002  1.803070023652364E+000
   1024   1074 -6.933561069469796E-002 -6.688201277980432E-002  6.039620446923391E-002  1.819952123080681E+000
   1024   1075 -6.933599978269545E-002 -6.688240186780181E-002  6.039659355723140E-002  1.819962710703536E+000
   1024   1076 -6.937416374650057E-002 -6.692056583160694E-002  6.043475752103653E-002  1.821001204972256E+000
   1024   1077 -6.995625996605548E-002 -6.750266205116184E-002  6.101685374059143E-002  1.836840848646020E+000
   1024   1078 -7.004270123239914E-002 -6.758910331750551E-002  6.110329500693509E-002  1.839193035125842E+000
   1024   1079 -7.004340398479036E-002 -6.758980606989673E-002  6.110399775932632E-002  1.839212157990918E+000
   1024   1080 -7.257978188718678E-002 -7.012618397229314E-002  6.364037566172273E-002  1.908230510707048E+000
   1024   1081 -7.275776997472344E-002 -7.030417205982981E-002  6.381836374925939E-002  1.913073812879516E+000
   1024   1082 -7.275787498142294E-002 -7.030427706652931E-002  6.381846875595890E-002  1.913076670257124E+000
   1024   1083 -7.291595827251596E-002 -7.046236035762232E-002  6.397655204705191E-002  1.917378335372908E+000
   1024   1084 -7.346181059875917E-002 -7.100821268386553E-002  6.452240437329512E-002  1.932231732553186E+000
   1024   1085 -7.346195462084903E-002 -7.100835670595540E-002  6.452254839538499E-002  1.932235651593557E+000
   1024   1086 -7.372280131652076E-002 -7.126920340162712E-002  6.478339509105671E-002  1.939333651158093E+000
   1024   1087 -7.383153772524514E-002 -7.137793981035151E-002  6.489213149978110E-002  1.942292519315451E+000
   1024   1088 -7.383237309820995E-002 -7.137877518331631E-002  6.489296687274590E-002  1.942315250969862E+000
