# Norm of generalized displacement vectors after scaling Cartesian displacement Format: '(1i7, 1ES24.15E3)'
      1  4.153731111422161E+000
      2  4.155343537607045E+000
      3  4.250262412451534E+000
      4  4.227840136157139E+000
      5  4.252150274123439E+000
      6  4.252244666101979E+000
      7  4.275203480314173E+000
      8  4.275028617547932E+000
      9  4.275072078984223E+000
     10  4.247366996053533E+000
     11  4.249254392746336E+000
     12  4.249290649452846E+000
     13  4.044964260030998E+000
     14  4.044503522475902E+000
     15  4.164554052136541E+000
     16  4.236449899921148E+000
     17  4.236262962602377E+000
     18  4.274253368376278E+000
     19  4.274101528823239E+000
     20  4.274143282241184E+000
     21  4.254960916376151E+000
     22  4.275785475721850E+000
     23  4.253958783737024E+000
     24  4.253930245924973E+000
     25  4.055672032089787E+000
     26  4.107628970367426E+000
     27  4.108733507087709E+000
     28  4.266895198611774E+000
     29  4.266928875945514E+000
     30  4.270726474707262E+000
     31  4.271502639939902E+000
     32  4.271507814702336E+000
     33  4.274045113997459E+000
     34  4.274031990936122E+000
     35  4.274648860894350E+000
     36  4.274330753582499E+000
     37  4.274346475264744E+000
     38  4.241601078268070E+000
     39  4.240567263173606E+000
     40  4.240532355547580E+000
     41  3.842155220362466E+000
     42  3.768680427778042E+000
     43  3.772453942890783E+000
     44  4.252135196878772E+000
     45  4.271722995272217E+000
     46  4.271745662410638E+000
     47  4.252594710928604E+000
     48  4.252665335311201E+000
     49  4.163127150370294E+000
     50  4.180217659949899E+000
     51  4.179684513836740E+000
     52  4.272981011220471E+000
     53  4.274795195420538E+000
     54  4.274814208553141E+000
     55  4.268501618557791E+000
     56  4.274845768537177E+000
     57  4.269598941302812E+000
     58  4.259525064215437E+000
     59  4.262728558150460E+000
     60  4.262738721526881E+000
     61  3.919595556874655E+000
     62  3.942509096836638E+000
     63  3.941634874079158E+000
     64  4.263897345994774E+000
     65  4.249949397940693E+000
     66  4.250093315935344E+000
     67  4.272644435352294E+000
     68  4.272685254072904E+000
     69  4.256789791234475E+000
     70  4.256806063598123E+000
     71  4.247560692807986E+000
     72  4.274717941036936E+000
     73  4.274739995148211E+000
     74  4.274785238325372E+000
     75  4.275552824546719E+000
     76  4.275411294415566E+000
     77  4.275420880131012E+000
     78  4.275536172313671E+000
     79  4.274305641182028E+000
     80  4.274338817778875E+000
     81  4.275820136758309E+000
     82  4.275824944261674E+000
     83  4.224107917117401E+000
     84  4.224351523666611E+000
     85  4.230731138270820E+000
     86  4.211121476512087E+000
     87  4.210508525338874E+000
     88  4.164536926466453E+000
     89  4.267492197600574E+000
     90  4.216017393666605E+000
     91  4.216072962214066E+000
     92  4.244399485289344E+000
     93  4.246069982952402E+000
     94  4.263634818565132E+000
     95  4.263723651941747E+000
     96  4.273575606664386E+000
     97  4.273551596968228E+000
     98  4.263725192749681E+000
     99  4.269234323156171E+000
    100  4.269215022736454E+000
    101  4.274519589611819E+000
    102  4.274451803960523E+000
    103  4.274469886293434E+000
    104  4.261151654515866E+000
    105  4.271372642924289E+000
    106  4.264085556140594E+000
    107  4.275755504859993E+000
    108  4.275576369871109E+000
    109  4.275796699228061E+000
    110  4.275671421577991E+000
    111  4.275679429482340E+000
    112  4.275816742198314E+000
    113  4.243369271993648E+000
    114  4.243341043855553E+000
    115  4.255154247938032E+000
    116  4.255297695247488E+000
    117  4.253040045361483E+000
    118  4.264551229108717E+000
    119  4.264450282106441E+000
    120  4.256926026230320E+000
    121  4.275136061222054E+000
    122  4.274796029055184E+000
    123  4.274806974856563E+000
    124  4.255761900666402E+000
    125  4.242126628692269E+000
    126  4.242140615543524E+000
    127  4.095697573547757E+000
    128  4.095675862486904E+000
    129  4.219827407883736E+000
    130  4.031369528775311E+000
    131  4.184850741879375E+000
    132  4.186115422604339E+000
    133  4.218389383431333E+000
    134  4.218897403742120E+000
    135  4.272241496138766E+000
    136  4.272308988405658E+000
    137  4.270241726564272E+000
    138  4.271979572448461E+000
    139  4.275529527408514E+000
    140  4.275526324763862E+000
    141  4.275737827862859E+000
    142  4.275563430946189E+000
    143  4.275560793940900E+000
    144  4.275796735430526E+000
    145  4.275680298630800E+000
    146  4.275675877747029E+000
    147  4.275692027856993E+000
    148  4.255464345736160E+000
    149  4.252744429228036E+000
    150  4.248212983513829E+000
    151  4.248117242817393E+000
    152  4.262458003332673E+000
    153  4.262577572938905E+000
    154  4.275106295875188E+000
    155  4.273216680152873E+000
    156  4.273206871434808E+000
    157  4.273710735687589E+000
    158  4.273712112150261E+000
    159  4.274274628550457E+000
    160  4.275825406743337E+000
    161  4.261152122598993E+000
    162  4.261143654317388E+000
    163  4.244555831097740E+000
    164  4.170980474410436E+000
    165  4.147198934710733E+000
    166  4.147140815803330E+000
    167  4.262740969783751E+000
    168  4.262766170111959E+000
    169  4.274194817249705E+000
    170  4.274214897133099E+000
    171  4.268993414166798E+000
    172  4.269002932006155E+000
    173  4.245963484257292E+000
    174  4.273603662481277E+000
    175  4.275109821436433E+000
    176  4.274227255869861E+000
    177  4.275652045402943E+000
    178  4.274749664410676E+000
    179  4.274916785102673E+000
    180  4.274929376910969E+000
    181  4.275494851921589E+000
    182  4.275612625485518E+000
    183  4.275184155423585E+000
    184  4.275181014682649E+000
    185  4.253479714790977E+000
    186  4.253472678510888E+000
    187  4.220790727394471E+000
    188  4.239323305676598E+000
    189  4.239279182970713E+000
    190  4.247807498230519E+000
    191  4.270605293676751E+000
    192  4.270632609607801E+000
    193  4.260573962840052E+000
    194  4.275714884700300E+000
    195  4.274692615492944E+000
    196  4.274707447654287E+000
    197  4.227564761080756E+000
    198  4.255268337933031E+000
    199  4.255299122101690E+000
    200  4.252853474571952E+000
    201  4.252923689992953E+000
    202  4.250053008284955E+000
    203  4.241493039379844E+000
    204  4.241560443253195E+000
    205  4.257362810366737E+000
    206  4.259943046700057E+000
    207  4.259953066837930E+000
    208  4.256433757731465E+000
    209  4.273359833595403E+000
    210  4.273385133228400E+000
    211  4.273163444697466E+000
    212  4.273157302240421E+000
    213  4.273982545389775E+000
    214  4.273977914185990E+000
    215  4.274120003306278E+000
    216  4.275295959518916E+000
    217  4.275290876710202E+000
    218  4.273679531136803E+000
    219  4.275583721651940E+000
    220  4.275152512303207E+000
    221  4.275686730614988E+000
    222  4.275687418851542E+000
    223  4.275106295340575E+000
    224  4.274715903655383E+000
    225  4.274707669093352E+000
    226  4.249736911119921E+000
    227  4.256090377648718E+000
    228  4.256085322746061E+000
    229  4.274640920037773E+000
    230  4.253313149601566E+000
    231  4.253007075615173E+000
    232  4.252988148443471E+000
    233  4.273989486167363E+000
    234  4.274006202487667E+000
    235  4.275431707665590E+000
    236  4.271733735493565E+000
    237  4.271738044636417E+000
    238  4.274628174457359E+000
    239  4.242659957675170E+000
    240  4.242600118735731E+000
    241  4.195146706101390E+000
    242  4.226743168288425E+000
    243  4.226746918352450E+000
    244  4.240580940315579E+000
    245  4.258331600375687E+000
    246  4.258261364722991E+000
    247  4.257107601124163E+000
    248  4.257226003996688E+000
    249  4.236170114309528E+000
    250  4.259123231055968E+000
    251  4.259123279668813E+000
    252  4.275142731772297E+000
    253  4.274023153748995E+000
    254  4.273981140962500E+000
    255  4.275744071466352E+000
    256  4.275775685919831E+000
    257  4.274384746843656E+000
    258  4.274358291219567E+000
    259  4.272289538549930E+000
    260  4.275780295807444E+000
    261  4.275779470240579E+000
    262  4.246347044364274E+000
    263  4.265549323146812E+000
    264  4.265575951499731E+000
    265  4.268703342361349E+000
    266  4.268683868772150E+000
    267  4.271471076779120E+000
    268  4.269969968167691E+000
    269  4.269959283925833E+000
    270  4.270409074875715E+000
    271  4.270323761302998E+000
    272  4.266255090249803E+000
    273  4.275135778889946E+000
    274  4.275101679764839E+000
    275  4.274860543573689E+000
    276  4.275513427647446E+000
    277  4.275519454135308E+000
    278  4.275632506083741E+000
    279  4.268864924641520E+000
    280  4.275813588887385E+000
    281  4.275794326261892E+000
    282  4.254871085707084E+000
    283  4.270458880619298E+000
    284  4.275628505152901E+000
    285  4.275721947880779E+000
    286  4.275720892073285E+000
    287  4.254351589046123E+000
    288  4.254386123098699E+000
    289  4.261610894108420E+000
    290  4.264628995403852E+000
    291  4.264639156662928E+000
    292  4.271824235192359E+000
    293  4.269396664002649E+000
    294  4.269367831854106E+000
    295  4.275588745864095E+000
    296  4.275626887989173E+000
    297  4.270383483094218E+000
    298  4.264260911022672E+000
    299  4.275735094114149E+000
    300  4.273769259201848E+000
    301  4.273771332726390E+000
    302  4.275668361859799E+000
    303  4.275806710982240E+000
    304  4.275803876746540E+000
    305  4.275631861264075E+000
    306  4.275640381744799E+000
    307  4.275630899076810E+000
    308  4.275507641094510E+000
    309  4.275513350069088E+000
    310  4.254919971798638E+000
    311  4.147573411462978E+000
    312  4.147569898026426E+000
    313  4.159848560626273E+000
    314  4.156052278286270E+000
    315  4.156210295685171E+000
    316  4.238067068957404E+000
    317  4.238294372257992E+000
    318  4.199465041947291E+000
    319  4.244671425533263E+000
    320  4.244541161617668E+000
    321  4.258257363645873E+000
    322  4.274966656252500E+000
    323  4.274967104427875E+000
    324  4.275534676884187E+000
    325  4.275547165587257E+000
    326  4.267515483555321E+000
    327  4.275667015510008E+000
    328  4.274885004058136E+000
    329  4.274881953946561E+000
    330  4.275292066709703E+000
    331  4.275746296929909E+000
    332  4.275770656207029E+000
    333  4.275788683977250E+000
    334  4.265383633946051E+000
    335  4.238969968472039E+000
    336  4.255860203465744E+000
    337  4.255871718014180E+000
    338  4.241998176618806E+000
    339  4.242044749894333E+000
    340  4.252456300329590E+000
    341  4.216095285360715E+000
    342  4.253680692160039E+000
    343  4.253859438769486E+000
    344  4.251333630162969E+000
    345  4.251241316551456E+000
    346  4.268705650994255E+000
    347  4.268750840699158E+000
    348  4.275367115410219E+000
    349  4.272504953884377E+000
    350  4.275645525243771E+000
    351  4.275644974502876E+000
    352  4.266253588761491E+000
    353  4.274055379304992E+000
    354  4.275427230489663E+000
    355  4.275420068038058E+000
    356  4.275798374616777E+000
    357  4.275798329114711E+000
    358  4.275758815150920E+000
    359  4.273926503905106E+000
    360  4.272515062837615E+000
    361  4.272510848738543E+000
    362  4.269813891044445E+000
    363  4.269767525047182E+000
    364  4.268134310210124E+000
    365  4.266708269460691E+000
    366  4.275556141478197E+000
    367  4.275560411357452E+000
    368  4.275313372215233E+000
    369  4.275291734757080E+000
    370  4.230104707062682E+000
    371  4.243529402637292E+000
    372  4.243560964110544E+000
    373  4.266776204278441E+000
    374  4.228058424061916E+000
    375  4.228026787440463E+000
    376  4.220361579275883E+000
    377  4.269184242320444E+000
    378  4.269196909878033E+000
    379  4.264955559642772E+000
    380  4.272630862411984E+000
    381  4.272649546274709E+000
    382  4.269194776851319E+000
    383  4.275803687241473E+000
    384  4.275350080046019E+000
    385  4.275347322964802E+000
    386  4.275795475174938E+000
    387  4.275301970625274E+000
    388  4.275293820891026E+000
    389  4.275595800072885E+000
    390  4.275589998492196E+000
    391  4.272863211956087E+000
    392  4.272814190178185E+000
    393  4.275366220000373E+000
    394  4.245056154146654E+000
    395  4.258964956552965E+000
    396  4.258973411230201E+000
    397  4.273940463475849E+000
    398  4.249279372816926E+000
    399  4.249358350924584E+000
    400  4.249293273539907E+000
    401  4.267969628453520E+000
    402  4.267979402676633E+000
    403  4.269356940744124E+000
    404  4.269345792923877E+000
    405  4.271200964076658E+000
    406  4.275405623103705E+000
    407  4.275424785195352E+000
    408  4.275803257398413E+000
    409  4.264276029320302E+000
    410  4.253812557670348E+000
    411  4.275760031546974E+000
    412  4.275774907145419E+000
    413  4.274394196504339E+000
    414  4.275482346286692E+000
    415  4.275482386825195E+000
    416  4.275783513973623E+000
    417  4.275124723877131E+000
    418  4.275150627311302E+000
    419  4.048493973516864E+000
    420  4.048493585780284E+000
    421  4.122377253445922E+000
    422  4.216236476246324E+000
    423  4.216599958224576E+000
    424  4.248904365391544E+000
    425  4.230739711387505E+000
    426  4.253799524172382E+000
    427  4.253836396906628E+000
    428  4.260824058397633E+000
    429  4.260753907812853E+000
    430  4.274577437816909E+000
    431  4.274595630433792E+000
    432  4.262962417737709E+000
    433  4.270707803003561E+000
    434  4.270712826296594E+000
    435  4.275815620858335E+000
    436  4.275357405894533E+000
    437  4.275334241415818E+000
    438  4.274882357947025E+000
    439  4.275315841552967E+000
    440  4.275325734896163E+000
    441  4.275329944709037E+000
    442  4.264490300399316E+000
    443  4.231871049377752E+000
    444  4.231859074487126E+000
    445  4.238077867845806E+000
    446  4.247394965209336E+000
    447  4.247506199590049E+000
    448  4.273868123353932E+000
    449  4.273873996243682E+000
    450  4.266642723290201E+000
    451  4.271530109272455E+000
    452  4.274570107842678E+000
    453  4.274579720616924E+000
    454  4.273214937355939E+000
    455  4.253197393954770E+000
    456  4.253204149939607E+000
    457  4.253850319540131E+000
    458  4.225049126930894E+000
    459  4.225074085220631E+000
    460  4.258422839227585E+000
    461  4.258443803468531E+000
    462  4.269239636209865E+000
    463  4.274187348741975E+000
    464  4.274182728065264E+000
    465  4.267718291191686E+000
    466  4.275782008966230E+000
    467  4.275779896870374E+000
    468  4.274000627840703E+000
    469  4.275611955871991E+000
    470  4.275617781834573E+000
    471  4.273910985693689E+000
    472  4.275508483315989E+000
    473  4.275512771195798E+000
    474  4.275456154919675E+000
    475  4.275794717103470E+000
    476  4.275802071384458E+000
    477  4.275442118545208E+000
    478  4.275436917429934E+000
    479  4.212690790696349E+000
    480  4.212671875596610E+000
    481  4.250757709050447E+000
    482  4.255056106793981E+000
    483  4.255088489432916E+000
    484  4.265946742151032E+000
    485  4.265953959051226E+000
    486  4.274320301109167E+000
    487  4.274306851765691E+000
    488  4.271622563008172E+000
    489  4.275442796387072E+000
    490  4.273947620114994E+000
    491  4.178060416069831E+000
    492  4.178023569059836E+000
    493  4.145699670065331E+000
    494  4.234623655265483E+000
    495  4.234471699549702E+000
    496  4.250385147347747E+000
    497  4.250399273435756E+000
    498  4.260246081934337E+000
    499  4.274532274447096E+000
    500  4.274485646698404E+000
    501  4.268021034971846E+000
    502  4.267115393271587E+000
    503  4.267178521675373E+000
    504  4.266766277926126E+000
    505  4.270650753297028E+000
    506  4.274463030146445E+000
    507  4.275277116414426E+000
    508  4.275318272289147E+000
    509  4.274228647413593E+000
    510  4.274219525446417E+000
    511  4.274371139493767E+000
    512  4.275721708824299E+000
    513  4.275715880456084E+000
    514  4.275725315380908E+000
    515  4.274774225818500E+000
    516  4.274776888102489E+000
    517  4.274818253234754E+000
    518  4.270553129368843E+000
    519  4.270593425172133E+000
    520  4.274586343128227E+000
    521  4.274322276523209E+000
    522  4.274312448973062E+000
    523  4.274969723869888E+000
    524  4.274971741375378E+000
    525  4.273234853167032E+000
    526  4.271414628278555E+000
    527  3.994449392580175E+000
    528  3.994613105916010E+000
    529  3.934980959804580E+000
    530  4.248099409505465E+000
    531  4.260382151617165E+000
    532  4.260480358616087E+000
    533  4.274602393728967E+000
    534  4.260057974579139E+000
    535  4.218825452437470E+000
    536  4.218847543279879E+000
    537  4.164087503191652E+000
    538  4.209056104385741E+000
    539  4.209070901582502E+000
    540  4.269936232863101E+000
    541  4.264469804022170E+000
    542  4.264481293302395E+000
    543  4.265543045257489E+000
    544  4.129551061679928E+000
    545  4.130106666705644E+000
    546  4.108123990018807E+000
    547  4.259762420667115E+000
    548  4.266254880536291E+000
    549  4.266476765205757E+000
    550  4.267511880521978E+000
    551  4.267446790234178E+000
    552  4.275289825527541E+000
    553  4.275140904855038E+000
    554  4.275183029188315E+000
    555  4.274431222502143E+000
    556  4.274473170007910E+000
    557  4.275730876714728E+000
    558  4.275774075786712E+000
    559  4.275775139473041E+000
    560  4.275664525160765E+000
    561  4.274752301441481E+000
    562  4.274714246710737E+000
    563  4.275812456697352E+000
    564  4.240203597266462E+000
    565  4.160603559126081E+000
    566  4.160697855529476E+000
    567  3.886452306092359E+000
    568  4.097026590006087E+000
    569  4.099437510927364E+000
    570  4.179124328265628E+000
    571  4.190596765446643E+000
    572  4.191259449106419E+000
    573  4.270487504967448E+000
    574  4.134498978309882E+000
    575  4.267252954715764E+000
    576  4.267297039471819E+000
    577  4.275442894423064E+000
    578  4.272695342649210E+000
    579  4.272721725894177E+000
    580  4.274157754782726E+000
    581  4.274110979060023E+000
    582  4.273610417914307E+000
    583  4.275528723128691E+000
    584  4.275509609714054E+000
    585  4.273299926350838E+000
    586  4.273278046100443E+000
    587  4.273342122474836E+000
    588  4.260161589905905E+000
    589  4.259540878347648E+000
    590  4.259523251556209E+000
    591  4.273049845330183E+000
    592  4.231451040910452E+000
    593  4.231808188223511E+000
    594  4.267026564015955E+000
    595  4.261745534622901E+000
    596  4.261564149886536E+000
    597  4.260298529942566E+000
    598  4.260330855846703E+000
    599  4.222398931220760E+000
    600  4.250876170045442E+000
    601  4.205212497613855E+000
    602  4.205244971214426E+000
    603  4.054468775155883E+000
    604  3.533382969612533E+000
    605  3.536956790816515E+000
    606  4.205557342033527E+000
    607  4.206109270904476E+000
    608  3.840816158367443E+000
    609  4.248751979748729E+000
    610  4.245820363770819E+000
    611  4.245865137124013E+000
    612  4.264913583319425E+000
    613  4.271819543150950E+000
    614  4.271908651271254E+000
    615  4.275044951752581E+000
    616  4.270133950516613E+000
    617  4.270424190786749E+000
    618  4.270990757020153E+000
    619  4.270930483478358E+000
    620  4.274251466360139E+000
    621  4.272171551812089E+000
    622  4.272081854955647E+000
    623  4.275798997440237E+000
    624  4.273403001412901E+000
    625  4.272925357539354E+000
    626  4.272921212875779E+000
    627  4.264820164843737E+000
    628  4.172601418943814E+000
    629  4.173777854880125E+000
    630  4.218251097380938E+000
    631  4.237568195799301E+000
    632  4.239582655276426E+000
    633  4.232644791942862E+000
    634  4.234721190682701E+000
    635  4.274791637436635E+000
    636  4.263579390928418E+000
    637  4.263458395002703E+000
    638  4.166505674809835E+000
    639  4.271518898687607E+000
    640  4.268261063320220E+000
    641  4.268033737521034E+000
    642  4.274617938766595E+000
    643  4.274658614967737E+000
    644  4.270120468066792E+000
    645  4.204646345664549E+000
    646  4.271053976377340E+000
    647  4.270905602546359E+000
    648  4.258055203440644E+000
    649  4.269950071259955E+000
    650  4.269973215418633E+000
    651  4.274261648138583E+000
    652  4.183168723436311E+000
    653  4.183264915478076E+000
    654  4.120851462940462E+000
    655  4.258695282718298E+000
    656  4.258739048437762E+000
    657  4.256447298275718E+000
    658  4.258602496849162E+000
    659  4.258704875010277E+000
    660  4.274904448342284E+000
    661  4.274958593773242E+000
    662  4.274379745020481E+000
    663  4.274930801125545E+000
    664  4.274949830135362E+000
    665  4.274907733076135E+000
    666  4.275670661005578E+000
    667  4.274936433431865E+000
    668  4.274939253835064E+000
    669  4.272960177950767E+000
    670  4.273040190024480E+000
    671  4.266100156676159E+000
    672  4.188418638647783E+000
    673  4.200496830454861E+000
    674  4.200630085152214E+000
    675  4.197124580880860E+000
    676  4.177435692530835E+000
    677  4.177197395265151E+000
    678  4.212649292177761E+000
    679  4.227604290268586E+000
    680  4.228255149830025E+000
    681  4.272780365154714E+000
    682  4.254740524803785E+000
    683  4.254556684769546E+000
    684  4.275110463614796E+000
    685  4.275084293965427E+000
    686  4.273979967666905E+000
    687  4.274618818385637E+000
    688  4.274602749806421E+000
    689  4.274203069305774E+000
    690  4.267902533887546E+000
    691  4.275403310322070E+000
    692  4.275473288754664E+000
    693  4.209946645267955E+000
    694  4.256726804561358E+000
    695  4.264363012433712E+000
    696  4.264475500872165E+000
    697  4.247294099369567E+000
    698  4.247223647529836E+000
    699  4.268980129156960E+000
    700  4.134530046508760E+000
    701  4.136158739548822E+000
    702  4.242199843381211E+000
    703  4.261031497880569E+000
    704  4.261384610440891E+000
    705  4.133180911999200E+000
    706  4.258012708940076E+000
    707  4.257829213871520E+000
    708  4.271034366323796E+000
    709  4.271516394205197E+000
    710  4.275435920675073E+000
    711  4.272167405609726E+000
    712  4.271701511612941E+000
    713  4.275443878674077E+000
    714  4.268985998591645E+000
    715  4.269233627233756E+000
    716  4.274981089792335E+000
    717  4.264472794774349E+000
    718  4.259668826241814E+000
    719  4.259746445181364E+000
    720  4.223594547606879E+000
    721  4.194228920394753E+000
    722  4.194254140423729E+000
    723  4.210236620167855E+000
    724  4.210424198127867E+000
    725  4.273203029285021E+000
    726  4.269711869280736E+000
    727  4.219004830676883E+000
    728  4.218719144758410E+000
    729  4.235013623010095E+000
    730  4.141169098207842E+000
    731  4.142839405797947E+000
    732  4.222913791763148E+000
    733  4.210576514428642E+000
    734  4.137752709737792E+000
    735  4.228894059639932E+000
    736  4.275403061144000E+000
    737  4.275370990346098E+000
    738  4.232722133558012E+000
    739  4.229368519226579E+000
    740  4.229388640933871E+000
    741  4.186675891785796E+000
    742  4.063389336075749E+000
    743  4.063040489351970E+000
    744  4.235035620544397E+000
    745  4.255543041327478E+000
    746  4.255828040779860E+000
    747  4.254232383359253E+000
    748  4.254076356644140E+000
    749  4.270412194831238E+000
    750  4.268670601158644E+000
    751  4.262437904592234E+000
    752  4.262391453010406E+000
    753  4.219456588277116E+000
    754  4.134555160330915E+000
    755  4.136202121399145E+000
    756  4.184605052565142E+000
    757  4.184499025854663E+000
    758  4.244147845447290E+000
    759  4.104909557188383E+000
    760  4.265854547660136E+000
    761  4.265844405733110E+000
    762  4.236607668462634E+000
    763  4.250667448715015E+000
    764  4.250653827036978E+000
    765  4.193841864585921E+000
    766  3.896921573487241E+000
    767  3.901333582505757E+000
    768  4.166377522041805E+000
    769  4.081270791025168E+000
    770  4.080884928761974E+000
    771  4.273468636723924E+000
    772  4.266463466651466E+000
    773  4.265027220196649E+000
    774  4.224674082076634E+000
    775  4.227068368840445E+000
    776  3.986009153042383E+000
    777  4.232888613660358E+000
    778  4.269875130774476E+000
    779  4.274936982665200E+000
    780  4.245153050880753E+000
    781  4.245717195596771E+000
    782  4.275465053634169E+000
    783  4.260486032626819E+000
    784  4.259360859645663E+000
    785  4.273991750219285E+000
    786  4.273858464729499E+000
    787  4.268304713731080E+000
    788  4.268413257267134E+000
    789  4.269520989991301E+000
    790  4.271235616128259E+000
    791  4.264483506380311E+000
    792  4.264587787368960E+000
    793  4.269804411816932E+000
    794  4.263633682877323E+000
    795  4.263353494802501E+000
    796  4.266819475269477E+000
    797  4.176837325407678E+000
    798  4.176555246212944E+000
    799  4.177018428366111E+000
    800  4.264382688167314E+000
    801  4.268801171859929E+000
    802  4.269771953420275E+000
    803  4.275467218735566E+000
    804  4.266156368638025E+000
    805  4.266359628817273E+000
    806  4.248261212932814E+000
    807  4.249101547716827E+000
    808  4.271221997604835E+000
    809  4.267940350804913E+000
    810  4.267852860148362E+000
    811  4.254601044752848E+000
    812  4.253913179399917E+000
    813  4.211031281720854E+000
    814  4.189360994423243E+000
    815  4.229841200857797E+000
    816  4.229890107808925E+000
    817  4.245126139809722E+000
    818  4.237001391269419E+000
    819  4.192354304854097E+000
    820  4.218903039228752E+000
    821  4.231537227629053E+000
    822  4.238432792157495E+000
    823  4.275422554428375E+000
    824  4.274965401336402E+000
    825  4.275112650718732E+000
    826  4.273131189743723E+000
    827  4.270447067279351E+000
    828  4.270080420773870E+000
    829  4.239879036905454E+000
    830  4.265838939777714E+000
    831  4.266334812410126E+000
    832  4.265583807163845E+000
    833  4.272032421032251E+000
    834  4.271911579488043E+000
    835  4.230822964802095E+000
    836  4.229915740361215E+000
    837  4.179998160717133E+000
    838  4.157673798283122E+000
    839  4.131860633254403E+000
    840  4.132407435557827E+000
    841  4.046306376026482E+000
    842  4.274679005336583E+000
    843  3.923834012354814E+000
    844  3.926010210967939E+000
    845  4.260185652172009E+000
    846  4.140584299288145E+000
    847  4.139840979887519E+000
    848  4.240572627425061E+000
    849  4.235297872952162E+000
    850  4.235252354739412E+000
    851  4.273215094462943E+000
    852  4.087160882935432E+000
    853  4.086216778892865E+000
    854  4.249846533377774E+000
    855  4.249921053711640E+000
    856  4.249488939157628E+000
    857  4.258387996103842E+000
    858  4.254130090568421E+000
    859  4.213485532429990E+000
    860  4.270714444492235E+000
    861  4.255330743702406E+000
    862  4.255458766963274E+000
    863  4.268063386676372E+000
    864  4.267124510463757E+000
    865  4.267281400110098E+000
    866  4.273642452552577E+000
    867  4.274760991412726E+000
    868  4.247657791252222E+000
    869  4.271888841678273E+000
    870  4.251177238471424E+000
    871  4.251182737821319E+000
    872  4.258403584178985E+000
    873  4.264459417820143E+000
    874  4.264454247114851E+000
    875  4.222747240236196E+000
    876  4.224072901702191E+000
    877  4.072136495144581E+000
    878  4.073993867358976E+000
    879  4.234188923044998E+000
    880  4.234543686857619E+000
    881  4.270750896221266E+000
    882  4.275641987033041E+000
    883  4.274493070337986E+000
    884  4.274539001432054E+000
    885  4.265590281566206E+000
    886  4.257779826521516E+000
    887  4.256975046645892E+000
    888  4.274033285636759E+000
    889  4.275468406912743E+000
    890  4.275526235878409E+000
    891  4.275468990403920E+000
    892  4.270585556359596E+000
    893  4.269021222782976E+000
    894  4.259344996907881E+000
    895  4.266149613861751E+000
    896  4.265160164633289E+000
    897  4.271523346260811E+000
    898  4.263005871172208E+000
    899  4.261075364323175E+000
    900  4.271806137503347E+000
    901  4.271653323318493E+000
    902  4.262822563420833E+000
    903  4.262604307285043E+000
    904  4.232547904798937E+000
    905  4.227634310453500E+000
    906  4.191706473200267E+000
    907  4.191586556255481E+000
    908  4.203696752971000E+000
    909  4.228574604370100E+000
    910  4.229070866060614E+000
    911  4.226306242560186E+000
    912  3.820421449249430E+000
    913  3.823817737530949E+000
    914  4.231993033571507E+000
    915  4.231625936731177E+000
    916  4.156112917506199E+000
    917  4.123695351904159E+000
    918  4.237659628084518E+000
    919  4.268865113658110E+000
    920  4.268230128476241E+000
    921  4.252477188719490E+000
    922  4.272420717267145E+000
    923  4.272630590343506E+000
    924  4.275107745897518E+000
    925  4.267855957767150E+000
    926  4.266503204761561E+000
    927  4.251125919708618E+000
    928  4.251646607987379E+000
    929  4.266748064181712E+000
    930  4.217937683895184E+000
    931  4.217745762180783E+000
    932  4.209501403314870E+000
    933  4.194722734006989E+000
    934  4.194344128881590E+000
    935  3.894254779491086E+000
    936  2.133519026989024E+000
    937  2.151433263515020E+000
    938  4.193441142159790E+000
    939  4.270427914301400E+000
    940  4.187926415688447E+000
    941  4.188663650465505E+000
    942  4.274847388542119E+000
    943  4.270409511450180E+000
    944  4.270295992122410E+000
    945  4.215940673851765E+000
    946  4.269795514608335E+000
    947  4.270442077784029E+000
    948  4.262423195720448E+000
    949  4.262280512338766E+000
    950  4.265417642928890E+000
    951  4.222196777230597E+000
    952  4.223702910790029E+000
    953  4.260624622734335E+000
    954  4.118923443784361E+000
    955  4.119427593824272E+000
    956  4.213358758305181E+000
    957  4.243421451408653E+000
    958  4.243417192632988E+000
    959  2.534288795691047E+000
    960  2.519482826632216E+000
    961  4.174834125152016E+000
    962  4.152766466780299E+000
    963  4.154006753700852E+000
    964  4.150313358532646E+000
    965  4.266989623180423E+000
    966  4.274243149372839E+000
    967  4.267681021377624E+000
    968  4.271073681599647E+000
    969  4.271843655102756E+000
    970  4.262468123009641E+000
    971  4.262182926525352E+000
    972  4.271858320895618E+000
    973  4.179909783096825E+000
    974  4.239502542970082E+000
    975  4.238143477907641E+000
    976  4.249362718155099E+000
    977  4.238722526253631E+000
    978  4.270027508177885E+000
    979  4.259815877742473E+000
    980  4.242173626111374E+000
    981  4.252789385368788E+000
    982  4.252367108179654E+000
    983  4.251898599615908E+000
    984  4.251389291769615E+000
    985  4.061321804097053E+000
    986  4.234586865788103E+000
    987  4.257948193979971E+000
    988  4.260291414310234E+000
    989  3.954655679883647E+000
    990  3.958573426382181E+000
    991  4.210127383062734E+000
    992  4.210307745449043E+000
    993  3.025025828658620E+000
    994  4.244279624405217E+000
    995  4.049757646967804E+000
    996  4.260882836008723E+000
    997  4.260208842797494E+000
    998  4.149477920738050E+000
    999  4.148012389889620E+000
   1000  4.259851422473385E+000
   1001  4.256262942681785E+000
   1002  4.254158574855682E+000
   1003  4.236507979761350E+000
   1004  4.239047235300847E+000
   1005  3.985755936649466E+000
   1006  3.249759686972316E+000
   1007  4.271987509698627E+000
   1008  4.269027292365761E+000
   1009  4.268910187514392E+000
   1010  4.231189155519215E+000
   1011  4.231369626065111E+000
   1012  3.851220300189721E+000
   1013  4.258934884636584E+000
   1014  4.272743049595520E+000
   1015  4.257068465566284E+000
   1016  4.258331775097790E+000
   1017  3.789240836701328E+000
   1018  4.198976493059507E+000
   1019  4.201292851206015E+000
   1020  4.255931132853233E+000
   1021  4.256877054080896E+000
   1022  4.157170795738154E+000
   1023  4.156901652301761E+000
   1024  4.223483685899456E+000
   1025  4.268487928187992E+000
   1026  4.271270791551769E+000
   1027  4.269313872410565E+000
   1028  4.274573974403049E+000
   1029  4.275067723668693E+000
   1030  4.263362604088402E+000
   1031  4.211719348013561E+000
   1032  4.262236733467509E+000
   1033  4.258892875168868E+000
   1034  4.257162817507760E+000
   1035  4.257056014588745E+000
   1036  4.271085051768572E+000
   1037  4.270895383167524E+000
   1038  4.270685097654405E+000
   1039  4.251856017379347E+000
   1040  4.110306457771792E+000
   1041  4.111674501104719E+000
   1042  4.250883563598209E+000
   1043  3.857371639324665E+000
   1044  4.273080721264522E+000
   1045  4.273043489523937E+000
   1046  4.219166757468623E+000
   1047  4.219179747724713E+000
   1048  4.144634537268469E+000
   1049  4.275252302093441E+000
   1050  4.275234405636835E+000
   1051  4.275109751555233E+000
   1052  4.266767947653169E+000
   1053  4.267762496001067E+000
   1054  4.268375233604658E+000
   1055  4.224661871258441E+000
   1056  4.260131177916500E+000
   1057  4.274525257586064E+000
   1058  4.275454989521665E+000
   1059  4.275207408088541E+000
   1060  4.272493517660695E+000
   1061  4.272760395574819E+000
   1062  4.268411423923559E+000
   1063  4.266482516320995E+000
   1064  4.263618518262114E+000
   1065  4.275740240004091E+000
   1066  4.261275119050941E+000
   1067  4.260706304674783E+000
   1068  4.259293772238758E+000
   1069  4.260821787156927E+000
   1070  4.255955071836349E+000
   1071  4.256210741194860E+000
   1072  4.264628863253858E+000
   1073  4.263521573521559E+000
   1074  4.265144308939431E+000
   1075  4.264446844663563E+000
   1076  4.266748336530520E+000
   1077  4.258752871950972E+000
   1078  4.256411577061533E+000
   1079  4.253252100170553E+000
   1080  4.269296302219767E+000
   1081  4.269487865171513E+000
   1082  4.273411766060147E+000
   1083  4.273545331985295E+000
   1084  4.273724628499215E+000
   1085  4.275822863179624E+000
   1086  4.269833996734869E+000
   1087  4.275612978480005E+000
   1088  4.254010282688760E+000
   1089  4.254033974212064E+000
   1090  4.274868871185521E+000
   1091  4.274836153110910E+000
   1092  4.250550726826405E+000
   1093  4.249879636332736E+000
   1094  4.230831405468546E+000
   1095  4.264639660303953E+000
   1096  4.264320189950946E+000
   1097  4.254957563870257E+000
   1098  4.254650738040072E+000
   1099  4.206198387604364E+000
   1100  4.229694676643577E+000
   1101  4.199216598698759E+000
   1102  4.275473102262294E+000
   1103  4.235362904494979E+000
   1104  4.235551338937709E+000
   1105  4.250582923410205E+000
   1106  4.159821184371095E+000
   1107  4.256735561643489E+000
   1108  4.211060481230663E+000
   1109  4.212313302853018E+000
   1110  4.258318189683945E+000
   1111  4.257385915840986E+000
   1112  4.271045981975023E+000
   1113  4.267787858375428E+000
   1114  4.268114082797098E+000
   1115  4.226779398927622E+000
   1116  4.229587173178652E+000
   1117  4.270293891950510E+000
   1118  4.269240825215310E+000
   1119  4.268921151478949E+000
   1120  4.236045194558770E+000
   1121  4.158791686795495E+000
   1122  4.162057126259009E+000
   1123  3.963996810653773E+000
   1124  4.123219951959989E+000
   1125  4.113286260419590E+000
   1126  4.111076119405081E+000
   1127  4.228283117741221E+000
   1128  4.229614925903416E+000
   1129  3.942938466556677E+000
   1130  4.243657307869580E+000
   1131  4.267132533796382E+000
   1132  4.267098081312448E+000
   1133  4.272297295100644E+000
   1134  4.272077320308663E+000
   1135  4.273373108415558E+000
   1136  4.273352194178454E+000
   1137  4.273892717469691E+000
   1138  4.273719172858330E+000
   1139  4.260680910301191E+000
   1140  4.260618278506853E+000
   1141  4.271918313683906E+000
   1142  4.224184189117842E+000
   1143  4.224981170535343E+000
   1144  4.274183129081941E+000
   1145  4.161345044786386E+000
   1146  4.213538283811948E+000
   1147  4.213752015133021E+000
   1148  4.204911870242500E+000
   1149  4.109294135724494E+000
   1150  4.110352605371238E+000
   1151  4.068931952832202E+000
   1152  4.232240947558680E+000
   1153  4.231225221333279E+000
   1154  4.229074386639830E+000
   1155  4.229254370924746E+000
   1156  4.271842591892439E+000
   1157  4.258358831088682E+000
   1158  4.258342430941028E+000
   1159  4.213734846449111E+000
   1160  4.266730088078019E+000
   1161  4.266475103445048E+000
   1162  4.275612149029407E+000
   1163  4.265203042969303E+000
   1164  4.270438531020530E+000
   1165  4.185303667850506E+000
   1166  4.185553396822227E+000
   1167  4.271538306327218E+000
   1168  4.271091179559809E+000
   1169  4.134071954686397E+000
   1170  4.248725488565747E+000
   1171  4.249094888367628E+000
   1172  4.082319451425003E+000
   1173  4.081056351294346E+000
   1174  4.167707961667405E+000
   1175  4.233022245032653E+000
   1176  4.231354766952860E+000
   1177  4.133077453678796E+000
   1178  4.221507522629031E+000
   1179  4.263402087051827E+000
   1180  4.266856472878154E+000
   1181  4.181676136513206E+000
   1182  4.251250902972210E+000
   1183  4.251024425030681E+000
   1184  4.253709211872424E+000
   1185  4.239183565733653E+000
   1186  4.239176629581781E+000
   1187  4.184220533366548E+000
   1188  4.182107845046299E+000
   1189  4.262345728137633E+000
   1190  4.143346406950929E+000
   1191  4.258569124012954E+000
   1192  4.258374890105151E+000
   1193  4.225437246443591E+000
   1194  4.274996460860710E+000
   1195  4.275081886508776E+000
   1196  4.224723310068185E+000
   1197  4.224642767503047E+000
   1198  4.234972828195783E+000
   1199  4.011164761727393E+000
   1200  4.011309946584465E+000
   1201  4.244302351172403E+000
   1202  4.274845805111890E+000
   1203  4.274677460752670E+000
   1204  4.159346796707728E+000
   1205  4.209049592419126E+000
   1206  4.260762238971403E+000
   1207  4.260820198852486E+000
   1208  4.256512129061223E+000
   1209  4.275317442390757E+000
   1210  4.275051842991333E+000
   1211  4.264338021668276E+000
   1212  4.271288857629838E+000
   1213  4.271774028705536E+000
   1214  4.269718612185456E+000
   1215  4.269720043962129E+000
   1216  4.274524995964063E+000
   1217  4.275023467746873E+000
   1218  4.232283480049879E+000
   1219  4.235052550176180E+000
   1220  4.233222869730967E+000
   1221  4.238043413126729E+000
   1222  4.244973773378462E+000
   1223  4.194708224158488E+000
   1224  4.195399525215349E+000
   1225  4.230949973454369E+000
   1226  4.275502743639966E+000
   1227  4.275522883942687E+000
   1228  4.248951835280900E+000
   1229  4.268183548551117E+000
   1230  4.267427192817718E+000
   1231  4.271437524668120E+000
   1232  4.270240346799029E+000
   1233  3.977693765026520E+000
   1234  3.976308714946521E+000
   1235  4.260860006512829E+000
   1236  4.259838184097521E+000
   1237  3.624900070430804E+000
   1238  4.236612582607705E+000
   1239  4.220186302641265E+000
   1240  4.220403026323247E+000
   1241  4.188861936391658E+000
   1242  4.266467829004396E+000
   1243  4.266344699965518E+000
   1244  4.253238882569433E+000
   1245  4.255328872216650E+000
   1246  4.239476288963996E+000
   1247  4.214314573394365E+000
   1248  4.217277421326877E+000
   1249  4.274829297672747E+000
   1250  4.247385604984104E+000
   1251  4.247522543759137E+000
   1252  4.255497589256803E+000
   1253  4.257656729439359E+000
   1254  4.265747238159587E+000
   1255  4.259519790556302E+000
   1256  4.230168792002895E+000
   1257  4.261257795330777E+000
   1258  4.251540591430340E+000
   1259  4.258629381035592E+000
   1260  4.268252800856144E+000
   1261  4.267417837189146E+000
   1262  4.273042601655177E+000
   1263  4.255820014019865E+000
   1264  4.234071397851325E+000
   1265  4.233505288726802E+000
   1266  4.272345409948706E+000
   1267  4.272396919224707E+000
   1268  4.272577199283283E+000
   1269  4.271951870530812E+000
   1270  4.275488806715254E+000
   1271  4.228374027895875E+000
   1272  4.256257164655612E+000
   1273  4.256399330720432E+000
   1274  4.257309256088669E+000
   1275  4.258001910864825E+000
   1276  4.269082317985323E+000
   1277  4.271115802425061E+000
   1278  4.271287398365468E+000
   1279  4.269444830205372E+000
   1280  4.274311970423955E+000
   1281  4.263852110474154E+000
   1282  4.263432551595756E+000
   1283  4.213720716257213E+000
   1284  4.212023911988680E+000
   1285  4.262790846288790E+000
   1286  4.241552046211168E+000
   1287  4.242223046926004E+000
   1288  4.241487222710937E+000
   1289  4.272292690379428E+000
   1290  4.214392046726607E+000
   1291  4.214713881530205E+000
   1292  4.267224274214535E+000
   1293  4.268404609909665E+000
   1294  4.275172357628498E+000
   1295  4.271228015550812E+000
   1296  4.263226458446028E+000
   1297  4.271929083491567E+000
   1298  4.256908387768850E+000
   1299  4.257425341043785E+000
   1300  4.275042747843084E+000
   1301  4.274491158853261E+000
   1302  4.274247354956351E+000
   1303  4.271134926869676E+000
   1304  4.270975101265796E+000
   1305  4.266691369553920E+000
   1306  4.266532235095760E+000
   1307  4.273532433063854E+000
   1308  4.262585903278421E+000
   1309  4.263779732948186E+000
   1310  4.274824427620922E+000
   1311  4.275252996556787E+000
   1312  4.259992364547303E+000
   1313  4.259378578544157E+000
   1314  4.275153424385206E+000
   1315  4.274962481215063E+000
   1316  4.275482575745223E+000
   1317  4.275352370139272E+000
   1318  4.273741467503223E+000
   1319  4.273488789617991E+000
   1320  4.275583694645278E+000
   1321  4.275340991159734E+000
   1322  4.275415792202192E+000
   1323  4.247477275491029E+000
   1324  4.247971022482609E+000
   1325  4.272814783745972E+000
   1326  4.273900039136239E+000
   1327  4.255751843500286E+000
   1328  4.256338977341640E+000
   1329  4.274393698274960E+000
   1330  4.259468456160501E+000
   1331  4.275572502041100E+000
   1332  4.257855183838736E+000
   1333  4.257154894029775E+000
   1334  4.274193017891107E+000
   1335  4.248523050761587E+000
   1336  4.248727171049782E+000
   1337  4.269637679779379E+000
   1338  4.265709683573427E+000
   1339  4.265688382766514E+000
   1340  4.275605707794254E+000
   1341  4.270596723322123E+000
   1342  4.270537875622257E+000
   1343  4.271248912235762E+000
   1344  4.242691476098036E+000
   1345  4.243243966602944E+000
   1346  4.218372291488730E+000
   1347  4.270989235185460E+000
   1348  4.270898455011083E+000
   1349  4.265328285686603E+000
   1350  4.265519978210291E+000
   1351  4.073383822465351E+000
   1352  4.208481437467690E+000
   1353  4.086075925237087E+000
   1354  4.083631074615610E+000
   1355  4.273226891558507E+000
   1356  4.239900971295640E+000
   1357  4.242956668993624E+000
   1358  4.088068165575865E+000
   1359  4.260351971316527E+000
   1360  4.274543059316611E+000
   1361  4.274394671073521E+000
   1362  4.274286810516934E+000
   1363  4.257585204533317E+000
   1364  4.258381673600830E+000
   1365  4.273153160213078E+000
   1366  4.273753818885455E+000
   1367  4.260089795721851E+000
   1368  4.275803620128206E+000
   1369  4.274150186111362E+000
   1370  4.274095016371169E+000
   1371  4.274353538340772E+000
   1372  4.274323007394507E+000
   1373  4.221382364512900E+000
   1374  4.138490602089298E+000
   1375  4.264734292548390E+000
   1376  4.265403060140243E+000
   1377  4.239290521596220E+000
   1378  4.238905603860478E+000
   1379  4.274844216280640E+000
   1380  4.031550216132048E+000
   1381  4.030429654626727E+000
   1382  4.267660587423565E+000
   1383  4.273911922340090E+000
   1384  4.275110655711389E+000
   1385  4.275264816335591E+000
   1386  4.271155863327745E+000
   1387  4.262411732567132E+000
   1388  4.226988504396555E+000
   1389  4.227367411936960E+000
   1390  4.273586067198490E+000
   1391  4.274034865492147E+000
   1392  4.255172872871186E+000
   1393  4.255188204650591E+000
   1394  4.262532775152629E+000
   1395  4.275791878585487E+000
   1396  4.269371330477630E+000
   1397  4.269079517789013E+000
   1398  4.272375837849992E+000
   1399  4.219276687798634E+000
   1400  4.219848409621879E+000
   1401  4.273898138798448E+000
   1402  4.275311683491122E+000
   1403  4.275489167010366E+000
   1404  4.268253228593759E+000
   1405  4.274780530006373E+000
   1406  4.274929156927646E+000
   1407  4.274125790236352E+000
   1408  4.271799908416424E+000
   1409  4.260268114804264E+000
   1410  4.262828297886309E+000
   1411  4.238468569231645E+000
   1412  4.242427400050407E+000
   1413  4.274854688225842E+000
   1414  4.275049360061665E+000
   1415  4.270544842792809E+000
   1416  4.272005123470598E+000
   1417  4.265841849194329E+000
   1418  4.267126041185908E+000
   1419  4.269737443212988E+000
   1420  4.269287911457617E+000
   1421  4.275704733445520E+000
   1422  4.238997240806921E+000
   1423  4.272388916273077E+000
   1424  4.272402699568898E+000
   1425  4.268278706548170E+000
   1426  4.269541461393142E+000
   1427  4.268820578306232E+000
   1428  4.194864405341921E+000
   1429  4.271170349175728E+000
   1430  4.270363211065603E+000
   1431  4.246905851052008E+000
   1432  4.273905839974372E+000
   1433  4.273671119182040E+000
   1434  4.275722115823686E+000
   1435  4.274635964686761E+000
   1436  4.274969547526284E+000
   1437  4.275022086594113E+000
   1438  4.271834500580663E+000
   1439  4.271897603638404E+000
   1440  4.263755460637255E+000
   1441  4.263764780333713E+000
   1442  4.275715620232678E+000
   1443  4.270218941844163E+000
   1444  4.211500734535031E+000
   1445  4.232231028787156E+000
   1446  4.232958063763097E+000
   1447  4.272918665027174E+000
   1448  4.273316472500674E+000
   1449  4.239581112116110E+000
   1450  4.239608723641370E+000
   1451  4.275167128242329E+000
   1452  4.268334595266948E+000
   1453  4.267775644338490E+000
   1454  4.275811389504623E+000
   1455  4.271397757722247E+000
   1456  4.233072128769359E+000
   1457  4.233327902383064E+000
   1458  4.263651539134980E+000
   1459  4.263661992201216E+000
   1460  4.266976722878854E+000
   1461  4.227976344649381E+000
   1462  4.227685146177601E+000
   1463  3.975931953309616E+000
   1464  4.100138690905647E+000
   1465  4.237533595852558E+000
   1466  4.164105434490673E+000
   1467  4.165535453442336E+000
   1468  4.221961702514177E+000
   1469  4.254500922351234E+000
   1470  4.255084099758836E+000
   1471  4.113101206210954E+000
   1472  4.112468548925910E+000
   1473  4.210617652314804E+000
   1474  4.210596775299151E+000
   1475  3.875637843249231E+000
   1476  4.221782781519825E+000
   1477  4.221732273148960E+000
   1478  4.260837605916667E+000
   1479  4.236410240959253E+000
   1480  4.236057934193155E+000
   1481  4.262964020925609E+000
   1482  4.263208542401309E+000
   1483  4.264406165616554E+000
   1484  4.264049023713856E+000
   1485  4.203170009404248E+000
   1486  4.178464716897825E+000
   1487  3.974618852422555E+000
   1488  3.975073682414715E+000
   1489  3.874910736544571E+000
   1490  4.238580209533844E+000
   1491  4.272291526944369E+000
   1492  4.272207660502170E+000
   1493  4.266177967366792E+000
   1494  4.266610384843451E+000
   1495  4.267214448886075E+000
   1496  4.271221964850278E+000
   1497  4.271386192052748E+000
   1498  4.274082827520720E+000
   1499  4.274198770356823E+000
   1500  4.275650184055057E+000
   1501  4.209225291816846E+000
   1502  4.258233558391689E+000
   1503  4.259186144542781E+000
   1504  4.268210555961511E+000
   1505  4.255320349572310E+000
   1506  4.255415594462997E+000
   1507  4.271771316332556E+000
   1508  4.271911096043221E+000
   1509  4.275621742699165E+000
   1510  4.270298521260075E+000
   1511  4.270587564625013E+000
   1512  4.273799246318783E+000
   1513  4.244513779464829E+000
   1514  4.244734503962887E+000
   1515  4.265425485468977E+000
   1516  4.263464990090380E+000
   1517  4.263810499204595E+000
   1518  4.244235402481513E+000
   1519  4.252879947500404E+000
   1520  4.185943360519174E+000
   1521  4.185410773861648E+000
   1522  4.104960743829657E+000
   1523  4.174292541575340E+000
   1524  4.173878985555851E+000
   1525  4.274578779345078E+000
   1526  4.253219203414329E+000
   1527  4.252930596673629E+000
   1528  4.200051012489132E+000
   1529  4.207046938725690E+000
   1530  4.206860489287337E+000
   1531  1.054154287289577E+000
   1532  1.052741731638834E+000
   1533  9.458116841903212E-001
   1534  8.762136744676350E-001
   1535  8.390908560856859E-001
   1536  8.390706327188329E-001
   1537  8.229136437905530E-001
   1538  8.229127037367703E-001
   1539  8.212441334485285E-001
