# Averaged |<f|V|i>|^2 over K-points versus energy.
#                 Cell volume :   2.983061295912504E+004 (a.u.)^3,   Format : '(ES24.15E3)'
#   Minimun transition energy :   1.411276663803909E-003 (Hartree),  Format : '(ES24.15E3)'
# |DHif|^2 at minimum Tr. En. :   7.527431882450418E-006 (Hartree^2),Format : '(ES24.15E3)'
#                  Energy bin :   1.837466269439000E-003 (Hartree),  Format : '(ES24.15E3)'
# Energy (Hartree), averaged |<f|V|i>|^2 over K-points (Hartree)^2, standard deviation (Hartree)^2. Format : '(3ES24.15E3)'
  1.411276663803909E-003  1.733796630512474E-006  7.754573142490501E-007
  3.248742933242909E-003  1.326914428816053E-006  1.919680773339305E-006
  5.086209202681909E-003  5.089954784415746E-007  5.089007880193910E-007
  6.923675472120909E-003  2.989664473534618E-006  1.966844312901280E-006
  8.761141741559909E-003  1.066294826239707E-006  1.139130183787346E-006
  1.059860801099891E-002  2.629944533025562E-006  1.860639633427534E-006
  1.243607428043791E-002  2.585714488423357E-006  2.128280444684112E-006
  1.427354054987691E-002  1.676196503314420E-006  8.655136432375501E-007
  1.611100681931591E-002  1.574616348914782E-006  1.842613205471584E-006
  1.794847308875491E-002  2.120708876367181E-006  1.277917349804035E-006
  1.978593935819391E-002  2.038026745870479E-006  1.562498298803943E-006
  2.162340562763291E-002  2.512784835737335E-006  2.780771538036396E-006
  2.346087189707191E-002  2.293024595821426E-006  2.745505818196763E-006
  2.529833816651091E-002  2.716223968299646E-006  3.944443214894198E-006
  2.713580443594991E-002  2.468166934900269E-006  2.103567388390122E-006
  2.897327070538891E-002  2.848115539842248E-006  2.582499915991389E-006
  3.081073697482791E-002  2.386620710494219E-006  3.481081368828417E-006
  3.264820324426691E-002  4.167010876361877E-006  3.911156812271007E-006
  3.448566951370591E-002  2.724231857368129E-006  2.247007237695824E-006
  3.632313578314491E-002  2.582899847161477E-006  2.558982537656931E-006
  3.816060205258391E-002  3.289235921787494E-006  3.416945294820070E-006
  3.999806832202291E-002  2.515750445937663E-006  2.602949373102336E-006
  4.183553459146191E-002  3.340546669689538E-006  3.491500453986885E-006
  4.367300086090091E-002  2.993172699116036E-006  3.249289621006652E-006
  4.551046713033991E-002  2.774431463216446E-006  3.494764417376522E-006
  4.734793339977891E-002  4.837648796606374E-006  4.779223010230182E-006
  4.918539966921791E-002  2.860219572243206E-006  3.033136963670139E-006
  5.102286593865691E-002  3.790578825548341E-006  4.100718392539619E-006
  5.286033220809591E-002  3.197523372389133E-006  3.572252825316636E-006
  5.469779847753491E-002  3.820987429997655E-006  3.944974035591549E-006
  5.653526474697391E-002  3.190542596564692E-006  2.902534986877175E-006
  5.837273101641291E-002  3.562512127353491E-006  3.260841321161859E-006
  6.021019728585191E-002  4.007865435232417E-006  4.407711905264491E-006
  6.204766355529091E-002  4.238171971500151E-006  4.323917225399858E-006
  6.388512982472991E-002  5.397842027812743E-006  5.641447902397298E-006
  6.572259609416892E-002  4.876179822299988E-006  4.629981523869151E-006
  6.756006236360791E-002  3.607590898532534E-006  4.125910864070841E-006
  6.939752863304691E-002  4.444916365161051E-006  5.651277481024429E-006
  7.123499490248592E-002  5.767371087706689E-006  6.031489495060936E-006
  7.307246117192491E-002  4.132571177716670E-006  4.725183077657785E-006
  7.490992744136390E-002  3.639201560846853E-006  3.803352417873565E-006
  7.674739371080291E-002  4.798707265737301E-006  5.241996593646323E-006
  7.858485998024191E-002  4.172290766394287E-006  4.930945169230965E-006
  8.042232624968092E-002  4.073083863583421E-006  4.542076953018924E-006
  8.225979251911991E-002  4.628253495232472E-006  4.986506628458067E-006
  8.409725878855891E-002  5.239863017962415E-006  6.826040557351780E-006
  8.593472505799792E-002  4.922774108662544E-006  6.894880679785281E-006
  8.777219132743691E-002  6.064442828258405E-006  5.813095857139123E-006
  8.960965759687591E-002  5.533127082746261E-006  6.105146680992134E-006
  9.144712386631491E-002  6.809233392648489E-006  9.048208496018688E-006
  9.328459013575391E-002  5.193170006008173E-006  8.312097240272937E-006
  9.512205640519292E-002  4.075303328824304E-006  5.565210420348676E-006
  9.695952267463191E-002  5.363498071973196E-006  8.086295510731396E-006
  9.879698894407091E-002  3.885361834198778E-006  6.876178889595915E-006
  1.006344552135099E-001  4.215118906061014E-006  5.411245955708969E-006
  1.024719214829489E-001  5.282516369416156E-006  6.001428735737088E-006
  1.043093877523879E-001  6.177743572572462E-006  9.498413181060454E-006
  1.061468540218269E-001  6.347445085745704E-006  9.197856866121651E-006
  1.079843202912659E-001  3.739252116415418E-006  4.502684648132715E-006
  1.098217865607049E-001  5.161336974480349E-006  7.752525915648534E-006
  1.116592528301439E-001  7.051503229125473E-006  1.079490759543577E-005
  1.134967190995829E-001  3.884167337212006E-006  5.111287264292189E-006
  1.153341853690219E-001  4.989720865529084E-006  6.111992237810948E-006
  1.171716516384609E-001  5.222603461622788E-006  5.995108644362977E-006
  1.190091179078999E-001  4.513172468091702E-006  5.700698729600453E-006
  1.208465841773389E-001  5.287007079576941E-006  7.032251441495733E-006
  1.226840504467779E-001  4.623993637748904E-006  5.548276133580459E-006
  1.245215167162169E-001  7.283406979769294E-006  7.878615156580292E-006
  1.263589829856559E-001  7.556451571905018E-006  9.371182329235093E-006
  1.281964492550949E-001  3.442713436224978E-006  4.872207195105447E-006
  1.300339155245339E-001  3.653370012919508E-006  4.658930209553657E-006
  1.318713817939729E-001  6.890715394448150E-006  8.315564485986648E-006
  1.337088480634119E-001  4.569321501180560E-006  6.718624112887912E-006
  1.355463143328509E-001  5.942031179864797E-006  6.798742701548918E-006
  1.373837806022899E-001  5.202841134141797E-006  5.957888893791556E-006
  1.392212468717289E-001  3.987611969166874E-006  5.065858812728546E-006
  1.410587131411679E-001  3.924548689990931E-006  4.541271977259884E-006
  1.428961794106069E-001  7.334958390886061E-006  8.479495501270502E-006
  1.447336456800459E-001  6.170904652082947E-006  4.401690213878305E-006
  1.465711119494849E-001  0.000000000000000E+000  0.000000000000000E+000
