# Total number of <f|i> elements, Initial States (bandI, bandF), Final States (bandI, bandF) Format : '(5i10)'
        64      1025      1088      1024      1024
# Total-energy difference (Hartree). Format: '(ES24.15E3)'
# With relaxation (for delta function)
 -3.434164835680065E-002
# Electronic only without relaxation (for zeroth-order matrix element)
 -3.184106018569821E-002
# Final Band, Initial Band, Delta Function (Hartree), Zeroth-order (Hartree), First-order (Hartree), Plotting (eV) Format : '(2i10,4ES24.15E3)'
   1024   1025 -3.434164835680065E-002 -3.184106018569821E-002  2.073739224653839E-002  0.000000000000000E+000
   1024   1026 -3.449151993639055E-002 -3.199093176528811E-002  2.088726382612829E-002  4.078213081925302E-003
   1024   1027 -3.513656260241957E-002 -3.263597443131713E-002  2.153230649215732E-002  2.163071667331880E-002
   1024   1028 -3.534622798148726E-002 -3.284563981038482E-002  2.174197187122501E-002  2.733600178528217E-002
   1024   1029 -3.536293593068515E-002 -3.286234775958272E-002  2.175867982042290E-002  2.779064820441938E-002
   1024   1030 -3.920078304009064E-002 -3.670019486898821E-002  2.559652692982839E-002  1.322237790944436E-001
   1024   1031 -3.949080721790366E-002 -3.699021904680122E-002  2.588655110764140E-002  1.401157383255944E-001
   1024   1032 -4.005628857733484E-002 -3.755570040623241E-002  2.645203246707259E-002  1.555032686627510E-001
   1024   1033 -4.011324072880376E-002 -3.761265255770133E-002  2.650898461854151E-002  1.570530155180247E-001
   1024   1034 -4.131125789240506E-002 -3.881066972130262E-002  2.770700178214280E-002  1.896527204276479E-001
   1024   1035 -4.272416548564495E-002 -4.022357731454251E-002  2.911990937538270E-002  2.280998913060074E-001
   1024   1036 -4.353955672799356E-002 -4.103896855689113E-002  2.993530061773131E-002  2.502878153976378E-001
   1024   1037 -4.557919073822997E-002 -4.307860256712753E-002  3.197493462796772E-002  3.057890793840918E-001
   1024   1038 -4.567097943351414E-002 -4.317039126241171E-002  3.206672332325189E-002  3.082867768054780E-001
   1024   1039 -4.642114978509296E-002 -4.392056161399052E-002  3.281689367483070E-002  3.286999502026803E-001
   1024   1040 -4.650784580800527E-002 -4.400725763690283E-002  3.290358969774301E-002  3.310590689612825E-001
   1024   1041 -5.023087716554647E-002 -4.773028899444404E-002  3.662662105528422E-002  4.323679043541532E-001
   1024   1042 -5.031027689643053E-002 -4.780968872532809E-002  3.670602078616828E-002  4.345284809096199E-001
   1024   1043 -5.043474332395537E-002 -4.793415515285293E-002  3.683048721369311E-002  4.379153846466812E-001
   1024   1044 -5.105869236345234E-002 -4.855810419234990E-002  3.745443625319009E-002  4.548939014695116E-001
   1024   1045 -5.113266511253306E-002 -4.863207694143062E-002  3.752840900227081E-002  4.569068023399265E-001
   1024   1046 -5.125271223154176E-002 -4.875212406043933E-002  3.764845612127951E-002  4.601734505765595E-001
   1024   1047 -5.146377745010433E-002 -4.896318927900190E-002  3.785952133984208E-002  4.659168272583603E-001
   1024   1048 -5.168494201008228E-002 -4.918435383897984E-002  3.808068589982003E-002  4.719350209961483E-001
   1024   1049 -5.193491667223255E-002 -4.943432850113011E-002  3.833066056197029E-002  4.787371774831929E-001
   1024   1050 -5.194925212278934E-002 -4.944866395168690E-002  3.834499601252708E-002  4.791272649310998E-001
   1024   1051 -5.207515875883306E-002 -4.957457058773063E-002  3.847090264857081E-002  4.825533587350070E-001
   1024   1052 -5.221416763035136E-002 -4.971357945924892E-002  3.860991152008911E-002  4.863359824978368E-001
   1024   1053 -5.233548219609735E-002 -4.983489402499491E-002  3.873122608583510E-002  4.896371197141601E-001
   1024   1054 -5.238829785112836E-002 -4.988770968002593E-002  3.878404174086611E-002  4.910743067770263E-001
   1024   1055 -5.344856101307444E-002 -5.094797284197200E-002  3.984430490281218E-002  5.199255346693583E-001
   1024   1056 -5.525411806043917E-002 -5.275352988933674E-002  4.164986195017692E-002  5.690572405663283E-001
   1024   1057 -5.527363383794615E-002 -5.277304566684371E-002  4.166937772768389E-002  5.695882918793970E-001
   1024   1058 -5.562617154229926E-002 -5.312558337119683E-002  4.202191543203701E-002  5.791813306776729E-001
   1024   1059 -5.582520371214555E-002 -5.332461554104312E-002  4.222094760188330E-002  5.845972714518490E-001
   1024   1060 -5.605468317512358E-002 -5.355409500402114E-002  4.245042706486132E-002  5.908417252069306E-001
   1024   1061 -5.616498482109678E-002 -5.366439664999434E-002  4.256072871083452E-002  5.938431856358971E-001
   1024   1062 -5.734004293319533E-002 -5.483945476209290E-002  4.373578682293308E-002  6.258181429820179E-001
   1024   1063 -5.754152911090044E-002 -5.504094093979800E-002  4.393727300063818E-002  6.313008607060356E-001
   1024   1064 -5.921393868864944E-002 -5.671335051754700E-002  4.560968257838718E-002  6.768094396973042E-001
   1024   1065 -5.965206607399948E-002 -5.715147790289704E-002  4.604780996373722E-002  6.887314921596422E-001
   1024   1066 -6.105820044598276E-002 -5.855761227488032E-002  4.745394433572050E-002  7.269943543144194E-001
   1024   1067 -6.106940556423507E-002 -5.856881739313263E-002  4.746514945397282E-002  7.272992610883797E-001
   1024   1068 -6.180042472332914E-002 -5.929983655222670E-002  4.819616861306689E-002  7.471913040355028E-001
   1024   1069 -6.200110105654488E-002 -5.950051288544245E-002  4.839684494628263E-002  7.526519847702537E-001
   1024   1070 -6.201942662455767E-002 -5.951883845345524E-002  4.841517051429542E-002  7.531506488359022E-001
   1024   1071 -6.211996815615695E-002 -5.961937998505451E-002  4.851571204589469E-002  7.558865230461225E-001
   1024   1072 -6.327337691440837E-002 -6.077278874330594E-002  4.966912080414612E-002  7.872723715143880E-001
   1024   1073 -6.334309711161035E-002 -6.084250894050791E-002  4.973884100134809E-002  7.891695545632458E-001
   1024   1074 -6.337110581498745E-002 -6.087051764388501E-002  4.976684970472520E-002  7.899317101422609E-001
   1024   1075 -6.344976730302054E-002 -6.094917913191811E-002  4.984551119275829E-002  7.920721980881283E-001
   1024   1076 -6.357334904923906E-002 -6.107276087813662E-002  4.996909293897681E-002  7.954350284225694E-001
   1024   1077 -6.376673936616167E-002 -6.126615119505924E-002  5.016248325589942E-002  8.006974465711577E-001
   1024   1078 -6.388949918045234E-002 -6.138891100934990E-002  5.028524307019008E-002  8.040379110004032E-001
   1024   1079 -6.415389873742755E-002 -6.165331056632511E-002  5.054964262716530E-002  8.112325888376698E-001
   1024   1080 -6.423125989384765E-002 -6.173067172274521E-002  5.062700378358539E-002  8.133376929608706E-001
   1024   1081 -6.485419878446358E-002 -6.235361061336114E-002  5.124994267420133E-002  8.302887222347431E-001
   1024   1082 -6.503489871509405E-002 -6.253431054399161E-002  5.143064260483179E-002  8.352058174106043E-001
   1024   1083 -6.520291533005634E-002 -6.270232715895391E-002  5.159865921979409E-002  8.397777820152011E-001
   1024   1084 -6.521024269420367E-002 -6.270965452310123E-002  5.160598658394142E-002  8.399771697336960E-001
   1024   1085 -6.649506053559406E-002 -6.399447236449163E-002  5.289080442533181E-002  8.749388412059466E-001
   1024   1086 -6.677714263974066E-002 -6.427655446863823E-002  5.317288652947841E-002  8.826146856219161E-001
   1024   1087 -6.714403552489434E-002 -6.464344735379191E-002  5.353977941463209E-002  8.925983487553358E-001
   1024   1088 -6.719814032288923E-002 -6.469755215178680E-002  5.359388421262698E-002  8.940706151822426E-001
