# Total number of <f|i> elements, Initial States (bandI, bandF), Final States (bandI, bandF) Format : '(5i10)'
        64      1025      1088      1024      1024
# Total-energy difference (Hartree). Format: '(ES24.15E3)'
# With relaxation (for delta function)
 -3.434164835680065E-002
# Electronic only without relaxation (for zeroth-order matrix element)
 -3.184106018569821E-002
# Final Band, Initial Band, Delta Function (Hartree), Zeroth-order (Hartree), First-order (Hartree), Plotting (eV) Format : '(2i10,4ES24.15E3)'
   1024   1025 -3.434164835680065E-002 -3.184106018569821E-002  2.044207585267604E-003  0.000000000000000E+000
   1024   1026 -3.436926558153894E-002 -3.186867741043650E-002  2.071824810005896E-003  7.515029035015269E-004
   1024   1027 -3.476030829247634E-002 -3.225972012137390E-002  2.462867520943296E-003  1.139231621647415E-002
   1024   1028 -3.544836932478254E-002 -3.294778115368011E-002  3.150928553249499E-003  3.011540908566610E-002
   1024   1029 -3.569967410748345E-002 -3.319908593638102E-002  3.402233335950411E-003  3.695375999359450E-002
   1024   1030 -3.683833080244056E-002 -3.433774263133813E-002  4.540890030907518E-003  6.793818440483128E-002
   1024   1031 -4.117564037994756E-002 -3.867505220884512E-002  8.878199608414516E-003  1.859623802380286E-001
   1024   1032 -4.142804715704604E-002 -3.892745898594360E-002  9.130606385512996E-003  1.928307179385208E-001
   1024   1033 -4.146625446700405E-002 -3.896566629590162E-002  9.168813695471012E-003  1.938703917160464E-001
   1024   1034 -4.251252840309694E-002 -4.001194023199450E-002  1.021508763156390E-002  2.223409534137830E-001
   1024   1035 -4.253882145188706E-002 -4.003823328078462E-002  1.024138068035402E-002  2.230564236572607E-001
   1024   1036 -4.258017318956944E-002 -4.007958501846701E-002  1.028273241803640E-002  2.241816616646140E-001
   1024   1037 -4.287334511425756E-002 -4.037275694315512E-002  1.057590434272451E-002  2.321592754442773E-001
   1024   1038 -4.301783528583705E-002 -4.051724711473462E-002  1.072039451430401E-002  2.360910529671242E-001
   1024   1039 -4.302116140648046E-002 -4.052057323537803E-002  1.072372063494742E-002  2.361815613127167E-001
   1024   1040 -4.334422900203286E-002 -4.084364083093042E-002  1.104678823049982E-002  2.449726776680202E-001
   1024   1041 -4.337672358159775E-002 -4.087613541049531E-002  1.107928281006471E-002  2.458569001459297E-001
   1024   1042 -4.371839826006965E-002 -4.121781008896722E-002  1.142095748853661E-002  2.551543409770707E-001
   1024   1043 -4.482855304401395E-002 -4.232796487291152E-002  1.253111227248091E-002  2.853631889469945E-001
   1024   1044 -4.497779129801896E-002 -4.247720312691652E-002  1.268035052648592E-002  2.894241683633209E-001
   1024   1045 -4.500642798404486E-002 -4.250583981294243E-002  1.270898721251182E-002  2.902034122192500E-001
   1024   1046 -4.509227929685866E-002 -4.259169112575623E-002  1.279483852532562E-002  2.925395452471113E-001
   1024   1047 -4.510553522744984E-002 -4.260494705634740E-002  1.280809445591680E-002  2.929002574628493E-001
   1024   1048 -4.541236759883446E-002 -4.291177942773203E-002  1.311492682730142E-002  3.012495909012704E-001
   1024   1049 -4.584690578899844E-002 -4.334631761789601E-002  1.354946501746540E-002  3.130739763956522E-001
   1024   1050 -4.594283195236934E-002 -4.344224378126690E-002  1.364539118083630E-002  3.156842600493547E-001
   1024   1051 -4.656319491911706E-002 -4.406260674801463E-002  1.426575414758402E-002  3.325651948700554E-001
   1024   1052 -4.985836469327234E-002 -4.735777652216991E-002  1.756092392173930E-002  4.222313244784643E-001
   1024   1053 -5.004564476488274E-002 -4.754505659378030E-002  1.774820399334970E-002  4.273274743963831E-001
   1024   1054 -5.028383607878448E-002 -4.778324790768204E-002  1.798639530725143E-002  4.338089896710809E-001
   1024   1055 -5.465990750211566E-002 -5.215931933101323E-002  2.236246673058262E-002  5.528879489701224E-001
   1024   1056 -5.485875118774466E-002 -5.235816301664223E-002  2.256131041621162E-002  5.582987608279103E-001
   1024   1057 -5.492676327637927E-002 -5.242617510527683E-002  2.262932250484623E-002  5.601494638788670E-001
   1024   1058 -5.517316656861546E-002 -5.267257839751302E-002  2.287572579708241E-002  5.668544384482735E-001
   1024   1059 -5.526761579685704E-002 -5.276702762575461E-002  2.297017502532400E-002  5.694245326532362E-001
   1024   1060 -5.541296704649887E-002 -5.291237887539643E-002  2.311552627496583E-002  5.733797413017705E-001
   1024   1061 -5.567325473436616E-002 -5.317266656326372E-002  2.337581396283311E-002  5.804625294903591E-001
   1024   1062 -5.591101495757303E-002 -5.341042678647059E-002  2.361357418603999E-002  5.869323141906807E-001
   1024   1063 -5.621254169379694E-002 -5.371195352269451E-002  2.391510092226390E-002  5.951372739541225E-001
   1024   1064 -5.787599276932734E-002 -5.537540459822490E-002  2.557855199779430E-002  6.404020797027100E-001
   1024   1065 -5.804315444888367E-002 -5.554256627778123E-002  2.574571367735062E-002  6.449507803317995E-001
   1024   1066 -5.815832613101315E-002 -5.565773795991072E-002  2.586088535948011E-002  6.480847611840269E-001
   1024   1067 -6.054384496741835E-002 -5.804325679631592E-002  2.824640419588531E-002  7.129980299467094E-001
   1024   1068 -6.217755126879124E-002 -5.967696309768880E-002  2.988011049725819E-002  7.574534392278677E-001
   1024   1069 -6.240918387050173E-002 -5.990859569939930E-002  3.011174309896869E-002  7.637564828675025E-001
   1024   1070 -6.245203822363163E-002 -5.995145005252919E-002  3.015459745209859E-002  7.649226091205921E-001
   1024   1071 -6.269655165896384E-002 -6.019596348786141E-002  3.039911088743080E-002  7.715761580683443E-001
   1024   1072 -6.278627880891827E-002 -6.028569063781583E-002  3.048883803738522E-002  7.740177579884179E-001
   1024   1073 -6.294932384701493E-002 -6.044873567591250E-002  3.065188307548189E-002  7.784544391065346E-001
   1024   1074 -6.320388159754683E-002 -6.070329342644440E-002  3.090644082601379E-002  7.853813077707963E-001
   1024   1075 -6.322408027150248E-002 -6.072349210040004E-002  3.092663949996943E-002  7.859309416412662E-001
   1024   1076 -6.345474711819607E-002 -6.095415894709363E-002  3.115730634666303E-002  7.922077057504214E-001
   1024   1077 -6.402426768788036E-002 -6.152367951677792E-002  3.172682691634732E-002  8.077051485882665E-001
   1024   1078 -6.417953922668626E-002 -6.167895105558382E-002  3.188209845515322E-002  8.119303020332468E-001
   1024   1079 -6.419672825519726E-002 -6.169614008409482E-002  3.189928748366422E-002  8.123980392862400E-001
   1024   1080 -6.653816922901704E-002 -6.403758105791460E-002  3.424072845748399E-002  8.761118884103821E-001
   1024   1081 -6.681832413511588E-002 -6.431773596401344E-002  3.452088336358283E-002  8.837352911005000E-001
   1024   1082 -6.691921081195215E-002 -6.441862264084972E-002  3.462177004041911E-002  8.864805571902517E-001
   1024   1083 -6.693508211864693E-002 -6.443449394754450E-002  3.463764134711389E-002  8.869124374090831E-001
   1024   1084 -6.752814040346825E-002 -6.502755223236581E-002  3.523069963193520E-002  9.030503740487090E-001
   1024   1085 -6.760745130651766E-002 -6.510686313541522E-002  3.531001053498461E-002  9.052085334758698E-001
   1024   1086 -6.766856878911384E-002 -6.516798061801141E-002  3.537112801758080E-002  9.068716247553514E-001
   1024   1087 -6.799468116731747E-002 -6.549409299621503E-002  3.569724039578442E-002  9.157455938601479E-001
   1024   1088 -6.801286392440056E-002 -6.551227575329813E-002  3.571542315286752E-002  9.162403718427691E-001
