# Total number of <f|i> elements, Initial States (bandI, bandF), Final States (bandI, bandF) Format : '(5i10)'
        64      1025      1088      1024      1024
# Total-energy difference (Hartree). Format: '(ES24.15E3)'
# With relaxation (for delta function)
 -3.429465810059185E-002
# Electronic only without relaxation (for zeroth-order matrix element)
 -3.184106018569821E-002
# Final Band, Initial Band, Delta Function (Hartree), Zeroth-order (Hartree), First-order (Hartree), Plotting (eV) Format : '(2i10,4ES24.15E3)'
   1024   1025 -4.043280599100263E-002 -3.797920807610899E-002  3.163494206380657E-002  1.033466809657814E+000
   1024   1026 -4.046562813823265E-002 -3.801203022333902E-002  3.166776421103659E-002  1.034359945705200E+000
   1024   1027 -4.046840966551493E-002 -3.801481175062130E-002  3.167054573831887E-002  1.034435634911795E+000
   1024   1028 -4.146426806050435E-002 -3.901067014561072E-002  3.266640413330829E-002  1.061534319968055E+000
   1024   1029 -4.178073580963393E-002 -3.932713789474029E-002  3.298287188243787E-002  1.070145845368930E+000
   1024   1030 -4.186847191291063E-002 -3.941487399801699E-002  3.307060798571457E-002  1.072533266153573E+000
   1024   1031 -4.724707284343585E-002 -4.479347492854222E-002  3.844920891623979E-002  1.218892440703848E+000
   1024   1032 -4.748530890636204E-002 -4.503171099146841E-002  3.868744497916599E-002  1.225375173661428E+000
   1024   1033 -4.752030609198393E-002 -4.506670817709030E-002  3.872244216478787E-002  1.226327495513405E+000
   1024   1034 -4.861419902863015E-002 -4.616060111373652E-002  3.981633510143409E-002  1.256093836114228E+000
   1024   1035 -4.862251624982014E-002 -4.616891833492651E-002  3.982465232262408E-002  1.256320159212677E+000
   1024   1036 -4.868406316506313E-002 -4.623046525016949E-002  3.988619923786707E-002  1.257994935948753E+000
   1024   1037 -4.888097117487095E-002 -4.642737325997731E-002  4.008310724767489E-002  1.263353075388742E+000
   1024   1038 -4.910467037555594E-002 -4.665107246066230E-002  4.030680644835988E-002  1.269440240207757E+000
   1024   1039 -4.912619995519224E-002 -4.667260204029861E-002  4.032833602799618E-002  1.270026089863584E+000
   1024   1040 -4.937065454048234E-002 -4.691705662558870E-002  4.057279061328628E-002  1.276678037420250E+000
   1024   1041 -4.945768389112423E-002 -4.700408597623060E-002  4.065981996392817E-002  1.279046226487654E+000
   1024   1042 -4.960134739365243E-002 -4.714774947875880E-002  4.080348346645638E-002  1.282955509201620E+000
   1024   1043 -5.086496322067513E-002 -4.841136530578150E-002  4.206709929347907E-002  1.317340244522307E+000
   1024   1044 -5.102429702624875E-002 -4.857069911135511E-002  4.222643309905269E-002  1.321675937867645E+000
   1024   1045 -5.106742459734373E-002 -4.861382668245010E-002  4.226956067014767E-002  1.322849498759660E+000
   1024   1046 -5.118603741450395E-002 -4.873243949961031E-002  4.238817348730789E-002  1.326077117658123E+000
   1024   1047 -5.120106757209134E-002 -4.874746965719770E-002  4.240320364489528E-002  1.326486109045709E+000
   1024   1048 -5.132414817083394E-002 -4.887055025594031E-002  4.252628424363789E-002  1.329835302463813E+000
   1024   1049 -5.183928788936523E-002 -4.938568997447160E-002  4.304142396216917E-002  1.343852967086300E+000
   1024   1050 -5.202238689611113E-002 -4.956878898121750E-002  4.322452296891507E-002  1.348835344443248E+000
   1024   1051 -5.220528116979353E-002 -4.975168325489990E-002  4.340741724259747E-002  1.353812150730215E+000
   1024   1052 -5.593461831533414E-002 -5.348102040044050E-002  4.713675438813808E-002  1.455292575340877E+000
   1024   1053 -5.612407131190283E-002 -5.367047339700920E-002  4.732620738470678E-002  1.460447853553936E+000
   1024   1054 -5.619744251436026E-002 -5.374384459946663E-002  4.739957858716420E-002  1.462444385508274E+000
   1024   1055 -6.071255752012555E-002 -5.825895960523192E-002  5.191469359292950E-002  1.585306913102200E+000
   1024   1056 -6.096287767891911E-002 -5.850927976402548E-002  5.216501375172305E-002  1.592118471031027E+000
   1024   1057 -6.100113780053312E-002 -5.854753988563949E-002  5.220327387333706E-002  1.593159581886797E+000
   1024   1058 -6.128009226325076E-002 -5.882649434835713E-002  5.248222833605470E-002  1.600750318851266E+000
   1024   1059 -6.136560935473723E-002 -5.891201143984359E-002  5.256774542754117E-002  1.603077357254295E+000
   1024   1060 -6.141735205704746E-002 -5.896375414215382E-002  5.261948812985140E-002  1.604485347788813E+000
   1024   1061 -6.165670426413755E-002 -5.920310634924392E-002  5.285884033694149E-002  1.610998452573679E+000
   1024   1062 -6.199116368322904E-002 -5.953756576833541E-002  5.319329975603299E-002  1.620099556212171E+000
   1024   1063 -6.215803134791892E-002 -5.970443343302528E-002  5.336016742072286E-002  1.624640256289869E+000
   1024   1064 -6.395700231223461E-002 -6.150340439734098E-002  5.515913838503855E-002  1.673592745752857E+000
   1024   1065 -6.412208102956285E-002 -6.166848311466921E-002  5.532421710236679E-002  1.678084766097192E+000
   1024   1066 -6.412978917231404E-002 -6.167619125742041E-002  5.533192524511799E-002  1.678294515328443E+000
   1024   1067 -6.663021765796207E-002 -6.417661974306843E-002  5.783235373076601E-002  1.746334634665890E+000
   1024   1068 -6.822522481143645E-002 -6.577162689654281E-002  5.942736088424039E-002  1.789736986578527E+000
   1024   1069 -6.850806365029366E-002 -6.605446573540003E-002  5.971019972309760E-002  1.797433422793187E+000
   1024   1070 -6.852483474389776E-002 -6.607123682900412E-002  5.972697081670170E-002  1.797889787459000E+000
   1024   1071 -6.880303483654093E-002 -6.634943692164730E-002  6.000517090934487E-002  1.805459996969801E+000
   1024   1072 -6.888602672885613E-002 -6.643242881396250E-002  6.008816280166007E-002  1.807718321208858E+000
   1024   1073 -6.895449382185431E-002 -6.650089590696068E-002  6.015662989465825E-002  1.809581405558210E+000
   1024   1074 -6.927402241171865E-002 -6.682042449682501E-002  6.047615848452259E-002  1.818276220671253E+000
   1024   1075 -6.928576503323164E-002 -6.683216711833800E-002  6.048790110603558E-002  1.818595753652765E+000
   1024   1076 -6.945297765773056E-002 -6.699937974283693E-002  6.065511373053450E-002  1.823145840564244E+000
   1024   1077 -7.009811394955995E-002 -6.764451603466631E-002  6.130025002236389E-002  1.840700891843230E+000
   1024   1078 -7.023642509631806E-002 -6.778282718142442E-002  6.143856116912200E-002  1.844464529549782E+000
   1024   1079 -7.028554298662615E-002 -6.783194507173251E-002  6.148767905943009E-002  1.845801095317349E+000
   1024   1080 -7.261538097271186E-002 -7.016178305781823E-002  6.381751704551580E-002  1.909199211088336E+000
   1024   1081 -7.290189495390281E-002 -7.044829703900918E-002  6.410403102670675E-002  1.916995653011780E+000
   1024   1082 -7.301313256781133E-002 -7.055953465291770E-002  6.421526864061528E-002  1.920022582423515E+000
   1024   1083 -7.302633004196246E-002 -7.057273212706883E-002  6.422846611476640E-002  1.920381703958624E+000
   1024   1084 -7.356370429195386E-002 -7.111010637706022E-002  6.476584036475780E-002  1.935004400951620E+000
   1024   1085 -7.368561990484862E-002 -7.123202198995499E-002  6.488775597765256E-002  1.938321893492626E+000
   1024   1086 -7.374584747116603E-002 -7.129224955627239E-002  6.494798354396997E-002  1.939960768918643E+000
   1024   1087 -7.403823208652416E-002 -7.158463417163052E-002  6.524036815932810E-002  1.947916958921911E+000
   1024   1088 -7.409885771923497E-002 -7.164525980434133E-002  6.530099379203891E-002  1.949566666285361E+000
