# Total number of <f|i> elements, Initial States (bandI, bandF), Final States (bandI, bandF) Format : '(5i10)'
        64      1025      1088      1024      1024
# Total-energy difference (Hartree). Format: '(ES24.15E3)'
# With relaxation (for delta function)
 -3.434164835680065E-002
# Electronic only without relaxation (for zeroth-order matrix element)
 -3.184106018569821E-002
# Final Band, Initial Band, Delta Function (Hartree), Zeroth-order (Hartree), First-order (Hartree), Plotting (eV) Format : '(2i10,4ES24.15E3)'
   1024   1025 -3.434164835680065E-002 -3.184106018569821E-002  2.044270913933305E-003  0.000000000000000E+000
   1024   1026 -3.436957983773253E-002 -3.186899166663010E-002  2.072202394865191E-003  7.600542494158331E-004
   1024   1027 -3.476086676264933E-002 -3.226027859154690E-002  2.463489319781992E-003  1.140751296272589E-002
   1024   1028 -3.544857430421464E-002 -3.294798613311220E-002  3.151196861347294E-003  3.012098685967624E-002
   1024   1029 -3.570050991059853E-002 -3.319992173949610E-002  3.403132467731190E-003  3.697650335299030E-002
   1024   1030 -3.683794609503674E-002 -3.433735792393430E-002  4.540568652169397E-003  6.792771598399210E-002
   1024   1031 -4.117575594759196E-002 -3.867516777648952E-002  8.878378504724616E-003  1.859655249935621E-001
   1024   1032 -4.142898887494215E-002 -3.892840070383971E-002  9.131611432074804E-003  1.928563433856796E-001
   1024   1033 -4.146617140079906E-002 -3.896558322969662E-002  9.168793957931715E-003  1.938681313696564E-001
   1024   1034 -4.251398064251544E-002 -4.001339247141300E-002  1.021660319964809E-002  2.223804708580563E-001
   1024   1035 -4.253868287165344E-002 -4.003809470055100E-002  1.024130542878610E-002  2.230526526973282E-001
   1024   1036 -4.258123288768134E-002 -4.008064471657891E-002  1.028385544481400E-002  2.242104975167126E-001
   1024   1037 -4.287264441865235E-002 -4.037205624754991E-002  1.057526697578501E-002  2.321402085471950E-001
   1024   1038 -4.301751211054963E-002 -4.051692393944720E-002  1.072013466768229E-002  2.360822589203242E-001
   1024   1039 -4.302181601642185E-002 -4.052122784531942E-002  1.072443857355451E-002  2.361993741551105E-001
   1024   1040 -4.334385116456693E-002 -4.084326299346450E-002  1.104647372169959E-002  2.449623961876982E-001
   1024   1041 -4.337675580120703E-002 -4.087616763010460E-002  1.107937835833969E-002  2.458577768860858E-001
   1024   1042 -4.371911315685445E-002 -4.121852498575201E-002  1.142173571398711E-002  2.551737943079022E-001
   1024   1043 -4.482912962993335E-002 -4.232854145883092E-002  1.253175218706601E-002  2.853788786477755E-001
   1024   1044 -4.497833776053034E-002 -4.247774958942790E-002  1.268096031766300E-002  2.894390383644832E-001
   1024   1045 -4.500629612750776E-002 -4.250570795640532E-002  1.270891868464041E-002  2.901998242204044E-001
   1024   1046 -4.509323895958406E-002 -4.259265078848162E-002  1.279586151671672E-002  2.925656589979082E-001
   1024   1047 -4.510629087685095E-002 -4.260570270574851E-002  1.280891343398360E-002  2.929208197287664E-001
   1024   1048 -4.541210661389805E-002 -4.291151844279562E-002  1.311472917103071E-002  3.012424891399840E-001
   1024   1049 -4.584704344748813E-002 -4.334645527638570E-002  1.354966600462079E-002  3.130777222736567E-001
   1024   1050 -4.594320663043905E-002 -4.344261845933661E-002  1.364582918757171E-002  3.156944555581335E-001
   1024   1051 -4.656321429940186E-002 -4.406262612829942E-002  1.426583685653451E-002  3.325657222344242E-001
   1024   1052 -4.985842846039176E-002 -4.735784028928933E-002  1.756105101752442E-002  4.222330596700284E-001
   1024   1053 -5.004607136708553E-002 -4.754548319598309E-002  1.774869392421818E-002  4.273390828326786E-001
   1024   1054 -5.028389489275234E-002 -4.778330672164990E-002  1.798651744988500E-002  4.338105900805368E-001
   1024   1055 -5.466028428326855E-002 -5.215969611216612E-002  2.236290684040121E-002  5.528982017067049E-001
   1024   1056 -5.485969376441216E-002 -5.235910559330972E-002  2.256231632154482E-002  5.583244096434270E-001
   1024   1057 -5.492717083848483E-002 -5.242658266738240E-002  2.262979339561749E-002  5.601605542077682E-001
   1024   1058 -5.517439660686932E-002 -5.267380843576688E-002  2.287701916400198E-002  5.668879094913619E-001
   1024   1059 -5.526782720498277E-002 -5.276723903388034E-002  2.297044976211543E-002  5.694302853608965E-001
   1024   1060 -5.541321942743035E-002 -5.291263125632792E-002  2.311584198456301E-002  5.733866089361761E-001
   1024   1061 -5.567302152315515E-002 -5.317243335205271E-002  2.337564408028781E-002  5.804561834905759E-001
   1024   1062 -5.591113085760333E-002 -5.341054268650089E-002  2.361375341473598E-002  5.869354679908945E-001
   1024   1063 -5.621179038764865E-002 -5.371120221654621E-002  2.391441294478130E-002  5.951168298741248E-001
   1024   1064 -5.787633917667692E-002 -5.537575100557449E-002  2.557896173380958E-002  6.404115059260714E-001
   1024   1065 -5.804356506738015E-002 -5.554297689627771E-002  2.574618762451281E-002  6.449619538293273E-001
   1024   1066 -5.815824788425397E-002 -5.565765971315154E-002  2.586087044138663E-002  6.480826319814270E-001
   1024   1067 -6.054413288923957E-002 -5.804354471813714E-002  2.824675544637223E-002  7.130058646979082E-001
   1024   1068 -6.217750638498895E-002 -5.967691821388652E-002  2.988012894212161E-002  7.574522178774946E-001
   1024   1069 -6.241067160389244E-002 -5.991008343279000E-002  3.011329416102509E-002  7.637969661518783E-001
   1024   1070 -6.245103844698027E-002 -5.995045027587784E-002  3.015366100411293E-002  7.648954038143578E-001
   1024   1071 -6.269698982951635E-002 -6.019640165841392E-002  3.039961238664901E-002  7.715880812954448E-001
   1024   1072 -6.278665782882706E-002 -6.028606965772462E-002  3.048928038595972E-002  7.740280716446466E-001
   1024   1073 -6.295029257997573E-002 -6.044970440887329E-002  3.065291513710838E-002  7.784807996709886E-001
   1024   1074 -6.320395033602763E-002 -6.070336216492520E-002  3.090657289316029E-002  7.853831782399832E-001
   1024   1075 -6.322480365960395E-002 -6.072421548850152E-002  3.092742621673661E-002  7.859506260325753E-001
   1024   1076 -6.345413211780895E-002 -6.095354394670652E-002  3.115675467494161E-002  7.921909707388135E-001
   1024   1077 -6.402355603232893E-002 -6.152296786122649E-002  3.172617858946158E-002  8.076857834558804E-001
   1024   1078 -6.418010926207393E-002 -6.167952109097150E-002  3.188273181920659E-002  8.119458134849944E-001
   1024   1079 -6.419728511852976E-002 -6.169669694742733E-002  3.189990767566242E-002  8.124131923081384E-001
   1024   1080 -6.653862044393263E-002 -6.403803227283020E-002  3.424124300106529E-002  8.761241665926538E-001
   1024   1081 -6.681807115230384E-002 -6.431748298120141E-002  3.452069370943650E-002  8.837284070880917E-001
   1024   1082 -6.691955140662795E-002 -6.441896323552551E-002  3.462217396376061E-002  8.864898252427154E-001
   1024   1083 -6.693562356304786E-002 -6.443503539194542E-002  3.463824612018052E-002  8.869271708605155E-001
   1024   1084 -6.752817938077746E-002 -6.502759120967502E-002  3.523080193791012E-002  9.030514346752319E-001
   1024   1085 -6.760836653239247E-002 -6.510777836129003E-002  3.531098908952512E-002  9.052334380384679E-001
   1024   1086 -6.766899475164942E-002 -6.516840658054698E-002  3.537161730878208E-002  9.068832157854171E-001
   1024   1087 -6.799515091941946E-002 -6.549456274831703E-002  3.569777347655212E-002  9.157583764649142E-001
   1024   1088 -6.801283888107132E-002 -6.551225070996888E-002  3.571546143820398E-002  9.162396903791239E-001
