# Total number of <f|i> elements, Initial States (bandI, bandF), Final States (bandI, bandF) Format : '(5i10)'
        64      1025      1088      1024      1024
# Total-energy difference (Hartree). Format: '(ES24.15E3)'
# With relaxation (for delta function)
 -3.429465810059185E-002
# Electronic only without relaxation (for zeroth-order matrix element)
 -3.184106018569821E-002
# Final Band, Initial Band, Delta Function (Hartree), Zeroth-order (Hartree), First-order (Hartree), Plotting (eV) Format : '(2i10,4ES24.15E3)'
   1024   1025 -3.942834003478213E-002 -3.697474211988849E-002  3.063047610758607E-002  1.006133900948796E+000
   1024   1026 -3.957785523879065E-002 -3.712425732389701E-002  3.077999131159459E-002  1.010202416557978E+000
   1024   1027 -4.022350818088855E-002 -3.776991026599491E-002  3.142564425369249E-002  1.027771526605742E+000
   1024   1028 -4.043311112998735E-002 -3.797951321509371E-002  3.163524720279129E-002  1.033475112911858E+000
   1024   1029 -4.045003252014565E-002 -3.799643460525201E-002  3.165216859294959E-002  1.033935567354900E+000
   1024   1030 -4.428746678893244E-002 -4.183386887403881E-002  3.548960286173639E-002  1.138357464280376E+000
   1024   1031 -4.457647589271324E-002 -4.212287797781961E-002  3.577861196551718E-002  1.146221801942390E+000
   1024   1032 -4.514248062470733E-002 -4.268888270981369E-002  3.634461669751127E-002  1.161623573971257E+000
   1024   1033 -4.519948728810794E-002 -4.274588937321430E-002  3.640162336091188E-002  1.163174804171629E+000
   1024   1034 -4.639889047522533E-002 -4.394529256033169E-002  3.760102654802927E-002  1.195812224699188E+000
   1024   1035 -4.780980459754683E-002 -4.535620668265319E-002  3.901194067035077E-002  1.234205150475173E+000
   1024   1036 -4.862772604672383E-002 -4.617412813183019E-002  3.982986211952777E-002  1.256461924996056E+000
   1024   1037 -5.066559706135515E-002 -4.821199914646151E-002  4.186773313415909E-002  1.311915215432357E+000
   1024   1038 -5.075690905378055E-002 -4.830331113888692E-002  4.195904512658449E-002  1.314399941109266E+000
   1024   1039 -5.150792223107853E-002 -4.905432431618489E-002  4.271005830388247E-002  1.334836048960639E+000
   1024   1040 -5.159431279376453E-002 -4.914071487887089E-002  4.279644886656847E-002  1.337186855723769E+000
   1024   1041 -5.531688816699065E-002 -5.286329025209702E-002  4.651902423979459E-002  1.438483283152408E+000
   1024   1042 -5.539589769053205E-002 -5.294229977563841E-002  4.659803376333599E-002  1.440633241626089E+000
   1024   1043 -5.552365591638475E-002 -5.307005800149112E-002  4.672579198918869E-002  1.444109719751039E+000
   1024   1044 -5.614468161210784E-002 -5.369108369721420E-002  4.734681768491178E-002  1.461008688344284E+000
   1024   1045 -5.622047224132182E-002 -5.376687432642818E-002  4.742260831412576E-002  1.463071056248816E+000
   1024   1046 -5.633961517015201E-002 -5.388601725525838E-002  4.754175124295595E-002  1.466313100219419E+000
   1024   1047 -5.654943092898945E-002 -5.409583301409582E-002  4.775156700179339E-002  1.472022477373022E+000
   1024   1048 -5.677114388004872E-002 -5.431754596515509E-002  4.797327995285267E-002  1.478055593591029E+000
   1024   1049 -5.702083431200322E-002 -5.456723639710959E-002  4.822297038480716E-002  1.484850015781112E+000
   1024   1050 -5.703787926689102E-002 -5.458428135199739E-002  4.824001533969496E-002  1.485313832591441E+000
   1024   1051 -5.716151638069522E-002 -5.470791846580159E-002  4.836365245349916E-002  1.488678169554509E+000
   1024   1052 -5.730056801599925E-002 -5.484697010110562E-002  4.850270408880319E-002  1.492461956979128E+000
   1024   1053 -5.742082909795143E-002 -5.496723118305780E-002  4.862296517075537E-002  1.495734427443548E+000
   1024   1054 -5.747550217717812E-002 -5.502190426228448E-002  4.867763824998206E-002  1.497222157589193E+000
   1024   1055 -5.853579429189104E-002 -5.608219637699741E-002  4.973793036469498E-002  1.526074173326378E+000
   1024   1056 -6.034067481032823E-002 -5.788707689543460E-002  5.154281088313217E-002  1.575187469935008E+000
   1024   1057 -6.036023231859822E-002 -5.790663440370458E-002  5.156236839140216E-002  1.575719656799888E+000
   1024   1058 -6.071313773411252E-002 -5.825953981921889E-002  5.191527380691646E-002  1.585322701527720E+000
   1024   1059 -6.091150064520823E-002 -5.845790273031459E-002  5.211363671801217E-002  1.590720430845132E+000
   1024   1060 -6.114098024230463E-002 -5.868738232741100E-002  5.234311631510857E-002  1.596964888249761E+000
   1024   1061 -6.125098617404123E-002 -5.879738825914760E-002  5.245312224684517E-002  1.599958301885122E+000
   1024   1062 -6.242659784043136E-002 -5.997299992553773E-002  5.362873391323530E-002  1.631948322209559E+000
   1024   1063 -6.262772890328522E-002 -6.017413098839158E-002  5.382986497608916E-002  1.637421376767044E+000
   1024   1064 -6.430067291054692E-002 -6.184707499565328E-002  5.550280898335086E-002  1.682944498324929E+000
   1024   1065 -6.473866468109996E-002 -6.228506676620632E-002  5.594080075390390E-002  1.694862860520969E+000
   1024   1066 -6.614466632537153E-002 -6.369106841047789E-002  5.734680239817547E-002  1.733122110971034E+000
   1024   1067 -6.615590935981125E-002 -6.370231144491761E-002  5.735804543261519E-002  1.733428049496925E+000
   1024   1068 -6.688698343946836E-002 -6.443338552457473E-002  5.808911951227230E-002  1.753321586908570E+000
   1024   1069 -6.708788234248386E-002 -6.463428442759023E-002  5.829001841528780E-002  1.758788324075578E+000
   1024   1070 -6.710659689726073E-002 -6.465299898236709E-002  5.830873297006467E-002  1.759297573009380E+000
   1024   1071 -6.720712852725447E-002 -6.475353061236083E-002  5.840926460005841E-002  1.762033177783211E+000
   1024   1072 -6.835986815158124E-002 -6.590627023668760E-002  5.956200422438518E-002  1.793400818191399E+000
   1024   1073 -6.842987308706233E-002 -6.597627517216870E-002  5.963200915986627E-002  1.795305749362870E+000
   1024   1074 -6.845755238867246E-002 -6.600395447377883E-002  5.965968846147640E-002  1.796058941463960E+000
   1024   1075 -6.853616449730215E-002 -6.608256658240852E-002  5.973830057010610E-002  1.798198085727926E+000
   1024   1076 -6.865956131938816E-002 -6.620596340449453E-002  5.986169739219210E-002  1.801555884020813E+000
   1024   1077 -6.885275388253537E-002 -6.639915596764173E-002  6.005488995533931E-002  1.806812921015509E+000
   1024   1078 -6.897652701202212E-002 -6.652292909712848E-002  6.017866308482606E-002  1.810180959153526E+000
   1024   1079 -6.924018098998513E-002 -6.678658307509150E-002  6.044231706278907E-002  1.817355348754094E+000
   1024   1080 -6.931764169662485E-002 -6.686404378173122E-002  6.051977776942880E-002  1.819463161776534E+000
   1024   1081 -6.994093040313742E-002 -6.748733248824379E-002  6.114306647594137E-002  1.836423710025051E+000
   1024   1082 -7.012115085296133E-002 -6.766755293806770E-002  6.132328692576527E-002  1.841327757864631E+000
   1024   1083 -7.028960682612961E-002 -6.783600891123598E-002  6.149174289893355E-002  1.845911678014023E+000
   1024   1084 -7.029701273186023E-002 -6.784341481696660E-002  6.149914880466417E-002  1.846113202957690E+000
   1024   1085 -7.158194190485623E-002 -6.912834398996259E-002  6.278407797766017E-002  1.881077903916996E+000
   1024   1086 -7.186425457765822E-002 -6.941065666276458E-002  6.306639065046216E-002  1.888760022425154E+000
   1024   1087 -7.223065920703053E-002 -6.977706129213690E-002  6.343279527983448E-002  1.898730399443085E+000
   1024   1088 -7.228425346028916E-002 -6.983065554539553E-002  6.348638953309310E-002  1.900188773241195E+000
