# Total number of <f|i> elements, Initial States (bandI, bandF), Final States (bandI, bandF) Format : '(5i10)'
        64      1025      1088      1024      1024
# Total-energy difference (Hartree). Format: '(ES24.15E3)'
# With relaxation (for delta function)
 -3.434164835680065E-002
# Electronic only without relaxation (for zeroth-order matrix element)
 -3.184106018569821E-002
# Final Band, Initial Band, Delta Function (Hartree), Zeroth-order (Hartree), First-order (Hartree), Plotting (eV) Format : '(2i10,4ES24.15E3)'
   1024   1025 -3.434164835680065E-002 -3.184106018569821E-002  2.073826069794690E-002  0.000000000000000E+000
   1024   1026 -3.448977669644876E-002 -3.198918852534632E-002  2.088638903759502E-002  4.030777110709248E-003
   1024   1027 -3.513598731969345E-002 -3.263539914859101E-002  2.153259966083970E-002  2.161506243423024E-002
   1024   1028 -3.534530741455316E-002 -3.284471924345073E-002  2.174191975569942E-002  2.731095188506960E-002
   1024   1029 -3.536218068324715E-002 -3.286159251214471E-002  2.175879302439340E-002  2.777009687647452E-002
   1024   1030 -3.920069479971144E-002 -3.670010662860901E-002  2.559730714085770E-002  1.322213779516133E-001
   1024   1031 -3.948972987862606E-002 -3.698914170752363E-002  2.588634221977232E-002  1.400864224329643E-001
   1024   1032 -4.005641007526006E-002 -3.755582190415763E-002  2.645302241640632E-002  1.555065747894324E-001
   1024   1033 -4.011123322054125E-002 -3.761064504943881E-002  2.650784556168750E-002  1.569983884400913E-001
   1024   1034 -4.131060583347476E-002 -3.881001766237233E-002  2.770721817462102E-002  1.896349770017963E-001
   1024   1035 -4.272217305095086E-002 -4.022158487984842E-002  2.911878539209711E-002  2.280456744007305E-001
   1024   1036 -4.354000797151994E-002 -4.103941980041750E-002  2.993662031266620E-002  2.503000943584484E-001
   1024   1037 -4.557844040135245E-002 -4.307785223025001E-002  3.197505274249871E-002  3.057686616792933E-001
   1024   1038 -4.566986389116706E-002 -4.316927572006463E-002  3.206647623231332E-002  3.082564213544595E-001
   1024   1039 -4.642048145344915E-002 -4.391989328234672E-002  3.281709379459541E-002  3.286817639737750E-001
   1024   1040 -4.650709873173126E-002 -4.400651056062882E-002  3.290371107287751E-002  3.310387399820177E-001
   1024   1041 -5.022957328507707E-002 -4.772898511397464E-002  3.662618562622333E-002  4.323324239621928E-001
   1024   1042 -5.030796379275407E-002 -4.780737562165163E-002  3.670457613390032E-002  4.344655381575718E-001
   1024   1043 -5.043595144815957E-002 -4.793536327705714E-002  3.683256378930583E-002  4.379482593781523E-001
   1024   1044 -5.105803300926184E-002 -4.855744483815941E-002  3.745464535040810E-002  4.548759595295343E-001
   1024   1045 -5.113197619026463E-002 -4.863138801916220E-002  3.752858853141089E-002  4.568880558116307E-001
   1024   1046 -5.125196886910496E-002 -4.875138069800253E-002  3.764858121025122E-002  4.601532226559446E-001
   1024   1047 -5.146382001713576E-002 -4.896323184603332E-002  3.786043235828201E-002  4.659179855661922E-001
   1024   1048 -5.168540043604344E-002 -4.918481226494101E-002  3.808201277718970E-002  4.719474954009489E-001
   1024   1049 -5.193343729898506E-002 -4.943284912788262E-002  3.833004964013131E-002  4.786969216898834E-001
   1024   1050 -5.194771425207226E-002 -4.944712608096982E-002  3.834432659321851E-002  4.790854173406904E-001
   1024   1051 -5.207377018500478E-002 -4.957318201390234E-002  3.847038252615104E-002  4.825155737195477E-001
   1024   1052 -5.221256536936578E-002 -4.971197719826334E-002  3.860917771051203E-002  4.862923827591142E-001
   1024   1053 -5.233484620553294E-002 -4.983425803443051E-002  3.873145854667920E-002  4.896198135307807E-001
   1024   1054 -5.238794464325144E-002 -4.988735647214901E-002  3.878455698439770E-002  4.910646955019051E-001
   1024   1055 -5.344815428021324E-002 -5.094756610911080E-002  3.984476662135950E-002  5.199144669053438E-001
   1024   1056 -5.525437891396293E-002 -5.275379074286049E-002  4.165099125510918E-002  5.690643387516945E-001
   1024   1057 -5.527239214202387E-002 -5.277180397092143E-002  4.166900448317012E-002  5.695545036150185E-001
   1024   1058 -5.562541508045396E-002 -5.312482690935152E-002  4.202202742160022E-002  5.791607463040248E-001
   1024   1059 -5.582405469026605E-002 -5.332346651916361E-002  4.222066703141231E-002  5.845660049764223E-001
   1024   1060 -5.605414572999476E-002 -5.355355755889232E-002  4.245075807114101E-002  5.908271005812267E-001
   1024   1061 -5.616323143839877E-002 -5.366264326729633E-002  4.255984377954503E-002  5.937954736662482E-001
   1024   1062 -5.733939543677605E-002 -5.483880726567361E-002  4.373600777792230E-002  6.258005237084048E-001
   1024   1063 -5.754078605198767E-002 -5.504019788088524E-002  4.393739839313393E-002  6.312806410447299E-001
   1024   1064 -5.921321703601803E-002 -5.671262886491560E-002  4.560982937716429E-002  6.767898025305376E-001
   1024   1065 -5.965164336041787E-002 -5.715105518931543E-002  4.604825570156412E-002  6.887199895381102E-001
   1024   1066 -6.105911211778584E-002 -5.855852394668340E-002  4.745572445893209E-002  7.270191621658072E-001
   1024   1067 -6.106740799712204E-002 -5.856681982601961E-002  4.746402033826830E-002  7.272449045228810E-001
   1024   1068 -6.179928903866258E-002 -5.929870086756014E-002  4.819590137980884E-002  7.471604004840972E-001
   1024   1069 -6.200022803321484E-002 -5.949963986211240E-002  4.839684037436109E-002  7.526282285973012E-001
   1024   1070 -6.201973996943624E-002 -5.951915179833381E-002  4.841635231058250E-002  7.531591753836736E-001
   1024   1071 -6.211854104134293E-002 -5.961795287024049E-002  4.851515338248918E-002  7.558476892771059E-001
   1024   1072 -6.327329313375776E-002 -6.077270496265533E-002  4.966990547490402E-002  7.872700917269442E-001
   1024   1073 -6.334228965572794E-002 -6.084170148462550E-002  4.973890199687420E-002  7.891475825712796E-001
   1024   1074 -6.337023500677838E-002 -6.086964683567594E-002  4.976684734792464E-002  7.899080142458156E-001
   1024   1075 -6.344922661795246E-002 -6.094863844685003E-002  4.984583895909872E-002  7.920574852991934E-001
   1024   1076 -6.357202408263066E-002 -6.107143591152822E-002  4.996863642377691E-002  7.953989742475865E-001
   1024   1077 -6.376520799972327E-002 -6.126461982862083E-002  5.016182034086952E-002  8.006557759711719E-001
   1024   1078 -6.388869539156725E-002 -6.138810722046481E-002  5.028530773271350E-002  8.040160387925087E-001
   1024   1079 -6.415300354526046E-002 -6.165241537415803E-002  5.054961588640672E-002  8.112082294199826E-001
   1024   1080 -6.422957778866836E-002 -6.172898961756593E-002  5.062619012981462E-002  8.132919205511441E-001
   1024   1081 -6.485290804321195E-002 -6.235231987210951E-002  5.124952038435820E-002  8.302535993790812E-001
   1024   1082 -6.503460260022983E-002 -6.253401442912740E-002  5.143121494137609E-002  8.351977597153675E-001
   1024   1083 -6.520227165640144E-002 -6.270168348529900E-002  5.159888399754770E-002  8.397602667642969E-001
   1024   1084 -6.520946276141074E-002 -6.270887459030830E-002  5.160607510255699E-002  8.399559466830825E-001
   1024   1085 -6.649434111531974E-002 -6.399375294421730E-002  5.289095345646599E-002  8.749192647847053E-001
   1024   1086 -6.677656624467207E-002 -6.427597807356963E-002  5.317317858581833E-002  8.825990011144497E-001
   1024   1087 -6.714364143538268E-002 -6.464305326428024E-002  5.354025377652893E-002  8.925876250343587E-001
   1024   1088 -6.719684935019624E-002 -6.469626117909380E-002  5.359346169134249E-002  8.940354860287407E-001
