# Total number of <f|i> elements, Initial States (bandI, bandF), Final States (bandI, bandF) Format : '(5i10)'
        64      1025      1088      1024      1024
# Total-energy difference (Hartree). Format: '(ES24.15E3)'
# With relaxation (for delta function)
 -3.434164835680065E-002
# Electronic only without relaxation (for zeroth-order matrix element)
 -3.184106018569821E-002
# Final Band, Initial Band, Delta Function (Hartree), Zeroth-order (Hartree), First-order (Hartree), Plotting (eV) Format : '(2i10,4ES24.15E3)'
   1024   1025 -3.434164835680065E-002 -3.184106018569821E-002  1.979905809046908E-002  0.000000000000000E+000
   1024   1026 -3.471539266466414E-002 -3.221480449356171E-002  2.017280239833258E-002  1.017009982676355E-002
   1024   1027 -3.538703852735994E-002 -3.288645035625751E-002  2.084444826102838E-002  2.844651321455988E-002
   1024   1028 -3.550812979133625E-002 -3.300754162023381E-002  2.096553952500468E-002  3.174157408071164E-002
   1024   1029 -3.558904884033265E-002 -3.308846066923021E-002  2.104645857400109E-002  3.394349338453891E-002
   1024   1030 -3.933882924771365E-002 -3.683824107661121E-002  2.479623898138208E-002  1.359802074404904E-001
   1024   1031 -3.971069791459395E-002 -3.721010974349151E-002  2.516810764826238E-002  1.460992684804767E-001
   1024   1032 -4.019031880073207E-002 -3.768973062962963E-002  2.564772853440050E-002  1.591504165204545E-001
   1024   1033 -4.036524061814115E-002 -3.786465244703871E-002  2.582265035180958E-002  1.639102812394617E-001
   1024   1034 -4.160267342415835E-002 -3.910208525305592E-002  2.706008315782679E-002  1.975825403249529E-001
   1024   1035 -4.290633293982227E-002 -4.040574476871983E-002  2.836374267349070E-002  2.330569198284253E-001
   1024   1036 -4.346010100491254E-002 -4.095951283381011E-002  2.891751073858098E-002  2.481257152170063E-001
   1024   1037 -4.569920434887814E-002 -4.319861617777571E-002  3.115661408254658E-002  3.090548158118638E-001
   1024   1038 -4.578095581866726E-002 -4.328036764756482E-002  3.123836555233570E-002  3.112793864374147E-001
   1024   1039 -4.638607671341205E-002 -4.388548854230961E-002  3.184348644708049E-002  3.277455633860218E-001
   1024   1040 -4.676855851500666E-002 -4.426797034390423E-002  3.222596824867510E-002  3.381534225086772E-001
   1024   1041 -5.034235007581933E-002 -4.784176190471690E-002  3.579975980948777E-002  4.354012365055793E-001
   1024   1042 -5.043017835574504E-002 -4.792959018464260E-002  3.588758808941347E-002  4.377911655444012E-001
   1024   1043 -5.059710405956458E-002 -4.809651588846214E-002  3.605451379323302E-002  4.423334449471354E-001
   1024   1044 -5.123579240229797E-002 -4.873520423119554E-002  3.669320213596641E-002  4.597130386081611E-001
   1024   1045 -5.134234393956316E-002 -4.884175576846073E-002  3.679975367323160E-002  4.626124533895572E-001
   1024   1046 -5.145983492467315E-002 -4.895924675357072E-002  3.691724465834159E-002  4.658095456854747E-001
   1024   1047 -5.160335428376056E-002 -4.910276611265812E-002  3.706076401742900E-002  4.697149060569433E-001
   1024   1048 -5.181659419458468E-002 -4.931600602348224E-002  3.727400392825311E-002  4.755174591246505E-001
   1024   1049 -5.206308769829654E-002 -4.956249952719410E-002  3.752049743196498E-002  4.822248884731504E-001
   1024   1050 -5.216785912594973E-002 -4.966727095484730E-002  3.762526885961817E-002  4.850758640085817E-001
   1024   1051 -5.225598778960955E-002 -4.975539961850711E-002  3.771339752327799E-002  4.874739669044977E-001
   1024   1052 -5.227892401723067E-002 -4.977833584612823E-002  3.773633375089910E-002  4.880980933985962E-001
   1024   1053 -5.243658447626787E-002 -4.993599630516543E-002  3.789399420993630E-002  4.923882526690013E-001
   1024   1054 -5.254932184044403E-002 -5.004873366934159E-002  3.800673157411247E-002  4.954559923609635E-001
   1024   1055 -5.340396091798638E-002 -5.090337274688395E-002  3.886137065165482E-002  5.187119043617248E-001
   1024   1056 -5.539949247399023E-002 -5.289890430288779E-002  4.085690220765867E-002  5.730130795368886E-001
   1024   1057 -5.542841323714603E-002 -5.292782506604360E-002  4.088582297081447E-002  5.738000535246454E-001
   1024   1058 -5.583656019131827E-002 -5.333597202021584E-002  4.129396992498671E-002  5.849062969659159E-001
   1024   1059 -5.590821335014523E-002 -5.340762517904279E-002  4.136562308381367E-002  5.868560785755378E-001
   1024   1060 -5.616051744656736E-002 -5.365992927546492E-002  4.161792718023580E-002  5.937216221927308E-001
   1024   1061 -5.635849762164657E-002 -5.385790945054414E-002  4.181590735531501E-002  5.991089367334813E-001
   1024   1062 -5.741017848156788E-002 -5.490959031046544E-002  4.286758821523631E-002  6.277266283110148E-001
   1024   1063 -5.775979947236515E-002 -5.525921130126271E-002  4.321720920603359E-002  6.372402992971128E-001
   1024   1064 -5.939944413915993E-002 -5.689885596805749E-002  4.485685387282837E-002  6.818572997192675E-001
   1024   1065 -5.977024074891923E-002 -5.726965257781680E-002  4.522765048258767E-002  6.919471886014145E-001
   1024   1066 -6.122993754272577E-002 -5.872934937162333E-002  4.668734727639420E-002  7.316675583768953E-001
   1024   1067 -6.127327536643973E-002 -5.877268719533729E-002  4.673068510010817E-002  7.328468405336329E-001
   1024   1068 -6.199699592143065E-002 -5.949640775032822E-002  4.745440565509909E-002  7.525402783628633E-001
   1024   1069 -6.213170899100956E-002 -5.963112081990712E-002  4.758911872467800E-002  7.562060074101338E-001
   1024   1070 -6.220385269895645E-002 -5.970326452785402E-002  4.766126243262489E-002  7.581691375401604E-001
   1024   1071 -6.235621564248728E-002 -5.985562747138484E-002  4.781362537615572E-002  7.623151440826172E-001
   1024   1072 -6.338121083553067E-002 -6.088062266442823E-002  4.883862056919910E-002  7.902066817351756E-001
   1024   1073 -6.351259186172337E-002 -6.101200369062093E-002  4.897000159539180E-002  7.937817412708259E-001
   1024   1074 -6.355526229691077E-002 -6.105467412580834E-002  4.901267203057921E-002  7.949428628621837E-001
   1024   1075 -6.363767053154873E-002 -6.113708236044629E-002  4.909508026521717E-002  7.971853049681421E-001
   1024   1076 -6.382975965485543E-002 -6.132917148375300E-002  4.928716938852387E-002  8.024123158377716E-001
   1024   1077 -6.394089343737663E-002 -6.144030526627420E-002  4.939830317104507E-002  8.054364198537698E-001
   1024   1078 -6.412328889678687E-002 -6.162270072568443E-002  4.958069863045531E-002  8.103996527141027E-001
   1024   1079 -6.427735482728053E-002 -6.177676665617809E-002  4.973476456094897E-002  8.145919998885138E-001
   1024   1080 -6.441806711838116E-002 -6.191747894727873E-002  4.987547685204960E-002  8.184209760554731E-001
   1024   1081 -6.494850429851734E-002 -6.244791612741490E-002  5.040591403218578E-002  8.328549057777747E-001
   1024   1082 -6.515347843537184E-002 -6.265289026426940E-002  5.061088816904027E-002  8.384325356970946E-001
   1024   1083 -6.535209876396847E-002 -6.285151059286603E-002  5.080950849763691E-002  8.438372697009369E-001
   1024   1084 -6.540720472650957E-002 -6.290661655540714E-002  5.086461446017801E-002  8.453367792006176E-001
   1024   1085 -6.669458829265174E-002 -6.419400012154930E-002  5.215199802632017E-002  8.803682675939677E-001
   1024   1086 -6.686591062975084E-002 -6.436532245864840E-002  5.232332036341927E-002  8.850301854725636E-001
   1024   1087 -6.724763962673763E-002 -6.474705145563520E-002  5.270504936040607E-002  8.954175597400642E-001
   1024   1088 -6.730429472208987E-002 -6.480370655098744E-002  5.276170445575831E-002  8.969592232873189E-001
