# Total number of <f|i> elements, Initial States (bandI, bandF), Final States (bandI, bandF) Format : '(5i10)'
        64      1025      1088      1024      1024
# Total-energy difference (Hartree). Format: '(ES24.15E3)'
# With relaxation (for delta function)
 -3.429465810059185E-002
# Electronic only without relaxation (for zeroth-order matrix element)
 -3.184106018569821E-002
# Final Band, Initial Band, Delta Function (Hartree), Zeroth-order (Hartree), First-order (Hartree), Plotting (eV) Format : '(2i10,4ES24.15E3)'
   1024   1025 -3.927802179623063E-002 -3.682442388133700E-002  3.048015786903457E-002  1.002043533658412E+000
   1024   1026 -3.965024672063694E-002 -3.719664880574330E-002  3.085238279344088E-002  1.012172288958692E+000
   1024   1027 -4.032247927858665E-002 -3.786888136369301E-002  3.152461535139059E-002  1.030464667136251E+000
   1024   1028 -4.044384005909513E-002 -3.799024214420149E-002  3.164597613189907E-002  1.033767061920216E+000
   1024   1029 -4.052487523629034E-002 -3.807127732139670E-002  3.172701130909428E-002  1.035972141233038E+000
   1024   1030 -4.427536328460263E-002 -4.182176536970900E-002  3.547749935740657E-002  1.138028111178006E+000
   1024   1031 -4.464543168210194E-002 -4.219183376720831E-002  3.584756775490588E-002  1.148098184396815E+000
   1024   1032 -4.512397355107153E-002 -4.267037563617790E-002  3.632610962387547E-002  1.161119970886429E+000
   1024   1033 -4.530165173554923E-002 -4.284805382065560E-002  3.650378780835317E-002  1.165954840167799E+000
   1024   1034 -4.653854368567523E-002 -4.408494577078159E-002  3.774067975847917E-002  1.199612381816021E+000
   1024   1035 -4.784074137329394E-002 -4.538714345840031E-002  3.904287744609788E-002  1.235046982955419E+000
   1024   1036 -4.839704586781055E-002 -4.594344795291691E-002  3.959918194061449E-002  1.250184798098753E+000
   1024   1037 -5.063449502154613E-002 -4.818089710665249E-002  4.183663109435007E-002  1.311068885888284E+000
   1024   1038 -5.071625960026793E-002 -4.826266168537430E-002  4.191839567307187E-002  1.313293813226035E+000
   1024   1039 -5.132141726286593E-002 -4.886781934797230E-002  4.252355333566987E-002  1.329760990678809E+000
   1024   1040 -5.170384753691423E-002 -4.925024962202060E-002  4.290598360971817E-002  1.340167447665622E+000
   1024   1041 -5.527871817941726E-002 -5.282512026452363E-002  4.648085425222120E-002  1.437444624968617E+000
   1024   1042 -5.536521911037212E-002 -5.291162119547849E-002  4.656735518317606E-002  1.439798435005077E+000
   1024   1043 -5.553138255737455E-002 -5.307778464248092E-002  4.673351863017849E-002  1.444319972344961E+000
   1024   1044 -5.617176780462035E-002 -5.371816988972672E-002  4.737390387742429E-002  1.461745741126048E+000
   1024   1045 -5.627941366464356E-002 -5.382581574974993E-002  4.748154973744750E-002  1.464674933944079E+000
   1024   1046 -5.639573402804182E-002 -5.394213611314819E-002  4.759787010084576E-002  1.467840172003244E+000
   1024   1047 -5.653883817489996E-002 -5.408524026000633E-002  4.774097424770390E-002  1.471734233875359E+000
   1024   1048 -5.675191285648035E-002 -5.429831494158671E-002  4.795404892928429E-002  1.477532290826689E+000
   1024   1049 -5.699890447300243E-002 -5.454530655810880E-002  4.820104054580637E-002  1.484253274514074E+000
   1024   1050 -5.710337572373653E-002 -5.464977780884289E-002  4.830551179654047E-002  1.487096081820134E+000
   1024   1051 -5.719117503393345E-002 -5.473757711903982E-002  4.839331110673739E-002  1.489485222552545E+000
   1024   1052 -5.721393472175873E-002 -5.476033680686510E-002  4.841607079456267E-002  1.490104545154493E+000
   1024   1053 -5.737232492024846E-002 -5.491872700535483E-002  4.857446099305240E-002  1.494414561645258E+000
   1024   1054 -5.748565194624333E-002 -5.503205403134970E-002  4.868778801904727E-002  1.497498346851317E+000
   1024   1055 -5.833943317434853E-002 -5.588583525945490E-002  4.954156924715247E-002  1.520730915581750E+000
   1024   1056 -6.033399125967764E-002 -5.788039334478401E-002  5.153612733248158E-002  1.575005601272707E+000
   1024   1057 -6.036516732203284E-002 -5.791156940713921E-002  5.156730339483678E-002  1.575853945072698E+000
   1024   1058 -6.077233341317462E-002 -5.831873549828098E-002  5.197446948597856E-002  1.586933497873532E+000
   1024   1059 -6.084361423095946E-002 -5.839001631606583E-002  5.204575030376341E-002  1.588873147568130E+000
   1024   1060 -6.109554527904465E-002 -5.864194736415101E-002  5.229768135184859E-002  1.595728540023828E+000
   1024   1061 -6.129293699505872E-002 -5.883933908016509E-002  5.249507306786266E-002  1.601099841779071E+000
   1024   1062 -6.234537412334001E-002 -5.989177620844638E-002  5.354751019614395E-002  1.629738112465250E+000
   1024   1063 -6.269450550571937E-002 -6.024090759082573E-002  5.389664157852331E-002  1.639238460528747E+000
   1024   1064 -6.433496635869596E-002 -6.188136844380232E-002  5.553710243149990E-002  1.683877670506396E+000
   1024   1065 -6.470592669145775E-002 -6.225232877656411E-002  5.590806276426169E-002  1.693972014518010E+000
   1024   1066 -6.616418660425344E-002 -6.371058868935980E-002  5.736632267705738E-002  1.733653284772744E+000
   1024   1067 -6.620957892271284E-002 -6.375598100781921E-002  5.741171499551678E-002  1.734888472574638E+000
   1024   1068 -6.693306698908502E-002 -6.447946907419139E-002  5.813520306188896E-002  1.754575584066821E+000
   1024   1069 -6.706789910641336E-002 -6.461430119151973E-002  5.827003517921731E-002  1.758244552568099E+000
   1024   1070 -6.713949620352672E-002 -6.468589828863308E-002  5.834163227633066E-002  1.760192808660912E+000
   1024   1071 -6.729196437950236E-002 -6.483836646460872E-002  5.849410045230630E-002  1.764341678723819E+000
   1024   1072 -6.831723760461972E-002 -6.586363968972608E-002  5.951937367742366E-002  1.792240782013868E+000
   1024   1073 -6.844870720407836E-002 -6.599510928918473E-002  5.965084327688230E-002  1.795818251750657E+000
   1024   1074 -6.848991984111225E-002 -6.603632192621861E-002  5.969205591391619E-002  1.796939704636869E+000
   1024   1075 -6.857429191894976E-002 -6.612069400405612E-002  5.977642799175370E-002  1.799235585633972E+000
   1024   1076 -6.876320184947582E-002 -6.630960393458218E-002  5.996533792227976E-002  1.804376086268482E+000
   1024   1077 -6.887585740344704E-002 -6.642225948855340E-002  6.007799347625098E-002  1.807441599791554E+000
   1024   1078 -6.905945565203092E-002 -6.660585773713729E-002  6.026159172483486E-002  1.812437562209794E+000
   1024   1079 -6.921246816456245E-002 -6.675887024966881E-002  6.041460423736639E-002  1.816601244423672E+000
   1024   1080 -6.935289972321962E-002 -6.689930180832598E-002  6.055503579602356E-002  1.820422581472350E+000
   1024   1081 -6.988416241614265E-002 -6.743056450124901E-002  6.108629848894659E-002  1.834878974539976E+000
   1024   1082 -7.008916532745801E-002 -6.763556741256438E-002  6.129130140026195E-002  1.840457387452196E+000
   1024   1083 -7.028919101974945E-002 -6.783559310485582E-002  6.149132709255339E-002  1.845900363347001E+000
   1024   1084 -7.034207577112706E-002 -6.788847785623342E-002  6.154421184393100E-002  1.847339430617077E+000
   1024   1085 -7.162996719363723E-002 -6.917636927874360E-002  6.283210326644117E-002  1.882384738485003E+000
   1024   1086 -7.180156222960055E-002 -6.934796431470691E-002  6.300369830240449E-002  1.887054076877072E+000
   1024   1087 -7.218258690467816E-002 -6.972898898978452E-002  6.338472297748210E-002  1.897422285570740E+000
   1024   1088 -7.223934924011233E-002 -6.978575132521869E-002  6.344148531291627E-002  1.898966867269029E+000
