# Total number of <f|i> elements, Initial States (bandI, bandF), Final States (bandI, bandF) Format : '(5i10)'
        64      1025      1088      1024      1024
# Total-energy difference (Hartree). Format: '(ES24.15E3)'
# With relaxation (for delta function)
 -3.434164835680065E-002
# Electronic only without relaxation (for zeroth-order matrix element)
 -3.184106018569821E-002
# Final Band, Initial Band, Delta Function (Hartree), Zeroth-order (Hartree), First-order (Hartree), Plotting (eV) Format : '(2i10,4ES24.15E3)'
   1024   1025 -3.434164835680065E-002 -3.184106018569821E-002  2.044207585212815E-003  0.000000000000000E+000
   1024   1026 -3.436926558315012E-002 -3.186867741204769E-002  2.071824811562289E-003  7.515029473440571E-004
   1024   1027 -3.476030829363494E-002 -3.225972012253250E-002  2.462867522047107E-003  1.139231624800129E-002
   1024   1028 -3.544836932796494E-002 -3.294778115686250E-002  3.150928556377108E-003  3.011540917226358E-002
   1024   1029 -3.569967410793384E-002 -3.319908593683141E-002  3.402233336346011E-003  3.695376000585023E-002
   1024   1030 -3.683833080379903E-002 -3.433774263269659E-002  4.540890032211198E-003  6.793818444179710E-002
   1024   1031 -4.117564038202012E-002 -3.867505221091769E-002  8.878199610432291E-003  1.859623802944260E-001
   1024   1032 -4.142804715808363E-002 -3.892745898698119E-002  9.130606386495793E-003  1.928307179667550E-001
   1024   1033 -4.146625446633354E-002 -3.896566629523110E-002  9.168813694745703E-003  1.938703916978006E-001
   1024   1034 -4.251252840225872E-002 -4.001194023115628E-002  1.021508763067089E-002  2.223409533909739E-001
   1024   1035 -4.253882145166524E-002 -4.003823328056280E-002  1.024138068007741E-002  2.230564236512246E-001
   1024   1036 -4.258017319126972E-002 -4.007958502016729E-002  1.028273241968189E-002  2.241816617108809E-001
   1024   1037 -4.287334511485424E-002 -4.037275694375181E-002  1.057590434326641E-002  2.321592754605140E-001
   1024   1038 -4.301783528679373E-002 -4.051724711569130E-002  1.072039451520590E-002  2.360910529931568E-001
   1024   1039 -4.302116140741832E-002 -4.052057323631589E-002  1.072372063583049E-002  2.361815613382372E-001
   1024   1040 -4.334422900144314E-002 -4.084364083034070E-002  1.104678822985530E-002  2.449726776519730E-001
   1024   1041 -4.337672358207795E-002 -4.087613541097551E-002  1.107928281049012E-002  2.458569001589966E-001
   1024   1042 -4.371839826001572E-002 -4.121781008891329E-002  1.142095748842789E-002  2.551543409756033E-001
   1024   1043 -4.482855304458883E-002 -4.232796487348639E-002  1.253111227300099E-002  2.853631889626376E-001
   1024   1044 -4.497779129834784E-002 -4.247720312724540E-002  1.268035052676000E-002  2.894241683722701E-001
   1024   1045 -4.500642798461793E-002 -4.250583981351549E-002  1.270898721303010E-002  2.902034122348440E-001
   1024   1046 -4.509227929689633E-002 -4.259169112579389E-002  1.279483852530849E-002  2.925395452481362E-001
   1024   1047 -4.510553522863672E-002 -4.260494705753429E-002  1.280809445704889E-002  2.929002574951461E-001
   1024   1048 -4.541236759864273E-002 -4.291177942754029E-002  1.311492682705490E-002  3.012495908960530E-001
   1024   1049 -4.584690579023512E-002 -4.334631761913268E-002  1.354946501864729E-002  3.130739764293038E-001
   1024   1050 -4.594283195463933E-002 -4.344224378353689E-002  1.364539118305150E-002  3.156842601111243E-001
   1024   1051 -4.656319492004313E-002 -4.406260674894069E-002  1.426575414845530E-002  3.325651948952549E-001
   1024   1052 -4.985836469608532E-002 -4.735777652498288E-002  1.756092392449748E-002  4.222313245550091E-001
   1024   1053 -5.004564476534876E-002 -4.754505659424632E-002  1.774820399376092E-002  4.273274744090640E-001
   1024   1054 -5.028383607987716E-002 -4.778324790877472E-002  1.798639530828933E-002  4.338089897008143E-001
   1024   1055 -5.465990750429592E-002 -5.215931933319348E-002  2.236246673270809E-002  5.528879490294502E-001
   1024   1056 -5.485875119048253E-002 -5.235816301938009E-002  2.256131041889470E-002  5.582987609024115E-001
   1024   1057 -5.492676327715071E-002 -5.242617510604827E-002  2.262932250556288E-002  5.601494638998589E-001
   1024   1058 -5.517316656961566E-002 -5.267257839851322E-002  2.287572579802782E-002  5.668544384754903E-001
   1024   1059 -5.526761579726544E-002 -5.276702762616300E-002  2.297017502567761E-002  5.694245326643492E-001
   1024   1060 -5.541296704773532E-002 -5.291237887663289E-002  2.311552627614749E-002  5.733797413354161E-001
   1024   1061 -5.567325473657084E-002 -5.317266656546840E-002  2.337581396498301E-002  5.804625295503516E-001
   1024   1062 -5.591101495940212E-002 -5.341042678829969E-002  2.361357418781429E-002  5.869323142404528E-001
   1024   1063 -5.621254169334952E-002 -5.371195352224709E-002  2.391510092176169E-002  5.951372739419476E-001
   1024   1064 -5.787599277041885E-002 -5.537540459931642E-002  2.557855199883102E-002  6.404020797324117E-001
   1024   1065 -5.804315445126254E-002 -5.554256628016010E-002  2.574571367967471E-002  6.449507803965320E-001
   1024   1066 -5.815832613258662E-002 -5.565773796148418E-002  2.586088536099879E-002  6.480847612268431E-001
   1024   1067 -6.054384496861101E-002 -5.804325679750857E-002  2.824640419702318E-002  7.129980299791632E-001
   1024   1068 -6.217755127004451E-002 -5.967696309894208E-002  2.988011049845668E-002  7.574534392619711E-001
   1024   1069 -6.240918387133196E-002 -5.990859570022952E-002  3.011174309974413E-002  7.637564828900941E-001
   1024   1070 -6.245203822326864E-002 -5.995145005216621E-002  3.015459745168081E-002  7.649226091107147E-001
   1024   1071 -6.269655165877611E-002 -6.019596348767367E-002  3.039911088718827E-002  7.715761580632358E-001
   1024   1072 -6.278627881078205E-002 -6.028569063967962E-002  3.048883803919422E-002  7.740177580391341E-001
   1024   1073 -6.294932384723842E-002 -6.044873567613598E-002  3.065188307565059E-002  7.784544391126160E-001
   1024   1074 -6.320388159882415E-002 -6.070329342772171E-002  3.090644082723631E-002  7.853813078055537E-001
   1024   1075 -6.322408027198842E-002 -6.072349210088598E-002  3.092663950040059E-002  7.859309416544894E-001
   1024   1076 -6.345474711808655E-002 -6.095415894698411E-002  3.115730634649871E-002  7.922077057474411E-001
   1024   1077 -6.402426768897682E-002 -6.152367951787438E-002  3.172682691738898E-002  8.077051486181026E-001
   1024   1078 -6.417953922709782E-002 -6.167895105599538E-002  3.188209845550999E-002  8.119303020444458E-001
   1024   1079 -6.419672825729775E-002 -6.169614008619531E-002  3.189928748570992E-002  8.123980393433972E-001
   1024   1080 -6.653816922991981E-002 -6.403758105881738E-002  3.424072845833198E-002  8.761118884349480E-001
   1024   1081 -6.681832413655761E-002 -6.431773596545518E-002  3.452088336496978E-002  8.837352911397316E-001
   1024   1082 -6.691921081277916E-002 -6.441862264167672E-002  3.462177004119132E-002  8.864805572127555E-001
   1024   1083 -6.693508212010443E-002 -6.443449394900200E-002  3.463764134851660E-002  8.869124374487437E-001
   1024   1084 -6.752814040455582E-002 -6.502755223345338E-002  3.523069963296799E-002  9.030503740783035E-001
   1024   1085 -6.760745130948706E-002 -6.510686313838462E-002  3.531001053789923E-002  9.052085335566714E-001
   1024   1086 -6.766856879139924E-002 -6.516798062029680E-002  3.537112801981140E-002  9.068716248175402E-001
   1024   1087 -6.799468116800853E-002 -6.549409299690609E-002  3.569724039642069E-002  9.157455938789525E-001
   1024   1088 -6.801286392450565E-002 -6.551227575340321E-002  3.571542315291781E-002  9.162403718456286E-001
