# Total number of <f|i> elements, Initial States (bandI, bandF), Final States (bandI, bandF) Format : '(5i10)'
        64      1025      1088      1024      1024
# Total-energy difference (Hartree). Format: '(ES24.15E3)'
# With relaxation (for delta function)
 -3.434164835680065E-002
# Electronic only without relaxation (for zeroth-order matrix element)
 -3.184106018569821E-002
# Final Band, Initial Band, Delta Function (Hartree), Zeroth-order (Hartree), First-order (Hartree), Plotting (eV) Format : '(2i10,4ES24.15E3)'
   1024   1025 -3.434164835680065E-002 -3.184106018569821E-002  1.549347566161513E-003  0.000000000000000E+000
   1024   1026 -3.493983390949595E-002 -3.243924573839352E-002  2.147533118856820E-003  1.627745669389826E-002
   1024   1027 -3.538347652721224E-002 -3.288288835610981E-002  2.591175736573109E-003  2.834958626123144E-002
   1024   1028 -3.546741644700804E-002 -3.296682827590561E-002  2.675115656368909E-003  3.063370763997257E-002
   1024   1029 -3.688578435104364E-002 -3.438519617994121E-002  4.093483560404509E-003  6.922946113138892E-002
   1024   1030 -3.931079220838116E-002 -3.681020403727872E-002  6.518491417742023E-003  1.352172808009161E-001
   1024   1031 -3.974666301181354E-002 -3.724607484071110E-002  6.954362221174404E-003  1.470779285464812E-001
   1024   1032 -4.015005852074555E-002 -3.764947034964311E-002  7.357757730106412E-003  1.580548785874302E-001
   1024   1033 -4.075381676884704E-002 -3.825322859774460E-002  7.961515978207906E-003  1.744839760351611E-001
   1024   1034 -4.190427229061694E-002 -3.940368411951450E-002  9.111971499977806E-003  2.057894628518984E-001
   1024   1035 -4.289131799636445E-002 -4.039072982526201E-002  1.009901720572531E-002  2.326483424383584E-001
   1024   1036 -4.346436471449414E-002 -4.096377654339170E-002  1.067206392385500E-002  2.482417366550986E-001
   1024   1037 -4.567555326002323E-002 -4.317496508892080E-002  1.288325246938410E-002  3.084112369543259E-001
   1024   1038 -4.573536189143323E-002 -4.323477372033080E-002  1.294306110079410E-002  3.100387125817647E-001
   1024   1039 -4.636305781632405E-002 -4.386246964522161E-002  1.357075702568492E-002  3.271191873413264E-001
   1024   1040 -4.689336638024513E-002 -4.439277820914270E-002  1.410106558960600E-002  3.415496172384284E-001
   1024   1041 -5.029997919465737E-002 -4.779939102355493E-002  1.750767840401823E-002  4.342482661937946E-001
   1024   1042 -5.040631915523333E-002 -4.790573098413090E-002  1.761401836459420E-002  4.371419236806844E-001
   1024   1043 -5.064747389170546E-002 -4.814688572060302E-002  1.785517310106632E-002  4.437040777844846E-001
   1024   1044 -5.126585639208694E-002 -4.876526822098451E-002  1.847355560144781E-002  4.605311213746719E-001
   1024   1045 -5.131243603274974E-002 -4.881184786164730E-002  1.852013524211060E-002  4.617986178568080E-001
   1024   1046 -5.143903168084643E-002 -4.893844350974400E-002  1.864673089020730E-002  4.652434606321726E-001
   1024   1047 -5.159474544929235E-002 -4.909415727818991E-002  1.880244465865322E-002  4.694806477576416E-001
   1024   1048 -5.177836293848717E-002 -4.927777476738474E-002  1.898606214784804E-002  4.744771337395313E-001
   1024   1049 -5.200802442299993E-002 -4.950743625189749E-002  1.921572363236079E-002  4.807265405524654E-001
   1024   1050 -5.216524762848776E-002 -4.966465945738532E-002  1.937294683784863E-002  4.850048015486945E-001
   1024   1051 -5.223974455110866E-002 -4.973915638000623E-002  1.944744376046953E-002  4.870319659065206E-001
   1024   1052 -5.226999897094334E-002 -4.976941079984090E-002  1.947769818030420E-002  4.878552305381035E-001
   1024   1053 -5.241003781115286E-002 -4.990944964005042E-002  1.961773702051373E-002  4.916658811743540E-001
   1024   1054 -5.273520432171633E-002 -5.023461615061389E-002  1.994290353107719E-002  5.005141119117132E-001
   1024   1055 -5.341096703450457E-002 -5.091037886340213E-002  2.061866624386544E-002  5.189025504876691E-001
   1024   1056 -5.535500851185574E-002 -5.285442034075330E-002  2.256270772121660E-002  5.718026093676332E-001
   1024   1057 -5.537266668531762E-002 -5.287207851421519E-002  2.258036589467849E-002  5.722831127039710E-001
   1024   1058 -5.582447997365345E-002 -5.332389180255101E-002  2.303217918301431E-002  5.845775775259260E-001
   1024   1059 -5.588129980993686E-002 -5.338071163883443E-002  2.308899901929773E-002  5.861237239018964E-001
   1024   1060 -5.615949766683323E-002 -5.365890949573079E-002  2.336719687619410E-002  5.936938725749328E-001
   1024   1061 -5.642685510731724E-002 -5.392626693621480E-002  2.363455431667810E-002  6.009690385157702E-001
   1024   1062 -5.739183269259582E-002 -5.489124452149338E-002  2.459953190195668E-002  6.272274140050815E-001
   1024   1063 -5.778433803230612E-002 -5.528374986120368E-002  2.499203724166699E-002  6.379080274710383E-001
   1024   1064 -5.936942603178966E-002 -5.686883786068722E-002  2.657712524115052E-002  6.810404654768643E-001
   1024   1065 -5.975428098707622E-002 -5.725369281597378E-002  2.696198019643709E-002  6.915129013955901E-001
   1024   1066 -6.120066192656295E-002 -5.870007375546052E-002  2.840836113592382E-002  7.308709283477510E-001
   1024   1067 -6.122837415747537E-002 -5.872778598637293E-002  2.843607336683623E-002  7.316250165007256E-001
   1024   1068 -6.197867760770245E-002 -5.947808943660002E-002  2.918637681706332E-002  7.520418116963373E-001
   1024   1069 -6.210303128390723E-002 -5.960244311280480E-002  2.931073049326810E-002  7.554256473139477E-001
   1024   1070 -6.217511489730423E-002 -5.967452672620180E-002  2.938281410666510E-002  7.573871421881093E-001
   1024   1071 -6.236019259937906E-002 -5.985960442827662E-002  2.956789180873992E-002  7.624233625831940E-001
   1024   1072 -6.335121089233717E-002 -6.085062272123473E-002  3.055891010169803E-002  7.893903417651591E-001
   1024   1073 -6.346690761207283E-002 -6.096631944097039E-002  3.067460682143369E-002  7.925386096172290E-001
   1024   1074 -6.350662078289773E-002 -6.100603261179530E-002  3.071431999225860E-002  7.936192599528432E-001
   1024   1075 -6.359845306469583E-002 -6.109786489359340E-002  3.080615227405670E-002  7.961181434235910E-001
   1024   1076 -6.381791413397706E-002 -6.131732596287462E-002  3.102561334333792E-002  8.020899828221285E-001
   1024   1077 -6.390065301584927E-002 -6.140006484474683E-002  3.110835222521013E-002  8.043414222969004E-001
   1024   1078 -6.409679598883214E-002 -6.159620781772970E-002  3.130449519819301E-002  8.096787440261790E-001
   1024   1079 -6.424310511808093E-002 -6.174251694697849E-002  3.145080432744179E-002  8.136600179043901E-001
   1024   1080 -6.444909958444897E-002 -6.194851141334654E-002  3.165679879380984E-002  8.192654124017668E-001
   1024   1081 -6.490913026569414E-002 -6.240854209459171E-002  3.211682947505501E-002  8.317834838565065E-001
   1024   1082 -6.515439098284123E-002 -6.265380281173880E-002  3.236209019220210E-002  8.384573673765747E-001
   1024   1083 -6.534566283142587E-002 -6.284507466032344E-002  3.255336204078674E-002  8.436621390700232E-001
   1024   1084 -6.554112413596966E-002 -6.304053596486722E-002  3.274882334533052E-002  8.489809116577406E-001
   1024   1085 -6.664857109372144E-002 -6.414798292261900E-002  3.385627030308230E-002  8.791160759297134E-001
   1024   1086 -6.682871379601077E-002 -6.432812562490833E-002  3.403641300537164E-002  8.840180081512862E-001
   1024   1087 -6.719968336727486E-002 -6.469909519617242E-002  3.440738257663573E-002  8.941126035553330E-001
   1024   1088 -6.729479620087983E-002 -6.479420802977739E-002  3.450249541024070E-002  8.967007553805700E-001
