# Total number of <f|i> elements, Initial States (bandI, bandF), Final States (bandI, bandF) Format : '(5i10)'
        64      1025      1088      1024      1024
# Total-energy difference (Hartree). Format: '(ES24.15E3)'
# With relaxation (for delta function)
 -3.434164835680065E-002
# Electronic only without relaxation (for zeroth-order matrix element)
 -3.184106018569821E-002
# Final Band, Initial Band, Delta Function (Hartree), Zeroth-order (Hartree), First-order (Hartree), Plotting (eV) Format : '(2i10,4ES24.15E3)'
   1024   1025 -3.434164835680065E-002 -3.184106018569821E-002  2.230031586375886E-003  0.000000000000000E+000
   1024   1026 -3.434194666219306E-002 -3.184135849109063E-002  2.230329891768301E-003  8.117302540525769E-006
   1024   1027 -3.453419124363566E-002 -3.203360307253322E-002  2.422574473210898E-003  5.239358403180054E-003
   1024   1028 -3.568836683567345E-002 -3.318777866457101E-002  3.576750065248685E-003  3.664607347996304E-002
   1024   1029 -3.568930916562424E-002 -3.318872099452180E-002  3.577692395199478E-003  3.667171558197684E-002
   1024   1030 -3.619816811887075E-002 -3.369757994776831E-002  4.086551348445988E-003  5.051847188936542E-002
   1024   1031 -4.134688271097794E-002 -3.884629453987551E-002  9.235265940553183E-003  1.906221210407776E-001
   1024   1032 -4.142573870559885E-002 -3.892515053449641E-002  9.314121935174086E-003  1.927679017800691E-001
   1024   1033 -4.142649679402086E-002 -3.892590862291842E-002  9.314880023596095E-003  1.927885304151202E-001
   1024   1034 -4.252889921832656E-002 -4.002831104722412E-002  1.041728244790180E-002  2.227864259510973E-001
   1024   1035 -4.253035644837336E-002 -4.002976827727092E-002  1.041873967794860E-002  2.228260791972731E-001
   1024   1036 -4.257727105224696E-002 -4.007668288114452E-002  1.046565428182220E-002  2.241026904919174E-001
   1024   1037 -4.274411448873244E-002 -4.024352631763001E-002  1.063249771830768E-002  2.286427312866455E-001
   1024   1038 -4.299950800307856E-002 -4.049891983197612E-002  1.088789123265380E-002  2.355923422408720E-001
   1024   1039 -4.300037520804534E-002 -4.049978703694290E-002  1.088875843762058E-002  2.356159400881084E-001
   1024   1040 -4.347599709525155E-002 -4.097540892414911E-002  1.136438032482678E-002  2.485582698330941E-001
   1024   1041 -4.347694830219245E-002 -4.097636013109002E-002  1.136533153176769E-002  2.485841534902935E-001
   1024   1042 -4.367487409179244E-002 -4.117428592069000E-002  1.156325732136768E-002  2.539699881268923E-001
   1024   1043 -4.475331451440376E-002 -4.225272634330132E-002  1.264169774397900E-002  2.833158444367095E-001
   1024   1044 -4.486216544476615E-002 -4.236157727366371E-002  1.275054867434139E-002  2.862778288863187E-001
   1024   1045 -4.486253566347026E-002 -4.236194749236782E-002  1.275091889304550E-002  2.862879030495884E-001
   1024   1046 -4.509447920841575E-002 -4.259389103731331E-002  1.298286243799099E-002  2.925994078849493E-001
   1024   1047 -4.509976994693005E-002 -4.259918177582761E-002  1.298815317650528E-002  2.927433762015647E-001
   1024   1048 -4.510026859129024E-002 -4.259968042018780E-002  1.298865182086548E-002  2.927569450046595E-001
   1024   1049 -4.609209578633144E-002 -4.359150761522901E-002  1.398047901590668E-002  3.197459355317128E-001
   1024   1050 -4.609313410905325E-002 -4.359254593795081E-002  1.398151733862849E-002  3.197741897298663E-001
   1024   1051 -4.697936897252966E-002 -4.447878080142723E-002  1.486775220210490E-002  3.438898667900377E-001
   1024   1052 -5.006242993221013E-002 -4.756184176110770E-002  1.795081316178537E-002  4.277842220276831E-001
   1024   1053 -5.006265126648404E-002 -4.756206309538161E-002  1.795103449605928E-002  4.277902448395718E-001
   1024   1054 -5.025176358571556E-002 -4.775117541461313E-002  1.814014681529080E-002  4.329362527508356E-001
   1024   1055 -5.495378076871407E-002 -5.245319259761164E-002  2.284216399828931E-002  5.608846472337239E-001
   1024   1056 -5.495417635918895E-002 -5.245358818808651E-002  2.284255958876419E-002  5.608954117979871E-001
   1024   1057 -5.499939215791774E-002 -5.249880398681531E-002  2.288777538749298E-002  5.621257962537328E-001
   1024   1058 -5.517502461550636E-002 -5.267443644440392E-002  2.306340784508160E-002  5.669049984754517E-001
   1024   1059 -5.517570669313868E-002 -5.267511852203624E-002  2.306408992271392E-002  5.669235587517271E-001
   1024   1060 -5.527411878176228E-002 -5.277353061065984E-002  2.316250201133752E-002  5.696014878717283E-001
   1024   1061 -5.612543694501163E-002 -5.362484877390919E-002  2.401382017458686E-002  5.927670331988963E-001
   1024   1062 -5.612648048530697E-002 -5.362589231420453E-002  2.401486371488221E-002  5.927954293744463E-001
   1024   1063 -5.612752419712644E-002 -5.362693602602400E-002  2.401590742670168E-002  5.928238302174051E-001
   1024   1064 -5.797172067230758E-002 -5.547113250120514E-002  2.586010390188281E-002  6.430069684168180E-001
   1024   1065 -5.797191942493438E-002 -5.547133125383194E-002  2.586030265450961E-002  6.430123767508391E-001
   1024   1066 -5.806634073464143E-002 -5.556575256353899E-002  2.595472396421666E-002  6.455817112538416E-001
   1024   1067 -6.081011523777455E-002 -5.830952706667211E-002  2.869849846734979E-002  7.202436124838777E-001
   1024   1068 -6.221597062050574E-002 -5.971538244940330E-002  3.010435385008098E-002  7.584988829550234E-001
   1024   1069 -6.236007653428297E-002 -5.985948836318053E-002  3.024845976385820E-002  7.624202042913115E-001
   1024   1070 -6.236175580268363E-002 -5.986116763158120E-002  3.025013903225887E-002  7.624658995083661E-001
   1024   1071 -6.271652116356716E-002 -6.021593299246472E-002  3.060490439314240E-002  7.721195559235992E-001
   1024   1072 -6.271685579676164E-002 -6.021626762565921E-002  3.060523902633688E-002  7.721286617559066E-001
   1024   1073 -6.278865951211712E-002 -6.028807134101469E-002  3.067704274169236E-002  7.740825402170187E-001
   1024   1074 -6.340884223988633E-002 -6.090825406878389E-002  3.129722546946156E-002  7.909585704856884E-001
   1024   1075 -6.340928344313154E-002 -6.090869527202911E-002  3.129766667270678E-002  7.909705762365542E-001
   1024   1076 -6.344748648011553E-002 -6.094689830901309E-002  3.133586970969077E-002  7.920101337405432E-001
   1024   1077 -6.402901649568157E-002 -6.152842832457914E-002  3.191739972525681E-002  8.078343702202226E-001
   1024   1078 -6.411557664904846E-002 -6.161498847794603E-002  3.200395987862370E-002  8.101897917804696E-001
   1024   1079 -6.411635905283627E-002 -6.161577088173384E-002  3.200474228241151E-002  8.102110820702733E-001
   1024   1080 -6.665307564963094E-002 -6.415248747852850E-002  3.454145887920618E-002  8.792386511296857E-001
   1024   1081 -6.683093557877154E-002 -6.433034740766910E-002  3.471931880834678E-002  8.840784659348430E-001
   1024   1082 -6.683123488023238E-002 -6.433064670912994E-002  3.471961810980762E-002  8.840866103417837E-001
   1024   1083 -6.698924583664087E-002 -6.448865766553843E-002  3.487762906621611E-002  8.883863071307009E-001
   1024   1084 -6.753533994607966E-002 -6.503475177497722E-002  3.542372317565490E-002  9.032462835663246E-001
   1024   1085 -6.753549344786294E-002 -6.503490527676051E-002  3.542387667743818E-002  9.032504605622728E-001
   1024   1086 -6.779633853938236E-002 -6.529575036827992E-002  3.568472176895759E-002  9.103484164756044E-001
   1024   1087 -6.790508270455706E-002 -6.540449453345462E-002  3.579346593413230E-002  9.133074956967084E-001
   1024   1088 -6.790557931736627E-002 -6.540499114626383E-002  3.579396254694150E-002  9.133210092184896E-001
