# Total number of <f|i> elements, Initial States (bandI, bandF), Final States (bandI, bandF) Format : '(5i10)'
        64      1025      1088      1024      1024
# Total-energy difference (Hartree). Format: '(ES24.15E3)'
# With relaxation (for delta function)
 -3.434164835680065E-002
# Electronic only without relaxation (for zeroth-order matrix element)
 -3.184106018569821E-002
# Final Band, Initial Band, Delta Function (Hartree), Zeroth-order (Hartree), First-order (Hartree), Plotting (eV) Format : '(2i10,4ES24.15E3)'
   1024   1025 -3.434164835680065E-002 -3.184106018569821E-002  2.044270915372987E-003  0.000000000000000E+000
   1024   1026 -3.436957983786534E-002 -3.186899166676291E-002  2.072202396437683E-003  7.600542530297887E-004
   1024   1027 -3.476086676229645E-002 -3.226027859119401E-002  2.463489320868789E-003  1.140751295312342E-002
   1024   1028 -3.544857430354134E-002 -3.294798613243891E-002  3.151196862113681E-003  3.012098684135495E-002
   1024   1029 -3.570050990928036E-002 -3.319992173817793E-002  3.403132467852704E-003  3.697650331712113E-002
   1024   1030 -3.683794609544525E-002 -3.433735792434281E-002  4.540568654017585E-003  6.792771599510812E-002
   1024   1031 -4.117575594685247E-002 -3.867516777575003E-002  8.878378505424805E-003  1.859655249734396E-001
   1024   1032 -4.142898887623495E-002 -3.892840070513251E-002  9.131611434807285E-003  1.928563434208585E-001
   1024   1033 -4.146617140058986E-002 -3.896558322948743E-002  9.168793959162203E-003  1.938681313639639E-001
   1024   1034 -4.251398064241566E-002 -4.001339247131322E-002  1.021660320098799E-002  2.223804708553412E-001
   1024   1035 -4.253868287120965E-002 -4.003809470010722E-002  1.024130542978199E-002  2.230526526852522E-001
   1024   1036 -4.258123288876264E-002 -4.008064471766021E-002  1.028385544733498E-002  2.242104975461363E-001
   1024   1037 -4.287264441829475E-002 -4.037205624719231E-002  1.057526697686709E-002  2.321402085374641E-001
   1024   1038 -4.301751211024377E-002 -4.051692393914133E-002  1.072013466881611E-002  2.360822589120011E-001
   1024   1039 -4.302181601534785E-002 -4.052122784424542E-002  1.072443857392019E-002  2.361993741258854E-001
   1024   1040 -4.334385116489625E-002 -4.084326299379382E-002  1.104647372346859E-002  2.449623961966594E-001
   1024   1041 -4.337675580038236E-002 -4.087616762927992E-002  1.107937835895470E-002  2.458577768636453E-001
   1024   1042 -4.371911315767085E-002 -4.121852498656842E-002  1.142173571624319E-002  2.551737943301176E-001
   1024   1043 -4.482912963145205E-002 -4.232854146034962E-002  1.253175219002439E-002  2.853788786891015E-001
   1024   1044 -4.497833776100066E-002 -4.247774958989822E-002  1.268096031957300E-002  2.894390383772812E-001
   1024   1045 -4.500629612833534E-002 -4.250570795723291E-002  1.270891868690768E-002  2.901998242429242E-001
   1024   1046 -4.509323895909115E-002 -4.259265078798871E-002  1.279586151766349E-002  2.925656589844954E-001
   1024   1047 -4.510629087891616E-002 -4.260570270781372E-002  1.280891343748849E-002  2.929208197849636E-001
   1024   1048 -4.541210661275466E-002 -4.291151844165222E-002  1.311472917132700E-002  3.012424891088708E-001
   1024   1049 -4.584704344476206E-002 -4.334645527365963E-002  1.354966600333440E-002  3.130777221994766E-001
   1024   1050 -4.594320662930845E-002 -4.344261845820602E-002  1.364582918788079E-002  3.156944555273684E-001
   1024   1051 -4.656321429875626E-002 -4.406262612765383E-002  1.426583685732860E-002  3.325657222168567E-001
   1024   1052 -4.985842846020425E-002 -4.735784028910181E-002  1.756105101877659E-002  4.222330596649258E-001
   1024   1053 -5.004607136494213E-002 -4.754548319383969E-002  1.774869392351447E-002  4.273390827743538E-001
   1024   1054 -5.028389489216054E-002 -4.778330672105810E-002  1.798651745073288E-002  4.338105900644330E-001
   1024   1055 -5.466028428311606E-002 -5.215969611201363E-002  2.236290684168840E-002  5.528982017025554E-001
   1024   1056 -5.485969376270153E-002 -5.235910559159909E-002  2.256231632127387E-002  5.583244095968783E-001
   1024   1057 -5.492717083830964E-002 -5.242658266720721E-002  2.262979339688198E-002  5.601605542030010E-001
   1024   1058 -5.517439660722803E-002 -5.267380843612560E-002  2.287701916580037E-002  5.668879095011230E-001
   1024   1059 -5.526782720482074E-002 -5.276723903371830E-002  2.297044976339307E-002  5.694302853564872E-001
   1024   1060 -5.541321942742003E-002 -5.291263125631759E-002  2.311584198599237E-002  5.733866089358952E-001
   1024   1061 -5.567302152409878E-002 -5.317243335299635E-002  2.337564408267112E-002  5.804561835162535E-001
   1024   1062 -5.591113085805036E-002 -5.341054268694792E-002  2.361375341662270E-002  5.869354680030587E-001
   1024   1063 -5.621179038654203E-002 -5.371120221543960E-002  2.391441294511437E-002  5.951168298440124E-001
   1024   1064 -5.787633917639515E-002 -5.537575100529271E-002  2.557896173496749E-002  6.404115059184039E-001
   1024   1065 -5.804356506851208E-002 -5.554297689740964E-002  2.574618762708442E-002  6.449619538601287E-001
   1024   1066 -5.815824788289156E-002 -5.565765971178913E-002  2.586087044146390E-002  6.480826319443540E-001
   1024   1067 -6.054413288899954E-002 -5.804354471789711E-002  2.824675544757188E-002  7.130058646913766E-001
   1024   1068 -6.217750638431216E-002 -5.967691821320972E-002  2.988012894288450E-002  7.574522178590782E-001
   1024   1069 -6.241067160329625E-002 -5.991008343219381E-002  3.011329416186859E-002  7.637969661356552E-001
   1024   1070 -6.245103844660263E-002 -5.995045027550019E-002  3.015366100517497E-002  7.648954038040816E-001
   1024   1071 -6.269698982836083E-002 -6.019640165725840E-002  3.039961238693317E-002  7.715880812640015E-001
   1024   1072 -6.278665782751405E-002 -6.028606965641162E-002  3.048928038608639E-002  7.740280716089180E-001
   1024   1073 -6.295029257913268E-002 -6.044970440803024E-002  3.065291513770502E-002  7.784807996480481E-001
   1024   1074 -6.320395033519408E-002 -6.070336216409164E-002  3.090657289376642E-002  7.853831782173010E-001
   1024   1075 -6.322480365858077E-002 -6.072421548747833E-002  3.092742621715311E-002  7.859506260047331E-001
   1024   1076 -6.345413211673698E-002 -6.095354394563454E-002  3.115675467530932E-002  7.921909707096436E-001
   1024   1077 -6.402355603319845E-002 -6.152296786209602E-002  3.172617859177079E-002  8.076857834795413E-001
   1024   1078 -6.418010926142845E-002 -6.167952109032601E-002  3.188273182000079E-002  8.119458134674299E-001
   1024   1079 -6.419728511799314E-002 -6.169669694689070E-002  3.189990767656548E-002  8.124131922935359E-001
   1024   1080 -6.653862044488676E-002 -6.403803227378432E-002  3.424124300345910E-002  8.761241666186169E-001
   1024   1081 -6.681807115332686E-002 -6.431748298222442E-002  3.452069371189920E-002  8.837284071159294E-001
   1024   1082 -6.691955140879227E-002 -6.441896323768984E-002  3.462217396736461E-002  8.864898253016096E-001
   1024   1083 -6.693562356086755E-002 -6.443503538976511E-002  3.463824611943989E-002  8.869271708011862E-001
   1024   1084 -6.752817938283687E-002 -6.502759121173443E-002  3.523080194140921E-002  9.030514347312713E-001
   1024   1085 -6.760836653327293E-002 -6.510777836217049E-002  3.531098909184527E-002  9.052334380624265E-001
   1024   1086 -6.766899475265795E-002 -6.516840658155551E-002  3.537161731123029E-002  9.068832158128605E-001
   1024   1087 -6.799515091887456E-002 -6.549456274777213E-002  3.569777347744690E-002  9.157583764500868E-001
   1024   1088 -6.801283888174017E-002 -6.551225071063774E-002  3.571546144031251E-002  9.162396903973243E-001
