# Total number of <f|i> elements, Initial States (bandI, bandF), Final States (bandI, bandF) Format : '(5i10)'
        64      1025      1088      1024      1024
# Total-energy difference (Hartree). Format: '(ES24.15E3)'
# With relaxation (for delta function)
 -3.434164835680065E-002
# Electronic only without relaxation (for zeroth-order matrix element)
 -3.184106018569821E-002
# Final Band, Initial Band, Delta Function (Hartree), Zeroth-order (Hartree), First-order (Hartree), Plotting (eV) Format : '(2i10,4ES24.15E3)'
   1024   1025 -3.434164835680065E-002 -3.184106018569821E-002  1.966136458039114E-003  0.000000000000000E+000
   1024   1026 -3.470463828923934E-002 -3.220405011813690E-002  2.329126390477804E-003  9.877458388904654E-003
   1024   1027 -3.503244969231933E-002 -3.253186152121690E-002  2.656937793557801E-003  1.879766031179965E-002
   1024   1028 -3.519354809360384E-002 -3.269295992250140E-002  2.818036194842305E-003  2.318137074838460E-002
   1024   1029 -3.611423735454444E-002 -3.361364918344201E-002  3.738725455782910E-003  4.823459964361911E-002
   1024   1030 -3.923490623209694E-002 -3.673431806099450E-002  6.859394333335406E-003  1.331523183706554E-001
   1024   1031 -3.936799079053424E-002 -3.686740261943180E-002  6.992478891772708E-003  1.367737333761314E-001
   1024   1032 -3.990919068515705E-002 -3.740860251405462E-002  7.533678786395520E-003  1.515005314537043E-001
   1024   1033 -4.040558124113813E-002 -3.790499307003570E-002  8.030069342376600E-003  1.650080054169843E-001
   1024   1034 -4.127637292212286E-002 -3.877578475102042E-002  8.900861023361323E-003  1.887034521103543E-001
   1024   1035 -4.255704417909983E-002 -4.005645600799740E-002  1.018153228033830E-002  2.235522892824235E-001
   1024   1036 -4.358841815893855E-002 -4.108782998783611E-002  1.121290626017701E-002  2.516174025510307E-001
   1024   1037 -4.545824865059356E-002 -4.295766047949112E-002  1.308273675183202E-002  3.024980778125877E-001
   1024   1038 -4.552066498334334E-002 -4.302007681224090E-002  1.314515308458181E-002  3.041965126021755E-001
   1024   1039 -4.636004083808504E-002 -4.385945266698260E-002  1.398452893932350E-002  3.270370911883674E-001
   1024   1040 -4.645595938205016E-002 -4.395537121094772E-002  1.408044748328863E-002  3.296471675074947E-001
   1024   1041 -5.006853521166696E-002 -4.756794704056452E-002  1.769302331290543E-002  4.279503551305553E-001
   1024   1042 -5.014313815213886E-002 -4.764254998103643E-002  1.776762625337733E-002  4.299804043808210E-001
   1024   1043 -5.029365290169954E-002 -4.779306473059711E-002  1.791814100293801E-002  4.340761190077084E-001
   1024   1044 -5.097797755437747E-002 -4.847738938327503E-002  1.860246565561594E-002  4.526975398165887E-001
   1024   1045 -5.102295465450987E-002 -4.852236648340744E-002  1.864744275574834E-002  4.539214289532011E-001
   1024   1046 -5.109524689533204E-002 -4.859465872422961E-002  1.871973499657051E-002  4.558886008683128E-001
   1024   1047 -5.143413743520273E-002 -4.893354926410029E-002  1.905862553644119E-002  4.651102814352566E-001
   1024   1048 -5.159184611287324E-002 -4.909125794177080E-002  1.921633421411170E-002  4.694017528014018E-001
   1024   1049 -5.178002067049234E-002 -4.927943249938990E-002  1.940450877173081E-002  4.745222429214609E-001
   1024   1050 -5.182002853209786E-002 -4.931944036099542E-002  1.944451663333632E-002  4.756109122010264E-001
   1024   1051 -5.195752520422922E-002 -4.945693703312679E-002  1.958201330546769E-002  4.793523869258656E-001
   1024   1052 -5.206501001332595E-002 -4.956442184222351E-002  1.968949811456441E-002  4.822771973253154E-001
   1024   1053 -5.219890108643624E-002 -4.969831291533380E-002  1.982338918767471E-002  4.859205587111469E-001
   1024   1054 -5.245957395523423E-002 -4.995898578413180E-002  2.008406205647270E-002  4.930138282058966E-001
   1024   1055 -5.343562853963976E-002 -5.093504036853733E-002  2.106011664087823E-002  5.195736241704682E-001
   1024   1056 -5.511120709287823E-002 -5.261061892177579E-002  2.273569519411670E-002  5.651684353702235E-001
   1024   1057 -5.512308681040626E-002 -5.262249863930382E-002  2.274757491164472E-002  5.654916989240271E-001
   1024   1058 -5.556186131959837E-002 -5.306127314849593E-002  2.318634942083683E-002  5.774313605216366E-001
   1024   1059 -5.568425230696525E-002 -5.318366413586281E-002  2.330874040820372E-002  5.807617886598813E-001
   1024   1060 -5.603729966326573E-002 -5.353671149216330E-002  2.366178776450420E-002  5.903686957929319E-001
   1024   1061 -5.605220519520823E-002 -5.355161702410580E-002  2.367669329644670E-002  5.907742959442568E-001
   1024   1062 -5.726509813924177E-002 -5.476450996813934E-002  2.488958624048024E-002  6.237787914254389E-001
   1024   1063 -5.739522185277993E-002 -5.489463368167749E-002  2.501970995401839E-002  6.273196377438144E-001
   1024   1064 -5.909739933498917E-002 -5.659681116388673E-002  2.672188743622764E-002  6.736382426100583E-001
   1024   1065 -5.957755327710326E-002 -5.707696510600083E-002  2.720204137834173E-002  6.867038958408171E-001
   1024   1066 -6.090976536364742E-002 -5.840917719254499E-002  2.853425346488589E-002  7.229552303107019E-001
   1024   1067 -6.094651476821714E-002 -5.844592659711470E-002  2.857100286945560E-002  7.239552324650748E-001
   1024   1068 -6.171610129866864E-002 -5.921551312756620E-002  2.934058939990711E-002  7.448967469586762E-001
   1024   1069 -6.184705440346552E-002 -5.934646623236309E-002  2.947154250470399E-002  7.484601621609630E-001
   1024   1070 -6.193070748447757E-002 -5.943011931337513E-002  2.955519558571604E-002  7.507364782594536E-001
   1024   1071 -6.196928435704777E-002 -5.946869618594533E-002  2.959377245828623E-002  7.517862083470794E-001
   1024   1072 -6.316464600749735E-002 -6.066405783639492E-002  3.078913410873582E-002  7.843136530689863E-001
   1024   1073 -6.321375421556116E-002 -6.071316604445873E-002  3.083824231679963E-002  7.856499553692874E-001
   1024   1074 -6.321469642550756E-002 -6.071410825440512E-002  3.083918452674603E-002  7.856755942058155E-001
   1024   1075 -6.329618233787246E-002 -6.079559416677002E-002  3.092067043911093E-002  7.878929386463590E-001
   1024   1076 -6.343817995788056E-002 -6.093759178677813E-002  3.106266805911903E-002  7.917568903916060E-001
   1024   1077 -6.360719456559463E-002 -6.110660639449220E-002  3.123168266683310E-002  7.963560117600609E-001
   1024   1078 -6.375096798291777E-002 -6.125037981181533E-002  3.137545608415623E-002  8.002682854077047E-001
   1024   1079 -6.401397369614323E-002 -6.151338552504079E-002  3.163846179738170E-002  8.074250348276557E-001
   1024   1080 -6.413203133977483E-002 -6.163144316867239E-002  3.175651944101329E-002  8.106375466861222E-001
   1024   1081 -6.474583483269433E-002 -6.224524666159190E-002  3.237032293393280E-002  8.273399891465637E-001
   1024   1082 -6.488800837723566E-002 -6.238742020613322E-002  3.251249647847412E-002  8.312087280418144E-001
   1024   1083 -6.507967772882137E-002 -6.257908955771893E-002  3.270416583005983E-002  8.364243163420105E-001
   1024   1084 -6.521873263940922E-002 -6.271814446830679E-002  3.284322074064769E-002  8.402081928916346E-001
   1024   1085 -6.635483192908584E-002 -6.385424375798340E-002  3.397932003032431E-002  8.711230267660984E-001
   1024   1086 -6.662178980151526E-002 -6.412120163041282E-002  3.424627790275372E-002  8.783873199072242E-001
   1024   1087 -6.699514393137943E-002 -6.449455576027699E-002  3.461963203261789E-002  8.885468024506744E-001
   1024   1088 -6.718063294410806E-002 -6.468004477300562E-002  3.480512104534653E-002  8.935942151778457E-001
