# Total number of <f|i> elements, Initial States (bandI, bandF), Final States (bandI, bandF) Format : '(5i10)'
        64      1025      1088      1024      1024
# Total-energy difference (Hartree). Format: '(ES24.15E3)'
# With relaxation (for delta function)
 -3.434164835680065E-002
# Electronic only without relaxation (for zeroth-order matrix element)
 -3.184106018569821E-002
# Final Band, Initial Band, Delta Function (Hartree), Zeroth-order (Hartree), First-order (Hartree), Plotting (eV) Format : '(2i10,4ES24.15E3)'
   1024   1025 -3.434164835680065E-002 -3.184106018569821E-002  1.549397579035494E-003  0.000000000000000E+000
   1024   1026 -3.493969263744243E-002 -3.243910446633999E-002  2.147441859677274E-003  1.627361248582103E-002
   1024   1027 -3.538356761135794E-002 -3.288297944025551E-002  2.591316833592788E-003  2.835206478688359E-002
   1024   1028 -3.546726091573213E-002 -3.296667274462969E-002  2.675010137966977E-003  3.062947541872144E-002
   1024   1029 -3.688601914348413E-002 -3.438543097238170E-002  4.093768365718981E-003  6.923585015861453E-002
   1024   1030 -3.930969080409025E-002 -3.680910263298781E-002  6.517440026325094E-003  1.351873100659711E-001
   1024   1031 -3.974648218151333E-002 -3.724589401041090E-002  6.954231403748179E-003  1.470730079037688E-001
   1024   1032 -4.015107536172913E-002 -3.765048719062669E-002  7.358824583963974E-003  1.580825482377590E-001
   1024   1033 -4.075315595619475E-002 -3.825256778509231E-002  7.960905178429595E-003  1.744659944084200E-001
   1024   1034 -4.190368438242395E-002 -3.940309621132151E-002  9.111433604658797E-003  2.057734650563845E-001
   1024   1035 -4.289134444344364E-002 -4.039075627234121E-002  1.009909366567849E-002  2.326490620999823E-001
   1024   1036 -4.346406652418044E-002 -4.096347835307801E-002  1.067181574641529E-002  2.482336224840094E-001
   1024   1037 -4.567574459395823E-002 -4.317515642285580E-002  1.288349381619308E-002  3.084164434154767E-001
   1024   1038 -4.573537244451395E-002 -4.323478427341151E-002  1.294312166674880E-002  3.100389997456950E-001
   1024   1039 -4.636287787912843E-002 -4.386228970802600E-002  1.357062710136328E-002  3.271142910012259E-001
   1024   1040 -4.689308466878833E-002 -4.439249649768590E-002  1.410083389102318E-002  3.415419514798396E-001
   1024   1041 -5.029918265390362E-002 -4.779859448280119E-002  1.750693187613847E-002  4.342265912175844E-001
   1024   1042 -5.040602224894822E-002 -4.790543407784578E-002  1.761377147118307E-002  4.371338444497898E-001
   1024   1043 -5.064752169866435E-002 -4.814693352756191E-002  1.785527092089920E-002  4.437053786779942E-001
   1024   1044 -5.126471248926281E-002 -4.876412431816038E-002  1.847246171149766E-002  4.604999941958259E-001
   1024   1045 -5.131201015714607E-002 -4.881142198604363E-002  1.851975937938091E-002  4.617870291922799E-001
   1024   1046 -5.143847807753885E-002 -4.893788990643641E-002  1.864622729977369E-002  4.652283963200637E-001
   1024   1047 -5.159483767765202E-002 -4.909424950654959E-002  1.880258689988687E-002  4.694831574189395E-001
   1024   1048 -5.177919036106196E-002 -4.927860218995953E-002  1.898693958329681E-002  4.744996490528284E-001
   1024   1049 -5.200858590054155E-002 -4.950799772943912E-002  1.921633512277640E-002  4.807418191333794E-001
   1024   1050 -5.216509770346214E-002 -4.966450953235971E-002  1.937284692569699E-002  4.850007218812722E-001
   1024   1051 -5.223917605280523E-002 -4.973858788170279E-002  1.944692527504008E-002  4.870164962809621E-001
   1024   1052 -5.227094562781606E-002 -4.977035745671363E-002  1.947869485005091E-002  4.878809903816509E-001
   1024   1053 -5.240998014275425E-002 -4.990939197165181E-002  1.961772936498909E-002  4.916643119374228E-001
   1024   1054 -5.273425141356183E-002 -5.023366324245940E-002  1.994200063579668E-002  5.004881819621380E-001
   1024   1055 -5.341095103643326E-002 -5.091036286533082E-002  2.061870025866810E-002  5.189021151580095E-001
   1024   1056 -5.535510906252825E-002 -5.285452089142581E-002  2.256285828476309E-002  5.718053454905802E-001
   1024   1057 -5.537172743129706E-002 -5.287113926019463E-002  2.257947665353191E-002  5.722575543022755E-001
   1024   1058 -5.582416836270546E-002 -5.332358019160302E-002  2.303191758494030E-002  5.845690981608053E-001
   1024   1059 -5.588093051119883E-002 -5.338034234009639E-002  2.308867973343368E-002  5.861136747721767E-001
   1024   1060 -5.615928416758662E-002 -5.365869599648418E-002  2.336703338982146E-002  5.936880629649793E-001
   1024   1061 -5.642768585335786E-002 -5.392709768225543E-002  2.363543507559271E-002  6.009916442651718E-001
   1024   1062 -5.739191102216226E-002 -5.489132285105983E-002  2.459966024439711E-002  6.272295454609816E-001
   1024   1063 -5.778475047470746E-002 -5.528416230360503E-002  2.499249969694231E-002  6.379192505995414E-001
   1024   1064 -5.936922305258677E-002 -5.686863488148433E-002  2.657697227482161E-002  6.810349421318588E-001
   1024   1065 -5.975394667346942E-002 -5.725335850236699E-002  2.696169589570427E-002  6.915038042597058E-001
   1024   1066 -6.120041049877131E-002 -5.869982232766888E-002  2.840815972100616E-002  7.308640866495996E-001
   1024   1067 -6.122809049614983E-002 -5.872750232504739E-002  2.843583971838468E-002  7.316172976835101E-001
   1024   1068 -6.197816331858017E-002 -5.947757514747773E-002  2.918591254081501E-002  7.520278171776157E-001
   1024   1069 -6.210235871850342E-002 -5.960177054740098E-002  2.931010794073827E-002  7.554073458785736E-001
   1024   1070 -6.217524562074903E-002 -5.967465744964659E-002  2.938299484298387E-002  7.573906993539451E-001
   1024   1071 -6.236065907612212E-002 -5.986007090501969E-002  2.956840829835697E-002  7.624360560609114E-001
   1024   1072 -6.335062448756415E-002 -6.085003631646171E-002  3.055837370979900E-002  7.893743848797832E-001
   1024   1073 -6.346584306168981E-002 -6.096525489058738E-002  3.067359228392466E-002  7.925096417281186E-001
   1024   1074 -6.350792617924814E-002 -6.100733800814570E-002  3.071567540148298E-002  7.936547815940236E-001
   1024   1075 -6.359713898361782E-002 -6.109655081251539E-002  3.080488820585267E-002  7.960823854589542E-001
   1024   1076 -6.382013346234003E-002 -6.131954529123759E-002  3.102788268457488E-002  8.021503738181247E-001
   1024   1077 -6.390066955679605E-002 -6.140008138569361E-002  3.110841877903089E-002  8.043418723989526E-001
   1024   1078 -6.409629488048393E-002 -6.159570670938150E-002  3.130404410271878E-002  8.096651081745605E-001
   1024   1079 -6.424337437774433E-002 -6.174278620664189E-002  3.145112359997917E-002  8.136673448324488E-001
   1024   1080 -6.444954728706462E-002 -6.194895911596218E-002  3.165729650929947E-002  8.192775950094963E-001
   1024   1081 -6.490904709656256E-002 -6.240845892546013E-002  3.211679631879741E-002  8.317812207093417E-001
   1024   1082 -6.515385549783312E-002 -6.265326732673068E-002  3.236160472006797E-002  8.384427960884677E-001
   1024   1083 -6.534453237752033E-002 -6.284394420641790E-002  3.255228159975518E-002  8.436313778548635E-001
   1024   1084 -6.554076364693204E-002 -6.304017547582960E-002  3.274851286916688E-002  8.489711022521605E-001
   1024   1085 -6.664862975140365E-002 -6.414804158030121E-002  3.385637897363850E-002  8.791176720864204E-001
   1024   1086 -6.682833251273232E-002 -6.432774434162988E-002  3.403608173496717E-002  8.840076329056368E-001
   1024   1087 -6.719999974825455E-002 -6.469941157715212E-002  3.440774897048940E-002  8.941212127196173E-001
   1024   1088 -6.729522328253226E-002 -6.479463511142983E-002  3.450297250476711E-002  8.967123768633540E-001
