# Total number of <f|i> elements, Initial States (bandI, bandF), Final States (bandI, bandF) Format : '(5i10)'
        64      1025      1088      1024      1024
# Total-energy difference (Hartree). Format: '(ES24.15E3)'
# With relaxation (for delta function)
 -3.434164835680065E-002
# Electronic only without relaxation (for zeroth-order matrix element)
 -3.184106018569821E-002
# Final Band, Initial Band, Delta Function (Hartree), Zeroth-order (Hartree), First-order (Hartree), Plotting (eV) Format : '(2i10,4ES24.15E3)'
   1024   1025 -3.434164835680065E-002 -3.184106018569821E-002  1.965058965707117E-003  0.000000000000000E+000
   1024   1026 -3.470648875958254E-002 -3.220590058848011E-002  2.329899368489013E-003  9.927812247735193E-003
   1024   1027 -3.503348050918165E-002 -3.253289233807921E-002  2.656891118088117E-003  1.882571026512940E-002
   1024   1028 -3.519437046583043E-002 -3.269378229472800E-002  2.817781074736903E-003  2.320374863471826E-002
   1024   1029 -3.611479522567884E-002 -3.361420705457641E-002  3.738205834585312E-003  4.824978008920165E-002
   1024   1030 -3.923698271857995E-002 -3.673639454747751E-002  6.860393327486419E-003  1.332088224414247E-001
   1024   1031 -3.936835655914764E-002 -3.686776838804520E-002  6.991767168054108E-003  1.367836864462745E-001
   1024   1032 -3.991103579363095E-002 -3.741044762252851E-002  7.534446402537420E-003  1.515507394086509E-001
   1024   1033 -4.040560777790073E-002 -3.790501960679829E-002  8.029018386807196E-003  1.650087275190176E-001
   1024   1034 -4.127724623931953E-002 -3.877665806821709E-002  8.900656848225996E-003  1.887272162798244E-001
   1024   1035 -4.255677780449182E-002 -4.005618963338939E-002  1.018018841339829E-002  2.235450408607144E-001
   1024   1036 -4.359048176475613E-002 -4.108989359365370E-002  1.121389237366260E-002  2.516735561210687E-001
   1024   1037 -4.545920911665993E-002 -4.295862094555750E-002  1.308261972556640E-002  3.025242134234043E-001
   1024   1038 -4.552128738437425E-002 -4.302069921327181E-002  1.314469799328072E-002  3.042134489955424E-001
   1024   1039 -4.636101722628402E-002 -4.386042905518159E-002  1.398442783519049E-002  3.270636600624464E-001
   1024   1040 -4.645723547052924E-002 -4.395664729942680E-002  1.408064607943571E-002  3.296818916409382E-001
   1024   1041 -5.006893622172495E-002 -4.756834805062252E-002  1.769234683063142E-002  4.279612671691751E-001
   1024   1042 -5.014259597458101E-002 -4.764200780347858E-002  1.776600658348748E-002  4.299656509791741E-001
   1024   1043 -5.029659332600536E-002 -4.779600515490293E-002  1.792000393491183E-002  4.341561320222054E-001
   1024   1044 -5.097898532032416E-002 -4.847839714922172E-002  1.860239592923063E-002  4.527249625226051E-001
   1024   1045 -5.102452352515743E-002 -4.852393535405500E-002  1.864793413406390E-002  4.539641200946186E-001
   1024   1046 -5.109623724900211E-002 -4.859564907789968E-002  1.871964785790858E-002  4.559155497621862E-001
   1024   1047 -5.143577389414464E-002 -4.893518572304220E-002  1.905918450305111E-002  4.651548117476961E-001
   1024   1048 -5.159354446599926E-002 -4.909295629489682E-002  1.921695507490573E-002  4.694479673402439E-001
   1024   1049 -5.178015831891022E-002 -4.927957014780779E-002  1.940356892781669E-002  4.745259885253977E-001
   1024   1050 -5.182008273702063E-002 -4.931949456591819E-002  1.944349334592710E-002  4.756123871919871E-001
   1024   1051 -5.195772071156005E-002 -4.945713254045761E-002  1.958113132046652E-002  4.793577069508921E-001
   1024   1052 -5.206509590445066E-002 -4.956450773334822E-002  1.968850651335713E-002  4.822795345416801E-001
   1024   1053 -5.220013696216605E-002 -4.969954879106361E-002  1.982354757107252E-002  4.859541886000340E-001
   1024   1054 -5.246115071238752E-002 -4.996056254128509E-002  2.008456132129399E-002  4.930567339500487E-001
   1024   1055 -5.343717826535935E-002 -5.093659009425691E-002  2.106058887426582E-002  5.196157943519015E-001
   1024   1056 -5.511174849337916E-002 -5.261116032227672E-002  2.273515910228563E-002  5.651831676270763E-001
   1024   1057 -5.512507142558684E-002 -5.262448325448441E-002  2.274848203449331E-002  5.655457030495203E-001
   1024   1058 -5.556291694399826E-002 -5.306232877289582E-002  2.318632755290473E-002  5.774600855223940E-001
   1024   1059 -5.568484844424762E-002 -5.318426027314518E-002  2.330825905315409E-002  5.807780103803052E-001
   1024   1060 -5.603724841773286E-002 -5.353666024663042E-002  2.366065902663933E-002  5.903673013310659E-001
   1024   1061 -5.605330966931774E-002 -5.355272149821530E-002  2.367672027822421E-002  5.908043502132139E-001
   1024   1062 -5.726610995716205E-002 -5.476552178605962E-002  2.488952056606852E-002  6.238063243912642E-001
   1024   1063 -5.739618978755065E-002 -5.489560161644821E-002  2.501960039645712E-002  6.273459765884120E-001
   1024   1064 -5.909844040929255E-002 -5.659785223819011E-002  2.672185101819902E-002  6.736665716825543E-001
   1024   1065 -5.957886004448834E-002 -5.707827187338591E-002  2.720227065339481E-002  6.867394547897483E-001
   1024   1066 -6.090956643353054E-002 -5.840897826242811E-002  2.853297704243701E-002  7.229498171469302E-001
   1024   1067 -6.094905601224301E-002 -5.844846784114058E-002  2.857246662114948E-002  7.240243832317449E-001
   1024   1068 -6.171680504533153E-002 -5.921621687422909E-002  2.934021565423800E-002  7.449158968792603E-001
   1024   1069 -6.184791595452602E-002 -5.934732778342358E-002  2.947132656343249E-002  7.484836061575851E-001
   1024   1070 -6.193273640116845E-002 -5.943214823006601E-002  2.955614701007492E-002  7.507916878903489E-001
   1024   1071 -6.196967307638532E-002 -5.946908490528288E-002  2.959308368529179E-002  7.517967859381873E-001
   1024   1072 -6.316635478118096E-002 -6.066576661007853E-002  3.078976539008743E-002  7.843601511656207E-001
   1024   1073 -6.321515647513573E-002 -6.071456830403330E-002  3.083856708404220E-002  7.856881127928422E-001
   1024   1074 -6.321536781621725E-002 -6.071477964511482E-002  3.083877842512373E-002  7.856938636761370E-001
   1024   1075 -6.329741838057004E-002 -6.079683020946761E-002  3.092082898947651E-002  7.879265730786703E-001
   1024   1076 -6.343848009930955E-002 -6.093789192820712E-002  3.106189070821602E-002  7.917650576552425E-001
   1024   1077 -6.360737409343473E-002 -6.110678592233229E-002  3.123078470234120E-002  7.963608969610312E-001
   1024   1078 -6.375188415188784E-002 -6.125129598078541E-002  3.137529476079431E-002  8.002932156332300E-001
   1024   1079 -6.401477755857451E-002 -6.151418938747208E-002  3.163818816748099E-002  8.074469090368441E-001
   1024   1080 -6.413189007264572E-002 -6.163130190154328E-002  3.175530068155219E-002  8.106337026120453E-001
   1024   1081 -6.474615286069355E-002 -6.224556468959111E-002  3.236956346960002E-002  8.273486431285285E-001
   1024   1082 -6.488941518544836E-002 -6.238882701434592E-002  3.251282579435483E-002  8.312470092401076E-001
   1024   1083 -6.508067118613411E-002 -6.258008301503168E-002  3.270408179504058E-002  8.364513496902962E-001
   1024   1084 -6.521989036615242E-002 -6.271930219504998E-002  3.284330097505889E-002  8.402396962384487E-001
   1024   1085 -6.635583405591791E-002 -6.385524588481548E-002  3.397924466482438E-002  8.711502960240023E-001
   1024   1086 -6.662296339606041E-002 -6.412237522495798E-002  3.424637400496688E-002  8.784192550388885E-001
   1024   1087 -6.699649790371012E-002 -6.449590973260769E-002  3.461990851261659E-002  8.885836459115009E-001
   1024   1088 -6.718098504453254E-002 -6.468039687343011E-002  3.480439565343901E-002  8.936037963176535E-001
