# Total number of <f|i> elements, Initial States (bandI, bandF), Final States (bandI, bandF) Format : '(5i10)'
        64      1025      1088      1024      1024
# Total-energy difference (Hartree). Format: '(ES24.15E3)'
# With relaxation (for delta function)
 -3.434164835680065E-002
# Electronic only without relaxation (for zeroth-order matrix element)
 -3.184106018569821E-002
# Final Band, Initial Band, Delta Function (Hartree), Zeroth-order (Hartree), First-order (Hartree), Plotting (eV) Format : '(2i10,4ES24.15E3)'
   1024   1025 -3.434164835680065E-002 -3.184106018569821E-002  2.176526325354419E-002  0.000000000000000E+000
   1024   1026 -3.446876512688016E-002 -3.196817695577772E-002  2.189238002362370E-002  3.459023225676926E-003
   1024   1027 -3.446908183042435E-002 -3.196849365932192E-002  2.189269672716790E-002  3.467641167387848E-003
   1024   1028 -3.558731899805975E-002 -3.308673082695732E-002  2.301093389480330E-002  3.389642198243388E-002
   1024   1029 -3.580905890602323E-002 -3.330847073492080E-002  2.323267380276678E-002  3.993027173510922E-002
   1024   1030 -3.580999088667935E-002 -3.330940271557692E-002  2.323360578342290E-002  3.995563221849304E-002
   1024   1031 -4.130221342221485E-002 -3.880162525111241E-002  2.872582831895840E-002  1.894066078774919E-001
   1024   1032 -4.154519327149836E-002 -3.904460510039592E-002  2.896880816824191E-002  1.960184258265904E-001
   1024   1033 -4.154595503837544E-002 -3.904536686727300E-002  2.896956993511898E-002  1.960391545574944E-001
   1024   1034 -4.266208274214525E-002 -4.016149457104282E-002  3.008569763888880E-002  2.264105339415552E-001
   1024   1035 -4.266354111133225E-002 -4.016295294022981E-002  3.008715600807579E-002  2.264502181853122E-001
   1024   1036 -4.271541825940905E-002 -4.021483008830662E-002  3.013903315615260E-002  2.278618671751922E-001
   1024   1037 -4.278407709336365E-002 -4.028348892226122E-002  3.020769199010720E-002  2.297301690613108E-001
   1024   1038 -4.311930540795245E-002 -4.061871723685001E-002  3.054292030469599E-002  2.388521954103273E-001
   1024   1039 -4.312014789663454E-002 -4.061955972553211E-002  3.054376279337809E-002  2.388751206932535E-001
   1024   1040 -4.352372098340834E-002 -4.102313281230591E-002  3.094733588015189E-002  2.498569028730205E-001
   1024   1041 -4.359057018319124E-002 -4.108998201208880E-002  3.101418507993478E-002  2.516759621090466E-001
   1024   1042 -4.359149203180573E-002 -4.109090386070330E-002  3.101510692854928E-002  2.517010468855565E-001
   1024   1043 -4.479340533647524E-002 -4.229281716537281E-002  3.221702023321879E-002  2.844067711853597E-001
   1024   1044 -4.498889815818635E-002 -4.248830998708392E-002  3.241251305492990E-002  2.897264013988152E-001
   1024   1045 -4.498926968726455E-002 -4.248868151616211E-002  3.241288458400809E-002  2.897365112191772E-001
   1024   1046 -4.523134861055395E-002 -4.273076043945151E-002  3.265496350729749E-002  2.963238137252204E-001
   1024   1047 -4.523199061581604E-002 -4.273140244471360E-002  3.265560551255958E-002  2.963412835768473E-001
   1024   1048 -4.523349556455644E-002 -4.273290739345401E-002  3.265711046129999E-002  2.963822353147121E-001
   1024   1049 -4.616057926441114E-002 -4.365999109330870E-002  3.358419416115468E-002  3.216094657418073E-001
   1024   1050 -4.616160375320774E-002 -4.366101558210531E-002  3.358521864995129E-002  3.216373434997119E-001
   1024   1051 -4.639881215436914E-002 -4.389822398326670E-002  3.382242705111269E-002  3.280921123585316E-001
   1024   1052 -5.014705315315793E-002 -4.764646498205549E-002  3.757066804990147E-002  4.300869369763631E-001
   1024   1053 -5.016764649482597E-002 -4.766705832372353E-002  3.759126139156951E-002  4.306473103014523E-001
   1024   1054 -5.016785277157743E-002 -4.766726460047499E-002  3.759146766832097E-002  4.306529233773176E-001
   1024   1055 -5.502064380583177E-002 -5.252005563472933E-002  4.244425870257532E-002  5.627040830027790E-001
   1024   1056 -5.507859181921287E-002 -5.257800364811044E-002  4.250220671595642E-002  5.642809286388166E-001
   1024   1057 -5.507898004484607E-002 -5.257839187374364E-002  4.250259494158962E-002  5.642914927955458E-001
   1024   1058 -5.530487827692332E-002 -5.280429010582088E-002  4.272849317366686E-002  5.704384963018951E-001
   1024   1059 -5.530554248671676E-002 -5.280495431561433E-002  4.272915738346031E-002  5.704565703695481E-001
   1024   1060 -5.541155693506794E-002 -5.291096876396550E-002  4.283517183181149E-002  5.733413702183382E-001
   1024   1061 -5.594400350097423E-002 -5.344341532987179E-002  4.336761839771777E-002  5.878299781081530E-001
   1024   1062 -5.619740220496533E-002 -5.369681403386289E-002  4.362101710170888E-002  5.947253075120813E-001
   1024   1063 -5.619836967725272E-002 -5.369778150615029E-002  4.362198457399627E-002  5.947516337718676E-001
   1024   1064 -5.807572267692312E-002 -5.557513450582069E-002  4.549933757366667E-002  6.458370068866213E-001
   1024   1065 -5.808562072289847E-002 -5.558503255179603E-002  4.550923561964201E-002  6.461063464151202E-001
   1024   1066 -5.808580765725052E-002 -5.558521948614809E-002  4.550942255399407E-002  6.461114331575306E-001
   1024   1067 -6.079884954673237E-002 -5.829826137562993E-002  4.822246444347592E-002  7.199370574404809E-001
   1024   1068 -6.223862056996593E-002 -5.973803239886349E-002  4.966223546670948E-002  7.591152194241942E-001
   1024   1069 -6.247656460542372E-002 -5.997597643432129E-002  4.990017950216727E-002  7.655900059102337E-001
   1024   1070 -6.247825700425014E-002 -5.997766883314770E-002  4.990187190099368E-002  7.656360584243435E-001
   1024   1071 -6.284684308510502E-002 -6.034625491400258E-002  5.027045798184857E-002  7.756657957559386E-001
   1024   1072 -6.284718265323264E-002 -6.034659448213020E-002  5.027079754997618E-002  7.756750358746058E-001
   1024   1073 -6.292830876384176E-002 -6.042772059273932E-002  5.035192366058530E-002  7.778825896114595E-001
   1024   1074 -6.349153701986687E-002 -6.099094884876444E-002  5.091515191661042E-002  7.932088098869573E-001
   1024   1075 -6.349196226036774E-002 -6.099137408926530E-002  5.091557715711129E-002  7.932203812694592E-001
   1024   1076 -6.351806700076107E-002 -6.101747882965863E-002  5.094168189750461E-002  7.939307273808677E-001
   1024   1077 -6.402716898945776E-002 -6.152658081835533E-002  5.145078388620131E-002  8.077840970191827E-001
   1024   1078 -6.424049824500022E-002 -6.173991007389779E-002  5.166411314174377E-002  8.135890812803167E-001
   1024   1079 -6.424129123154193E-002 -6.174070306043949E-002  5.166490612828548E-002  8.136106595414989E-001
   1024   1080 -6.671103490420632E-002 -6.421044673310389E-002  5.413464980094987E-002  8.808158026541759E-001
   1024   1081 -6.692098139294805E-002 -6.442039322184562E-002  5.434459628969160E-002  8.865287371493863E-001
   1024   1082 -6.695236211066036E-002 -6.445177393955792E-002  5.437597700740390E-002  8.873826499048582E-001
   1024   1083 -6.695265269006923E-002 -6.445206451896679E-002  5.437626758681277E-002  8.873905569726946E-001
   1024   1084 -6.764844931894187E-002 -6.514786114783944E-002  5.507206421568542E-002  9.063241461294422E-001
   1024   1085 -6.764860898371583E-002 -6.514802081261339E-002  5.507222388045938E-002  9.063284908288953E-001
   1024   1086 -6.779303619027593E-002 -6.529244801917350E-002  5.521665108701948E-002  9.102585549864298E-001
   1024   1087 -6.803122312552073E-002 -6.553063495441830E-002  5.545483802226428E-002  9.167399511118131E-001
   1024   1088 -6.803172347144093E-002 -6.553113530033849E-002  5.545533836818448E-002  9.167535662167102E-001
