# Total number of <f|i> elements, Initial States (bandI, bandF), Final States (bandI, bandF) Format : '(5i10)'
        64      1025      1088      1024      1024
# Total-energy difference (Hartree). Format: '(ES24.15E3)'
# With relaxation (for delta function)
 -3.434164835680065E-002
# Electronic only without relaxation (for zeroth-order matrix element)
 -3.184106018569821E-002
# Final Band, Initial Band, Delta Function (Hartree), Zeroth-order (Hartree), First-order (Hartree), Plotting (eV) Format : '(2i10,4ES24.15E3)'
   1024   1025 -3.434164835680065E-002 -3.184106018569821E-002  1.549397579231726E-003  0.000000000000000E+000
   1024   1026 -3.493969263840244E-002 -3.243910446730000E-002  2.147441860833516E-003  1.627361251194423E-002
   1024   1027 -3.538356761240202E-002 -3.288297944129959E-002  2.591316834833102E-003  2.835206481529449E-002
   1024   1028 -3.546726091651353E-002 -3.296667274541110E-002  2.675010138944611E-003  3.062947543998449E-002
   1024   1029 -3.688601914500284E-002 -3.438543097390040E-002  4.093768367433914E-003  6.923585019994050E-002
   1024   1030 -3.930969080600633E-002 -3.680910263490389E-002  6.517440028437405E-003  1.351873101181103E-001
   1024   1031 -3.974648218318974E-002 -3.724589401208730E-002  6.954231405620820E-003  1.470730079493862E-001
   1024   1032 -4.015107536183063E-002 -3.765048719072819E-002  7.358824584261708E-003  1.580825482405210E-001
   1024   1033 -4.075315595870924E-002 -3.825256778760680E-002  7.960905181140315E-003  1.744659944768427E-001
   1024   1034 -4.190368438215622E-002 -3.940309621105378E-002  9.111433604587299E-003  2.057734650490992E-001
   1024   1035 -4.289134444386625E-002 -4.039075627276381E-002  1.009909366629733E-002  2.326490621114820E-001
   1024   1036 -4.346406652544463E-002 -4.096347835434219E-002  1.067181574787571E-002  2.482336225184096E-001
   1024   1037 -4.567574459599832E-002 -4.317515642489589E-002  1.288349381842940E-002  3.084164434709904E-001
   1024   1038 -4.573537244343434E-002 -4.323478427233191E-002  1.294312166586542E-002  3.100389997163173E-001
   1024   1039 -4.636287788037075E-002 -4.386228970926831E-002  1.357062710280182E-002  3.271142910350309E-001
   1024   1040 -4.689308466884584E-002 -4.439249649774341E-002  1.410083389127692E-002  3.415419514814045E-001
   1024   1041 -5.029918265549493E-002 -4.779859448439250E-002  1.750693187792601E-002  4.342265912608861E-001
   1024   1042 -5.040602224767493E-002 -4.790543407657250E-002  1.761377147010601E-002  4.371338444151419E-001
   1024   1043 -5.064752170145281E-002 -4.814693353035038E-002  1.785527092388389E-002  4.437053787538722E-001
   1024   1044 -5.126471249186693E-002 -4.876412432076449E-002  1.847246171429801E-002  4.604999942666874E-001
   1024   1045 -5.131201015838133E-002 -4.881142198727889E-002  1.851975938081241E-002  4.617870292258930E-001
   1024   1046 -5.143847807932483E-002 -4.893788990822240E-002  1.864622730175591E-002  4.652283963686629E-001
   1024   1047 -5.159483767669315E-002 -4.909424950559071E-002  1.880258689912423E-002  4.694831573928472E-001
   1024   1048 -5.177919036206141E-002 -4.927860219095898E-002  1.898693958449249E-002  4.744996490800248E-001
   1024   1049 -5.200858590322494E-002 -4.950799773212250E-002  1.921633512565601E-002  4.807418192063979E-001
   1024   1050 -5.216509770529265E-002 -4.966450953419022E-002  1.937284692772373E-002  4.850007219310828E-001
   1024   1051 -5.223917605485812E-002 -4.973858788375568E-002  1.944692527728920E-002  4.870164963368240E-001
   1024   1052 -5.227094562661622E-002 -4.977035745551378E-002  1.947869484904730E-002  4.878809903490015E-001
   1024   1053 -5.240998014456105E-002 -4.990939197345862E-002  1.961772936699213E-002  4.916643119865884E-001
   1024   1054 -5.273425141473442E-002 -5.023366324363199E-002  1.994200063716550E-002  5.004881819940458E-001
   1024   1055 -5.341095103786103E-002 -5.091036286675860E-002  2.061870026029211E-002  5.189021151968612E-001
   1024   1056 -5.535510906333652E-002 -5.285452089223408E-002  2.256285828576760E-002  5.718053455125743E-001
   1024   1057 -5.537172743337132E-002 -5.287113926226888E-002  2.257947665580240E-002  5.722575543587189E-001
   1024   1058 -5.582416836464366E-002 -5.332358019354122E-002  2.303191758707474E-002  5.845690982135463E-001
   1024   1059 -5.588093051207732E-002 -5.338034234097488E-002  2.308867973450840E-002  5.861136747960817E-001
   1024   1060 -5.615928416797156E-002 -5.365869599686912E-002  2.336703339040264E-002  5.936880629754541E-001
   1024   1061 -5.642768585446506E-002 -5.392709768336262E-002  2.363543507689614E-002  6.009916442953002E-001
   1024   1062 -5.739191102444324E-002 -5.489132285334081E-002  2.459966024687432E-002  6.272295455230503E-001
   1024   1063 -5.778475047513876E-002 -5.528416230403632E-002  2.499249969756984E-002  6.379192506112774E-001
   1024   1064 -5.936922305331932E-002 -5.686863488221688E-002  2.657697227575040E-002  6.810349421517926E-001
   1024   1065 -5.975394667292411E-002 -5.725335850182167E-002  2.696169589535519E-002  6.915038042448671E-001
   1024   1066 -6.120041049896435E-002 -5.869982232786192E-002  2.840815972139543E-002  7.308640866548525E-001
   1024   1067 -6.122809049716432E-002 -5.872750232606189E-002  2.843583971959540E-002  7.316172977111159E-001
   1024   1068 -6.197816331923806E-002 -5.947757514813562E-002  2.918591254166913E-002  7.520278171955178E-001
   1024   1069 -6.210235872052594E-002 -5.960177054942351E-002  2.931010794295702E-002  7.554073459336091E-001
   1024   1070 -6.217524562295551E-002 -5.967465745185307E-002  2.938299484538659E-002  7.573906994139866E-001
   1024   1071 -6.236065907536514E-002 -5.986007090426271E-002  2.956840829779622E-002  7.624360560403129E-001
   1024   1072 -6.335062448893392E-002 -6.085003631783148E-002  3.055837371136499E-002  7.893743849170565E-001
   1024   1073 -6.346584306429182E-002 -6.096525489318938E-002  3.067359228672289E-002  7.925096417989226E-001
   1024   1074 -6.350792617792944E-002 -6.100733800682701E-002  3.071567540036052E-002  7.936547815581401E-001
   1024   1075 -6.359713898233854E-002 -6.109655081123611E-002  3.080488820476962E-002  7.960823854241431E-001
   1024   1076 -6.382013346251542E-002 -6.131954529141298E-002  3.102788268494650E-002  8.021503738228972E-001
   1024   1077 -6.390066955621665E-002 -6.140008138511421E-002  3.110841877864773E-002  8.043418723831864E-001
   1024   1078 -6.409629488274243E-002 -6.159570671164000E-002  3.130404410517351E-002  8.096651082360173E-001
   1024   1079 -6.424337437922151E-002 -6.174278620811907E-002  3.145112360165259E-002  8.136673448726450E-001
   1024   1080 -6.444954728824764E-002 -6.194895911714521E-002  3.165729651067872E-002  8.192775950416881E-001
   1024   1081 -6.490904709720974E-002 -6.240845892610730E-002  3.211679631964082E-002  8.317812207269523E-001
   1024   1082 -6.515385550030511E-002 -6.265326732920268E-002  3.236160472273619E-002  8.384427961557341E-001
   1024   1083 -6.534453238033594E-002 -6.284394420923350E-002  3.255228160276702E-002  8.436313779314801E-001
   1024   1084 -6.554076364724831E-002 -6.304017547614588E-002  3.274851286967939E-002  8.489711022607668E-001
   1024   1085 -6.664862975284563E-002 -6.414804158174320E-002  3.385637897527671E-002  8.791176721256588E-001
   1024   1086 -6.682833251398262E-002 -6.432774434288019E-002  3.403608173641370E-002  8.840076329396593E-001
   1024   1087 -6.719999975018032E-002 -6.469941157907788E-002  3.440774897261140E-002  8.941212127720201E-001
   1024   1088 -6.729522328340282E-002 -6.479463511230038E-002  3.450297250583390E-002  8.967123768870430E-001
