# Total number of <f|i> elements, Initial States (bandI, bandF), Final States (bandI, bandF) Format : '(5i10)'
        64      1025      1088      1024      1024
# Total-energy difference (Hartree). Format: '(ES24.15E3)'
# With relaxation (for delta function)
 -3.434164835680065E-002
# Electronic only without relaxation (for zeroth-order matrix element)
 -3.184106018569821E-002
# Final Band, Initial Band, Delta Function (Hartree), Zeroth-order (Hartree), First-order (Hartree), Plotting (eV) Format : '(2i10,4ES24.15E3)'
   1024   1025 -3.434164835680065E-002 -3.184106018569821E-002  2.043972563641777E-003  0.000000000000000E+000
   1024   1026 -3.436929753165527E-002 -3.186870936055283E-002  2.071621738496399E-003  7.523723103813649E-004
   1024   1027 -3.476028130765035E-002 -3.225969313654792E-002  2.462605514491484E-003  1.139158192201588E-002
   1024   1028 -3.544811892620367E-002 -3.294753075510123E-002  3.150443133044800E-003  3.010859539381843E-002
   1024   1029 -3.570040117409157E-002 -3.319981300298913E-002  3.402725380932697E-003  3.697354448215968E-002
   1024   1030 -3.683788684934947E-002 -3.433729867824703E-002  4.540211056190596E-003  6.792610382685366E-002
   1024   1031 -4.117540063091485E-002 -3.867481245981241E-002  8.877724837755979E-003  1.859558563350695E-001
   1024   1032 -4.142839343948035E-002 -3.892780526837791E-002  9.130717646321479E-003  1.928401407627648E-001
   1024   1033 -4.146541519399555E-002 -3.896482702289311E-002  9.167739400836677E-003  1.938475539360486E-001
   1024   1034 -4.251322931120016E-002 -4.001264114009773E-002  1.021555351804129E-002  2.223600260932304E-001
   1024   1035 -4.253896869030177E-002 -4.003838051919933E-002  1.024129289714290E-002  2.230604302182823E-001
   1024   1036 -4.258127587658755E-002 -4.008068770548512E-002  1.028360008342868E-002  2.242116673043413E-001
   1024   1037 -4.287222254669476E-002 -4.037163437559232E-002  1.057454675353589E-002  2.321287288274173E-001
   1024   1038 -4.301786453162965E-002 -4.051727636052721E-002  1.072018873847078E-002  2.360918487856128E-001
   1024   1039 -4.302128671803046E-002 -4.052069854692802E-002  1.072361092487159E-002  2.361849712134058E-001
   1024   1040 -4.334385744391336E-002 -4.084326927281093E-002  1.104618165075449E-002  2.449625670574043E-001
   1024   1041 -4.337661075380536E-002 -4.087602258270293E-002  1.107893496064649E-002  2.458538299455610E-001
   1024   1042 -4.371943940049886E-002 -4.121885122939642E-002  1.142176360733999E-002  2.551826718489420E-001
   1024   1043 -4.482919316761425E-002 -4.232860499651181E-002  1.253151737445538E-002  2.853806075959999E-001
   1024   1044 -4.497794262192514E-002 -4.247735445082271E-002  1.268026682876627E-002  2.894282860962193E-001
   1024   1045 -4.500655040298576E-002 -4.250596223188333E-002  1.270887460982689E-002  2.902067434080426E-001
   1024   1046 -4.509329975741247E-002 -4.259271158631003E-002  1.279562396425360E-002  2.925673133909549E-001
   1024   1047 -4.510601270369297E-002 -4.260542453259053E-002  1.280833691053410E-002  2.929132502521851E-001
   1024   1048 -4.541218518899356E-002 -4.291159701789113E-002  1.311450939583469E-002  3.012446272770699E-001
   1024   1049 -4.584657916897444E-002 -4.334599099787201E-002  1.354890337581557E-002  3.130650886128027E-001
   1024   1050 -4.594259875269835E-002 -4.344201058159591E-002  1.364492295953948E-002  3.156779143635913E-001
   1024   1051 -4.656363751356116E-002 -4.406304934245872E-002  1.426596172040229E-002  3.325772384773679E-001
   1024   1052 -4.985819817139933E-002 -4.735761000029690E-002  1.756052237824046E-002  4.222267931878566E-001
   1024   1053 -5.004569747263968E-002 -4.754510930153724E-002  1.774802167948081E-002  4.273289086473895E-001
   1024   1054 -5.028374240425823E-002 -4.778315423315579E-002  1.798606661109936E-002  4.338064406575893E-001
   1024   1055 -5.466013897913077E-002 -5.215955080802834E-002  2.236246318597190E-002  5.528942477800354E-001
   1024   1056 -5.485922377204874E-002 -5.235863560094631E-002  2.256154797888987E-002  5.583116205008148E-001
   1024   1057 -5.492730689363115E-002 -5.242671872252871E-002  2.262963110047228E-002  5.601642564565807E-001
   1024   1058 -5.517370040477973E-002 -5.267311223367729E-002  2.287602461162086E-002  5.668689648690579E-001
   1024   1059 -5.526796109449886E-002 -5.276737292339642E-002  2.297028530133999E-002  5.694339286799135E-001
   1024   1060 -5.541294511138448E-002 -5.291235694028204E-002  2.311526931822561E-002  5.733791444169528E-001
   1024   1061 -5.567287527389694E-002 -5.317228710279451E-002  2.337519948073807E-002  5.804522038458717E-001
   1024   1062 -5.591066949331083E-002 -5.341008132220840E-002  2.361299370015196E-002  5.869229136300321E-001
   1024   1063 -5.621196305251994E-002 -5.371137488141750E-002  2.391428725936107E-002  5.951215283242167E-001
   1024   1064 -5.787607762275424E-002 -5.537548945165180E-002  2.557840182959537E-002  6.404043886818811E-001
   1024   1065 -5.804318346583295E-002 -5.554259529473052E-002  2.574550767267408E-002  6.449515699231451E-001
   1024   1066 -5.815811326906697E-002 -5.565752509796454E-002  2.586043747590810E-002  6.480789689159002E-001
   1024   1067 -6.054382909421527E-002 -5.804324092311283E-002  2.824615330105640E-002  7.129975980148872E-001
   1024   1068 -6.217724745005884E-002 -5.967665927895641E-002  2.987957165689997E-002  7.574451718997167E-001
   1024   1069 -6.241061638180798E-002 -5.991002821070554E-002  3.011294058864911E-002  7.637954634825405E-001
   1024   1070 -6.245084924060798E-002 -5.995026106950554E-002  3.015317344744911E-002  7.648902552471326E-001
   1024   1071 -6.269643358373764E-002 -6.019584541263520E-002  3.039875779057877E-002  7.715729450780396E-001
   1024   1072 -6.278632730473735E-002 -6.028573913363491E-002  3.048865151157848E-002  7.740190776267666E-001
   1024   1073 -6.295024673005914E-002 -6.044965855895670E-002  3.065257093690027E-002  7.784795520313084E-001
   1024   1074 -6.320363314992575E-002 -6.070304497882331E-002  3.090595735676688E-002  7.853745471672098E-001
   1024   1075 -6.322436047491944E-002 -6.072377230381701E-002  3.092668468176057E-002  7.859385663640043E-001
   1024   1076 -6.345453404295684E-002 -6.095394587185440E-002  3.115685824979797E-002  7.922019076782957E-001
   1024   1077 -6.402356162886194E-002 -6.152297345775951E-002  3.172588583570307E-002  8.076859357452885E-001
   1024   1078 -6.418010478213157E-002 -6.167951661102913E-002  3.188242898897270E-002  8.119456915795632E-001
   1024   1079 -6.419708255402765E-002 -6.169649438292521E-002  3.189940676086878E-002  8.124076802477148E-001
   1024   1080 -6.653843129084894E-002 -6.403784311974650E-002  3.424075549769007E-002  8.761190194754851E-001
   1024   1081 -6.681796282718708E-002 -6.431737465608464E-002  3.452028703402821E-002  8.837254594117577E-001
   1024   1082 -6.691929674531513E-002 -6.441870857421270E-002  3.462162095215626E-002  8.864828955559780E-001
   1024   1083 -6.693569262133356E-002 -6.443510445023112E-002  3.463801682817469E-002  8.869290500320365E-001
   1024   1084 -6.752778362551518E-002 -6.502719545441274E-002  3.523010783235631E-002  9.030406656268752E-001
   1024   1085 -6.760804213887875E-002 -6.510745396777631E-002  3.531036634571988E-002  9.052246108420444E-001
   1024   1086 -6.766861354451156E-002 -6.516802537340913E-002  3.537093775135269E-002  9.068728426116587E-001
   1024   1087 -6.799489884969198E-002 -6.549431067858955E-002  3.569722305653311E-002  9.157515172988003E-001
   1024   1088 -6.801261900885178E-002 -6.551203083774934E-002  3.571494321569291E-002  9.162337073517578E-001
