# Total number of <f|i> elements, Initial States (bandI, bandF), Final States (bandI, bandF) Format : '(5i10)'
        64      1025      1088      1024      1024
# Total-energy difference (Hartree). Format: '(ES24.15E3)'
# With relaxation (for delta function)
 -3.434164835680065E-002
# Electronic only without relaxation (for zeroth-order matrix element)
 -3.184106018569821E-002
# Final Band, Initial Band, Delta Function (Hartree), Zeroth-order (Hartree), First-order (Hartree), Plotting (eV) Format : '(2i10,4ES24.15E3)'
   1024   1025 -3.434164835680065E-002 -3.184106018569821E-002  2.230031585827102E-003  0.000000000000000E+000
   1024   1026 -3.434194666383175E-002 -3.184135849272932E-002  2.230329892858207E-003  8.117347131526191E-006
   1024   1027 -3.453419124534685E-002 -3.203360307424441E-002  2.422574474373301E-003  5.239358449743814E-003
   1024   1028 -3.568836683684276E-002 -3.318777866574033E-002  3.576750065869216E-003  3.664607351178171E-002
   1024   1029 -3.568930916583304E-002 -3.318872099473061E-002  3.577692394859500E-003  3.667171558765871E-002
   1024   1030 -3.619816812118076E-002 -3.369757995007833E-002  4.086551350207218E-003  5.051847195222408E-002
   1024   1031 -4.134688271289724E-002 -3.884629454179481E-002  9.235265941923698E-003  1.906221210930044E-001
   1024   1032 -4.142573870864955E-002 -3.892515053754711E-002  9.314121937676001E-003  1.927679018630828E-001
   1024   1033 -4.142649679578875E-002 -3.892590862468631E-002  9.314880024815203E-003  1.927885304632270E-001
   1024   1034 -4.252889922126885E-002 -4.002831105016641E-002  1.041728245029530E-002  2.227864260311610E-001
   1024   1035 -4.253035644891384E-002 -4.002976827781141E-002  1.041873967794030E-002  2.228260792119804E-001
   1024   1036 -4.257727105395845E-002 -4.007668288285601E-002  1.046565428298490E-002  2.241026905384895E-001
   1024   1037 -4.274411449035337E-002 -4.024352631925093E-002  1.063249771937982E-002  2.286427313307531E-001
   1024   1038 -4.299950800499017E-002 -4.049891983388773E-002  1.088789123401662E-002  2.355923422928896E-001
   1024   1039 -4.300037520923067E-002 -4.049978703812823E-002  1.088875843825712E-002  2.356159401203629E-001
   1024   1040 -4.347599709848535E-002 -4.097540892738291E-002  1.136438032751180E-002  2.485582699210904E-001
   1024   1041 -4.347694830499796E-002 -4.097636013389552E-002  1.136533153402441E-002  2.485841535666352E-001
   1024   1042 -4.367487409313256E-002 -4.117428592203012E-002  1.156325732215902E-002  2.539699881633588E-001
   1024   1043 -4.475331451770795E-002 -4.225272634660551E-002  1.264169774673440E-002  2.833158445266211E-001
   1024   1044 -4.486216544636434E-002 -4.236157727526191E-002  1.275054867539080E-002  2.862778289298077E-001
   1024   1045 -4.486253566439954E-002 -4.236194749329711E-002  1.275091889342600E-002  2.862879030748755E-001
   1024   1046 -4.509447920792556E-002 -4.259389103682312E-002  1.298286243695201E-002  2.925994078716105E-001
   1024   1047 -4.509976994865594E-002 -4.259918177755351E-002  1.298815317768240E-002  2.927433762485287E-001
   1024   1048 -4.510026859367836E-002 -4.259968042257592E-002  1.298865182270481E-002  2.927569450696434E-001
   1024   1049 -4.609209578717835E-002 -4.359150761607591E-002  1.398047901620481E-002  3.197459355547583E-001
   1024   1050 -4.609313410922444E-002 -4.359254593812201E-002  1.398151733825090E-002  3.197741897345248E-001
   1024   1051 -4.697936897285765E-002 -4.447878080175521E-002  1.486775220188410E-002  3.438898667989628E-001
   1024   1052 -5.006242993390234E-002 -4.756184176279990E-002  1.795081316292879E-002  4.277842220737302E-001
   1024   1053 -5.006265126669987E-002 -4.756206309559743E-002  1.795103449572633E-002  4.277902448454448E-001
   1024   1054 -5.025176358833347E-002 -4.775117541723103E-002  1.814014681735993E-002  4.329362528220724E-001
   1024   1055 -5.495378076930493E-002 -5.245319259820250E-002  2.284216399833139E-002  5.608846472498020E-001
   1024   1056 -5.495417636136793E-002 -5.245358819026549E-002  2.284255959039438E-002  5.608954118572801E-001
   1024   1057 -5.499939215925123E-002 -5.249880398814880E-002  2.288777538827769E-002  5.621257962900189E-001
   1024   1058 -5.517502461486948E-002 -5.267443644376704E-002  2.306340784389593E-002  5.669049984581214E-001
   1024   1059 -5.517570669577485E-002 -5.267511852467241E-002  2.306408992480130E-002  5.669235588234609E-001
   1024   1060 -5.527411878116953E-002 -5.277353061006709E-002  2.316250201019598E-002  5.696014878555987E-001
   1024   1061 -5.612543694576747E-002 -5.362484877466503E-002  2.401382017479392E-002  5.927670332194639E-001
   1024   1062 -5.612648048591587E-002 -5.362589231481343E-002  2.401486371494232E-002  5.927954293910154E-001
   1024   1063 -5.612752419927067E-002 -5.362693602816823E-002  2.401590742829712E-002  5.928238302757526E-001
   1024   1064 -5.797172067529346E-002 -5.547113250419103E-002  2.586010390431992E-002  6.430069684980683E-001
   1024   1065 -5.797191942657867E-002 -5.547133125547624E-002  2.586030265560513E-002  6.430123767955827E-001
   1024   1066 -5.806634073654024E-002 -5.556575256543780E-002  2.595472396556670E-002  6.455817113055109E-001
   1024   1067 -6.081011523955918E-002 -5.830952706845674E-002  2.869849846858563E-002  7.202436125324400E-001
   1024   1068 -6.221597062001147E-002 -5.971538244890903E-002  3.010435384903792E-002  7.584988829415736E-001
   1024   1069 -6.236007653667228E-002 -5.985948836556984E-002  3.024845976569873E-002  7.624202043563281E-001
   1024   1070 -6.236175580530504E-002 -5.986116763420260E-002  3.025013903433149E-002  7.624658995796981E-001
   1024   1071 -6.271652116530804E-002 -6.021593299420561E-002  3.060490439433450E-002  7.721195559709710E-001
   1024   1072 -6.271685580026978E-002 -6.021626762916735E-002  3.060523902929624E-002  7.721286618513679E-001
   1024   1073 -6.278865951328114E-002 -6.028807134217870E-002  3.067704274230759E-002  7.740825402486932E-001
   1024   1074 -6.340884224100743E-002 -6.090825406990499E-002  3.129722547003388E-002  7.909585705161951E-001
   1024   1075 -6.340928344423594E-002 -6.090869527313350E-002  3.129766667326239E-002  7.909705762666063E-001
   1024   1076 -6.344748648214224E-002 -6.094689831103980E-002  3.133586971116870E-002  7.920101337956929E-001
   1024   1077 -6.402901649790624E-002 -6.152842832680380E-002  3.191739972693269E-002  8.078343702807589E-001
   1024   1078 -6.411557665247017E-002 -6.161498848136773E-002  3.200395988149662E-002  8.101897918735789E-001
   1024   1079 -6.411635905489824E-002 -6.161577088379580E-002  3.200474228392469E-002  8.102110821263820E-001
   1024   1080 -6.665307565177633E-002 -6.415248748067390E-002  3.454145888080279E-002  8.792386511880649E-001
   1024   1081 -6.683093558024203E-002 -6.433034740913959E-002  3.471931880926848E-002  8.840784659748571E-001
   1024   1082 -6.683123487915774E-002 -6.433064670805530E-002  3.471961810818419E-002  8.840866103125412E-001
   1024   1083 -6.698924583930446E-002 -6.448865766820203E-002  3.487762906833092E-002  8.883863072031809E-001
   1024   1084 -6.753533994960317E-002 -6.503475177850074E-002  3.542372317862963E-002  9.032462836622044E-001
   1024   1085 -6.753549345057194E-002 -6.503490527946951E-002  3.542387667959840E-002  9.032504606359885E-001
   1024   1086 -6.779633853878045E-002 -6.529575036767801E-002  3.568472176780690E-002  9.103484164592256E-001
   1024   1087 -6.790508270750525E-002 -6.540449453640282E-002  3.579346593653171E-002  9.133074957769329E-001
   1024   1088 -6.790557932170346E-002 -6.540499115060103E-002  3.579396255072992E-002  9.133210093365107E-001
