# Total number of <f|i> elements, Initial States (bandI, bandF), Final States (bandI, bandF) Format : '(5i10)'
        64      1025      1088      1024      1024
# Total-energy difference (Hartree). Format: '(ES24.15E3)'
# With relaxation (for delta function)
 -3.434164835680065E-002
# Electronic only without relaxation (for zeroth-order matrix element)
 -3.184106018569821E-002
# Final Band, Initial Band, Delta Function (Hartree), Zeroth-order (Hartree), First-order (Hartree), Plotting (eV) Format : '(2i10,4ES24.15E3)'
   1024   1025 -3.434164835680065E-002 -3.184106018569821E-002  1.409319850026380E-002  0.000000000000000E+000
   1024   1026 -3.548982208698864E-002 -3.298923391588621E-002  1.524137223045180E-002  3.124339611011362E-002
   1024   1027 -3.982692924789386E-002 -3.732634107679142E-002  1.957847939135701E-002  1.492620839074602E-001
   1024   1028 -4.201762871079384E-002 -3.951704053969141E-002  2.176917885425700E-002  2.088740479143275E-001
   1024   1029 -4.216915267537025E-002 -3.966856450426781E-002  2.192070281883340E-002  2.129972246784051E-001
   1024   1030 -4.235291834735286E-002 -3.985233017625042E-002  2.210446849081601E-002  2.179977429190148E-001
   1024   1031 -4.246637590057045E-002 -3.996578772946802E-002  2.221792604403361E-002  2.210850799514351E-001
   1024   1032 -4.519659536650644E-002 -4.269600719540401E-002  2.494814550996960E-002  2.953781298610635E-001
   1024   1033 -4.541615220380246E-002 -4.291556403270003E-002  2.516770234726562E-002  3.013525752398131E-001
   1024   1034 -4.548331801445896E-002 -4.298272984335652E-002  2.523486815792211E-002  3.031802498958551E-001
   1024   1035 -4.549394333075676E-002 -4.299335515965433E-002  2.524549347421992E-002  3.034693794562686E-001
   1024   1036 -4.582453229051486E-002 -4.332394411941243E-002  2.557608243397802E-002  3.124651625401244E-001
   1024   1037 -4.667880369427405E-002 -4.417821552317161E-002  2.643035383773720E-002  3.357110696284365E-001
   1024   1038 -5.628370947071706E-002 -5.378312129961463E-002  3.603525961418022E-002  5.970738476503588E-001
   1024   1039 -5.695417273244693E-002 -5.445358456134450E-002  3.670572287591009E-002  6.153180808293179E-001
   1024   1040 -5.712355764647384E-002 -5.462296947537140E-002  3.687510778993700E-002  6.199272787449971E-001
   1024   1041 -5.715253381349908E-002 -5.465194564239664E-002  3.690408395696224E-002  6.207157603487125E-001
   1024   1042 -5.727987360413353E-002 -5.477928543303109E-002  3.703142374759669E-002  6.241808522723186E-001
   1024   1043 -5.807670725295974E-002 -5.557611908185731E-002  3.782825739642290E-002  6.458637985630930E-001
   1024   1044 -5.815355695303046E-002 -5.565296878192802E-002  3.790510709649361E-002  6.479549852512431E-001
   1024   1045 -5.865967306140626E-002 -5.615908489030383E-002  3.841122320486942E-002  6.617271049539866E-001
   1024   1046 -5.873092338054323E-002 -5.623033520944079E-002  3.848247352400638E-002  6.636659247381699E-001
   1024   1047 -5.926003308634123E-002 -5.675944491523879E-002  3.901158322980439E-002  6.780637320466910E-001
   1024   1048 -5.937047486193534E-002 -5.686988669083290E-002  3.912202500539849E-002  6.810690055965622E-001
   1024   1049 -5.946335251895088E-002 -5.696276434784844E-002  3.921490266241404E-002  6.835963351736296E-001
   1024   1050 -5.949328937765683E-002 -5.699270120655439E-002  3.924483952111998E-002  6.844109585274398E-001
   1024   1051 -6.046120632509713E-002 -5.796061815399470E-002  4.021275646856029E-002  7.107493181288373E-001
   1024   1052 -6.053254260588173E-002 -5.803195443477929E-002  4.028409274934489E-002  7.126904770484117E-001
   1024   1053 -6.076095178141414E-002 -5.826036361031170E-002  4.051250192487729E-002  7.189058068009702E-001
   1024   1054 -6.078577901624485E-002 -5.828519084514241E-002  4.053732915970801E-002  7.195813902181312E-001
   1024   1055 -6.132688950733353E-002 -5.882630133623110E-002  4.107843965079669E-002  7.343057555018183E-001
   1024   1056 -6.156506746410026E-002 -5.906447929299782E-002  4.131661760756342E-002  7.407869073103883E-001
   1024   1057 -6.165228971223027E-002 -5.915170154112784E-002  4.140383985569343E-002  7.431603453853862E-001
   1024   1058 -6.170031556689207E-002 -5.919972739578963E-002  4.145186571035522E-002  7.444671953517928E-001
   1024   1059 -6.194527216327364E-002 -5.944468399217120E-002  4.169682230673680E-002  7.511328033249710E-001
   1024   1060 -6.200593998214618E-002 -5.950535181104374E-002  4.175749012560934E-002  7.527836586322606E-001
   1024   1061 -6.262538010487537E-002 -6.012479193377293E-002  4.237693024833852E-002  7.696394815901300E-001
   1024   1062 -6.278539366513577E-002 -6.028480549403334E-002  4.253694380859893E-002  7.739936720011812E-001
   1024   1063 -6.421742073838535E-002 -6.171683256728291E-002  4.396897088184851E-002  8.129611103892878E-001
   1024   1064 -6.700485024301697E-002 -6.450426207191454E-002  4.675640038648013E-002  8.888109246225084E-001
   1024   1065 -6.713586672295027E-002 -6.463527855184784E-002  4.688741686641343E-002  8.923760643499594E-001
   1024   1066 -6.718776716962008E-002 -6.468717899851764E-002  4.693931731308323E-002  8.937883473267970E-001
   1024   1067 -6.728478804180257E-002 -6.478419987070014E-002  4.703633818526573E-002  8.964284195221869E-001
   1024   1068 -6.754879664448174E-002 -6.504820847337930E-002  4.730034678794490E-002  9.036124589520319E-001
   1024   1069 -6.761786417428914E-002 -6.511727600318670E-002  4.736941431775230E-002  9.054918820178830E-001
   1024   1070 -6.766580669046376E-002 -6.516521851936133E-002  4.741735683392692E-002  9.067964642287251E-001
   1024   1071 -6.770298412921158E-002 -6.520239595810914E-002  4.745453427267474E-002  9.078081137854235E-001
   1024   1072 -6.792884549946768E-002 -6.542825732836524E-002  4.768039564293083E-002  9.139541142306077E-001
   1024   1073 -6.798573752658613E-002 -6.548514935548369E-002  4.773728767004928E-002  9.155022250191014E-001
   1024   1074 -6.802561906405227E-002 -6.552503089294984E-002  4.777716920751543E-002  9.165874568440197E-001
   1024   1075 -6.806406982085553E-002 -6.556348164975309E-002  4.781561996431868E-002  9.176337551471005E-001
   1024   1076 -6.855736581922486E-002 -6.605677764812243E-002  4.830891596268802E-002  9.310570219153305E-001
   1024   1077 -6.891746598041157E-002 -6.641687780930913E-002  4.866901612387473E-002  9.408558456294298E-001
   1024   1078 -6.909950268057627E-002 -6.659891450947383E-002  4.885105282403943E-002  9.458093161542191E-001
   1024   1079 -6.915928743126773E-002 -6.665869926016529E-002  4.891083757473089E-002  9.474361419542588E-001
   1024   1080 -7.195357607986078E-002 -6.945298790875834E-002  5.170512622332393E-002  1.023472602986765E+000
   1024   1081 -7.204431157440658E-002 -6.954372340330414E-002  5.179586171786973E-002  1.025941641358578E+000
   1024   1082 -7.205856997279778E-002 -6.955798180169534E-002  5.181012011626093E-002  1.026329632110429E+000
   1024   1083 -7.244786262667638E-002 -6.994727445557394E-002  5.219941277013954E-002  1.036922823948998E+000
   1024   1084 -7.428478713063177E-002 -7.178419895952934E-002  5.403633727409493E-002  1.086908081747969E+000
   1024   1085 -7.444774760323528E-002 -7.194715943213284E-002  5.419929774669843E-002  1.091342461721989E+000
   1024   1086 -7.446108829784506E-002 -7.196050012674263E-002  5.421263844130822E-002  1.091705480483975E+000
   1024   1087 -7.472915046784154E-002 -7.222856229673910E-002  5.448070061130469E-002  1.098999823090094E+000
   1024   1088 -7.476180403898727E-002 -7.226121586788484E-002  5.451335418245043E-002  1.099888371948941E+000
