# Total number of <f|i> elements, Initial States (bandI, bandF), Final States (bandI, bandF) Format : '(5i10)'
        64      1025      1088      1024      1024
# Total-energy difference (Hartree). Format: '(ES24.15E3)'
# With relaxation (for delta function)
 -3.434164835680065E-002
# Electronic only without relaxation (for zeroth-order matrix element)
 -3.184106018569821E-002
# Final Band, Initial Band, Delta Function (Hartree), Zeroth-order (Hartree), First-order (Hartree), Plotting (eV) Format : '(2i10,4ES24.15E3)'
   1024   1025 -3.434164835680065E-002 -3.184106018569821E-002  2.073826069853041E-002  0.000000000000000E+000
   1024   1026 -3.448977669503325E-002 -3.198918852393082E-002  2.088638903676301E-002  4.030777072191355E-003
   1024   1027 -3.513598731734316E-002 -3.263539914624072E-002  2.153259965907292E-002  2.161506237027569E-002
   1024   1028 -3.534530741256053E-002 -3.284471924145810E-002  2.174191975429030E-002  2.731095183084742E-002
   1024   1029 -3.536218068194524E-002 -3.286159251084281E-002  2.175879302367500E-002  2.777009684104794E-002
   1024   1030 -3.920069479943786E-002 -3.670010662833542E-002  2.559730714116762E-002  1.322213779441686E-001
   1024   1031 -3.948972987791644E-002 -3.698914170681400E-002  2.588634221964620E-002  1.400864224136544E-001
   1024   1032 -4.005641007235394E-002 -3.755582190125151E-002  2.645302241408370E-002  1.555065747103529E-001
   1024   1033 -4.011123321854074E-002 -3.761064504743830E-002  2.650784556027050E-002  1.569983883856546E-001
   1024   1034 -4.131060583155574E-002 -3.881001766045331E-002  2.770721817328550E-002  1.896349769495771E-001
   1024   1035 -4.272217304942935E-002 -4.022158487832692E-002  2.911878539115911E-002  2.280456743593282E-001
   1024   1036 -4.354000796914956E-002 -4.103941979804712E-002  2.993662031087932E-002  2.503000942939470E-001
   1024   1037 -4.557844040002954E-002 -4.307785222892710E-002  3.197505274175930E-002  3.057686616432950E-001
   1024   1038 -4.566986389072913E-002 -4.316927571962670E-002  3.206647623245890E-002  3.082564213425429E-001
   1024   1039 -4.642048145023675E-002 -4.391989327913431E-002  3.281709379196651E-002  3.286817638863611E-001
   1024   1040 -4.650709873252104E-002 -4.400651056141860E-002  3.290371107425080E-002  3.310387400035089E-001
   1024   1041 -5.022957328344343E-002 -4.772898511234100E-002  3.662618562517320E-002  4.323324239177392E-001
   1024   1042 -5.030796379232774E-002 -4.780737562122531E-002  3.670457613405750E-002  4.344655381459709E-001
   1024   1043 -5.043595144810256E-002 -4.793536327700013E-002  3.683256378983232E-002  4.379482593766010E-001
   1024   1044 -5.105803301050324E-002 -4.855744483940080E-002  3.745464535223300E-002  4.548759595633144E-001
   1024   1045 -5.113197618825413E-002 -4.863138801715169E-002  3.752858852998389E-002  4.568880557569221E-001
   1024   1046 -5.125196886840863E-002 -4.875138069730620E-002  3.764858121013839E-002  4.601532226369964E-001
   1024   1047 -5.146382001558156E-002 -4.896323184447912E-002  3.786043235731132E-002  4.659179855239003E-001
   1024   1048 -5.168540043542444E-002 -4.918481226432200E-002  3.808201277715420E-002  4.719474953841049E-001
   1024   1049 -5.193343729777647E-002 -4.943284912667403E-002  3.833004963950623E-002  4.786969216569960E-001
   1024   1050 -5.194771424915892E-002 -4.944712607805649E-002  3.834432659088868E-002  4.790854172614145E-001
   1024   1051 -5.207377018196843E-002 -4.957318201086600E-002  3.847038252369819E-002  4.825155736369244E-001
   1024   1052 -5.221256536783972E-002 -4.971197719673728E-002  3.860917770956948E-002  4.862923827175881E-001
   1024   1053 -5.233484620341025E-002 -4.983425803230782E-002  3.873145854514001E-002  4.896198134730194E-001
   1024   1054 -5.238794464289845E-002 -4.988735647179601E-002  3.878455698462821E-002  4.910646954922996E-001
   1024   1055 -5.344815427782604E-002 -5.094756610672360E-002  3.984476661955580E-002  5.199144668403848E-001
   1024   1056 -5.525437891373733E-002 -5.275379074263489E-002  4.165099125546709E-002  5.690643387455556E-001
   1024   1057 -5.527239213853483E-002 -5.277180396743239E-002  4.166900448026459E-002  5.695545035200767E-001
   1024   1058 -5.562541508032046E-002 -5.312482690921802E-002  4.202202742205022E-002  5.791607463003920E-001
   1024   1059 -5.582405469063814E-002 -5.332346651953571E-002  4.222066703236790E-002  5.845660049865474E-001
   1024   1060 -5.605414573079995E-002 -5.355355755969751E-002  4.245075807252971E-002  5.908271006031369E-001
   1024   1061 -5.616323143795446E-002 -5.366264326685202E-002  4.255984377968422E-002  5.937954736541579E-001
   1024   1062 -5.733939543681035E-002 -5.483880726570792E-002  4.373600777854011E-002  6.258005237093383E-001
   1024   1063 -5.754078605066096E-002 -5.504019787955852E-002  4.393739839239072E-002  6.312806410086281E-001
   1024   1064 -5.921321703542157E-002 -5.671262886431913E-002  4.560982937715133E-002  6.767898025143069E-001
   1024   1065 -5.965164335877957E-002 -5.715105518767713E-002  4.604825570050933E-002  6.887199894935299E-001
   1024   1066 -6.105911211755652E-002 -5.855852394645408E-002  4.745572445928628E-002  7.270191621595672E-001
   1024   1067 -6.106740799704527E-002 -5.856681982594283E-002  4.746402033877503E-002  7.272449045207919E-001
   1024   1068 -6.179928903695783E-002 -5.929870086585540E-002  4.819590137868759E-002  7.471604004377087E-001
   1024   1069 -6.200022803022257E-002 -5.949963985912013E-002  4.839684037195233E-002  7.526282285158773E-001
   1024   1070 -6.201973996890123E-002 -5.951915179779879E-002  4.841635231063099E-002  7.531591753691151E-001
   1024   1071 -6.211854103914197E-002 -5.961795286803953E-002  4.851515338087173E-002  7.558476892172147E-001
   1024   1072 -6.327329313065153E-002 -6.077270495954909E-002  4.966990547238129E-002  7.872700916424191E-001
   1024   1073 -6.334228965592145E-002 -6.084170148481902E-002  4.973890199765121E-002  7.891475825765453E-001
   1024   1074 -6.337023500393282E-002 -6.086964683283039E-002  4.976684734566258E-002  7.899080141683840E-001
   1024   1075 -6.344922661630056E-002 -6.094863844519813E-002  4.984583895803033E-002  7.920574852542429E-001
   1024   1076 -6.357202408259335E-002 -6.107143591149092E-002  4.996863642432312E-002  7.953989742465715E-001
   1024   1077 -6.376520799649707E-002 -6.126461982539463E-002  5.016182033822683E-002  8.006557758833827E-001
   1024   1078 -6.388869539195405E-002 -6.138810722085161E-002  5.028530773368381E-002  8.040160388030341E-001
   1024   1079 -6.415300354245965E-002 -6.165241537135721E-002  5.054961588418941E-002  8.112082293437686E-001
   1024   1080 -6.422957778915375E-002 -6.172898961805132E-002  5.062619013088351E-002  8.132919205643523E-001
   1024   1081 -6.485290804227686E-002 -6.235231987117443E-002  5.124952038400662E-002  8.302535993536362E-001
   1024   1082 -6.503460259780616E-002 -6.253401442670373E-002  5.143121493953592E-002  8.351977596494160E-001
   1024   1083 -6.520227165551654E-002 -6.270168348441410E-002  5.159888399724630E-002  8.397602667402175E-001
   1024   1084 -6.520946275876147E-002 -6.270887458765903E-002  5.160607510049123E-002  8.399559466109922E-001
   1024   1085 -6.649434111404054E-002 -6.399375294293810E-002  5.289095345577030E-002  8.749192647498965E-001
   1024   1086 -6.677656624370096E-002 -6.427597807259852E-002  5.317317858543072E-002  8.825990010880244E-001
   1024   1087 -6.714364143231336E-002 -6.464305326121092E-002  5.354025377404312E-002  8.925876249508383E-001
   1024   1088 -6.719684934765927E-002 -6.469626117655683E-002  5.359346168938903E-002  8.940354859597062E-001
