# Total number of <f|i> elements, Initial States (bandI, bandF), Final States (bandI, bandF) Format : '(5i10)'
        64      1025      1088      1024      1024
# Total-energy difference (Hartree). Format: '(ES24.15E3)'
# With relaxation (for delta function)
 -3.429465810059185E-002
# Electronic only without relaxation (for zeroth-order matrix element)
 -3.184106018569821E-002
# Final Band, Initial Band, Delta Function (Hartree), Zeroth-order (Hartree), First-order (Hartree), Plotting (eV) Format : '(2i10,4ES24.15E3)'
   1024   1025 -3.927733977304534E-002 -3.682374185815171E-002  3.047947584584929E-002  1.002024974863716E+000
   1024   1026 -3.965100724223905E-002 -3.719740932734542E-002  3.085314331504299E-002  1.012192983803941E+000
   1024   1027 -4.032287020049044E-002 -3.786927228559681E-002  3.152500627329438E-002  1.030475304662234E+000
   1024   1028 -4.044343306597745E-002 -3.798983515108381E-002  3.164556913878139E-002  1.033755987074263E+000
   1024   1029 -4.052479542247694E-002 -3.807119750758331E-002  3.172693149528089E-002  1.035969969388725E+000
   1024   1030 -4.427500197873435E-002 -4.182140406384072E-002  3.547713805153829E-002  1.138018279545334E+000
   1024   1031 -4.464601540823215E-002 -4.219241749333852E-002  3.584815148103609E-002  1.148114068392613E+000
   1024   1032 -4.512542952758883E-002 -4.267183161269519E-002  3.632756560039277E-002  1.161159590022332E+000
   1024   1033 -4.530067232979165E-002 -4.284707441489802E-002  3.650280840259559E-002  1.165928189181775E+000
   1024   1034 -4.653786906784635E-002 -4.408427115295271E-002  3.774000514065029E-002  1.199594024531321E+000
   1024   1035 -4.784092316384195E-002 -4.538732524894831E-002  3.904305923664589E-002  1.235051929727803E+000
   1024   1036 -4.839691647451763E-002 -4.594331855962400E-002  3.959905254732157E-002  1.250181277128191E+000
   1024   1037 -5.063473215024225E-002 -4.818113423534862E-002  4.183686822304619E-002  1.311075338488259E+000
   1024   1038 -5.071607739169734E-002 -4.826247947680370E-002  4.191821346450128E-002  1.313288855078678E+000
   1024   1039 -5.132163598406783E-002 -4.886803806917420E-002  4.252377205687177E-002  1.329766942385392E+000
   1024   1040 -5.170386994058104E-002 -4.925027202568741E-002  4.290600601338498E-002  1.340168057300400E+000
   1024   1041 -5.527977687430513E-002 -5.282617895941150E-002  4.648191294710907E-002  1.437473433521602E+000
   1024   1042 -5.536461535962722E-002 -5.291101744473359E-002  4.656675143243116E-002  1.439782006111802E+000
   1024   1043 -5.553116019568766E-002 -5.307756228079402E-002  4.673329626849160E-002  1.444313921575743E+000
   1024   1044 -5.617170065094707E-002 -5.371810273605343E-002  4.737383672375101E-002  1.461743913781666E+000
   1024   1045 -5.627833234324203E-002 -5.382473442834840E-002  4.748046841604597E-002  1.464645509692346E+000
   1024   1046 -5.639542737202696E-002 -5.394182945713333E-002  4.759756344483090E-002  1.467831827468710E+000
   1024   1047 -5.653883967175444E-002 -5.408524175686080E-002  4.774097574455838E-002  1.471734274606840E+000
   1024   1048 -5.675265849690586E-002 -5.429906058201223E-002  4.795479456970980E-002  1.477552580734530E+000
   1024   1049 -5.700105156330015E-002 -5.454745364840652E-002  4.820318763610409E-002  1.484311699812347E+000
   1024   1050 -5.710325607189431E-002 -5.464965815700068E-002  4.830539214469826E-002  1.487092825927926E+000
   1024   1051 -5.719108104824472E-002 -5.473748313335108E-002  4.839321712104866E-002  1.489482665071892E+000
   1024   1052 -5.721398581259224E-002 -5.476038789769860E-002  4.841612188539618E-002  1.490105935406775E+000
   1024   1053 -5.737043241889023E-002 -5.491683450399659E-002  4.857256849169417E-002  1.494363064064344E+000
   1024   1054 -5.748528264096942E-002 -5.503168472607578E-002  4.868741871377336E-002  1.497488297543747E+000
   1024   1055 -5.833917673352457E-002 -5.588557881863093E-002  4.954131280632851E-002  1.520723937472052E+000
   1024   1056 -6.033482031551451E-002 -5.788122240062088E-002  5.153695638831846E-002  1.575028161029326E+000
   1024   1057 -6.036386108429892E-002 -5.791026316940528E-002  5.156599715710286E-002  1.575818400536307E+000
   1024   1058 -6.077219876718315E-002 -5.831860085228951E-002  5.197433483998709E-002  1.586929833969773E+000
   1024   1059 -6.084347210396102E-002 -5.838987418906738E-002  5.204560817676496E-002  1.588869280095819E+000
   1024   1060 -6.109625644130257E-002 -5.864265852640893E-002  5.229839251410651E-002  1.595747891733015E+000
   1024   1061 -6.129357094312093E-002 -5.883997302822730E-002  5.249570701592488E-002  1.601117092383140E+000
   1024   1062 -6.234569645451976E-002 -5.989209853962613E-002  5.354783252732370E-002  1.629746883542712E+000
   1024   1063 -6.269479231830533E-002 -6.024119440341169E-002  5.389692839110927E-002  1.639246265096119E+000
   1024   1064 -6.433524716646122E-002 -6.188164925156758E-002  5.553738323926516E-002  1.683885311674287E+000
   1024   1065 -6.470548545502003E-002 -6.225188754012639E-002  5.590762152782397E-002  1.693960007863931E+000
   1024   1066 -6.616505629549846E-002 -6.371145838060482E-002  5.736719236830240E-002  1.733676950275052E+000
   1024   1067 -6.620846393492696E-002 -6.375486602003333E-002  5.741060000773091E-002  1.734858132213997E+000
   1024   1068 -6.693305604386363E-002 -6.447945812896999E-002  5.813519211666757E-002  1.754575286232200E+000
   1024   1069 -6.706752835419666E-002 -6.461393043930302E-002  5.826966442700060E-002  1.758234463887213E+000
   1024   1070 -6.713931167063703E-002 -6.468571375574339E-002  5.834144774344097E-002  1.760187787265616E+000
   1024   1071 -6.729238673296006E-002 -6.483878881806643E-002  5.849452280576400E-002  1.764353171545881E+000
   1024   1072 -6.831682803141076E-002 -6.586323011651712E-002  5.951896410421470E-002  1.792229636960060E+000
   1024   1073 -6.844793024290063E-002 -6.599433232800700E-002  5.965006631570458E-002  1.795797109561806E+000
   1024   1074 -6.849043259041293E-002 -6.603683467551930E-002  5.969256866321687E-002  1.796953657254914E+000
   1024   1075 -6.857272284211063E-002 -6.611912492721700E-002  5.977485891491457E-002  1.799192888881796E+000
   1024   1076 -6.876513007129686E-002 -6.631153215640323E-002  5.996726614410081E-002  1.804428555852622E+000
   1024   1077 -6.887576532820755E-002 -6.642216741331392E-002  6.007790140101149E-002  1.807439094296868E+000
   1024   1078 -6.905889988376995E-002 -6.660530196887632E-002  6.026103595657389E-002  1.812422438986307E+000
   1024   1079 -6.921283475996032E-002 -6.675923684506668E-002  6.041497083276426E-002  1.816611219991765E+000
   1024   1080 -6.935394725055466E-002 -6.690034933566102E-002  6.055608332335860E-002  1.820451086140768E+000
   1024   1081 -6.988462708990056E-002 -6.743102917500693E-002  6.108676316270450E-002  1.834891618955973E+000
   1024   1082 -7.008914535490374E-002 -6.763554744001010E-002  6.129128142770768E-002  1.840456843971355E+000
   1024   1083 -7.028732995653564E-002 -6.783373204164200E-002  6.148946602933958E-002  1.845849721241502E+000
   1024   1084 -7.034288601595784E-002 -6.788928810106420E-002  6.154502208876178E-002  1.847361478500189E+000
   1024   1085 -7.162998598596343E-002 -6.917638807106979E-002  6.283212205876737E-002  1.882385249850205E+000
   1024   1086 -7.180062797757852E-002 -6.934703006268489E-002  6.300276405038246E-002  1.887028654586678E+000
   1024   1087 -7.218319720475946E-002 -6.972959928986583E-002  6.338533327756340E-002  1.897438892680523E+000
   1024   1088 -7.224003622468061E-002 -6.978643830978698E-002  6.344217229748456E-002  1.898985561069823E+000
