# Total number of <f|i> elements, Initial States (bandI, bandF), Final States (bandI, bandF) Format : '(5i10)'
        64      1025      1088      1024      1024
# Total-energy difference (Hartree). Format: '(ES24.15E3)'
# With relaxation (for delta function)
 -3.429465810059185E-002
# Electronic only without relaxation (for zeroth-order matrix element)
 -3.184106018569821E-002
# Final Band, Initial Band, Delta Function (Hartree), Zeroth-order (Hartree), First-order (Hartree), Plotting (eV) Format : '(2i10,4ES24.15E3)'
   1024   1025 -4.029872562004924E-002 -3.784512770515561E-002  3.150086169285318E-002  1.029818297215710E+000
   1024   1026 -4.042624148706894E-002 -3.797264357217531E-002  3.162837755987288E-002  1.033288180421424E+000
   1024   1027 -4.042650990327604E-002 -3.797291198838240E-002  3.162864597607998E-002  1.033295484397869E+000
   1024   1028 -4.154410728436753E-002 -3.909050936947389E-002  3.274624335717147E-002  1.063706855735681E+000
   1024   1029 -4.176551258360453E-002 -3.931191466871090E-002  3.296764865640847E-002  1.069731600321857E+000
   1024   1030 -4.176635600537565E-002 -3.931275809048201E-002  3.296849207817959E-002  1.069754550995427E+000
   1024   1031 -4.725921183790405E-002 -4.480561392301041E-002  3.846134791070799E-002  1.219222759541997E+000
   1024   1032 -4.750231959495313E-002 -4.504872168005949E-002  3.870445566775707E-002  1.225838058038403E+000
   1024   1033 -4.750302816548974E-002 -4.504943025059610E-002  3.870516423829368E-002  1.225857339223267E+000
   1024   1034 -4.861866529087694E-002 -4.616506737598330E-002  3.982080136368088E-002  1.256215369290645E+000
   1024   1035 -4.861974704510985E-002 -4.616614913021622E-002  3.982188311791379E-002  1.256244805320319E+000
   1024   1036 -4.867178338324063E-002 -4.621818546834700E-002  3.987391945604457E-002  1.257660786091864E+000
   1024   1037 -4.874158122782304E-002 -4.628798331292941E-002  3.994371730062699E-002  1.259560082033397E+000
   1024   1038 -4.907656556609605E-002 -4.662296765120241E-002  4.027870163889999E-002  1.268675469449231E+000
   1024   1039 -4.907699889947134E-002 -4.662340098457771E-002  4.027913497227528E-002  1.268687261050046E+000
   1024   1040 -4.948085215507664E-002 -4.702725424018300E-002  4.068298822788058E-002  1.279676667011432E+000
   1024   1041 -4.954875108443724E-002 -4.709515316954360E-002  4.075088715724118E-002  1.281524290841947E+000
   1024   1042 -4.954930311398795E-002 -4.709570519909431E-002  4.075143918679189E-002  1.281539312329953E+000
   1024   1043 -5.075084466784263E-002 -4.829724675294900E-002  4.195298074064657E-002  1.314234920775634E+000
   1024   1044 -5.094534577028673E-002 -4.849174785539309E-002  4.214748184309067E-002  1.319527564935433E+000
   1024   1045 -5.094578411472964E-002 -4.849218619983600E-002  4.214792018753358E-002  1.319539492894332E+000
   1024   1046 -5.118789294613493E-002 -4.873429503124130E-002  4.239002901893887E-002  1.326127609241598E+000
   1024   1047 -5.118843562620573E-002 -4.873483771131210E-002  4.239057169900967E-002  1.326142376317317E+000
   1024   1048 -5.118999406156263E-002 -4.873639614666900E-002  4.239213013436657E-002  1.326184783500035E+000
   1024   1049 -5.211733451765485E-002 -4.966373660276122E-002  4.331947059045879E-002  1.351419000619668E+000
   1024   1050 -5.211832478918985E-002 -4.966472687429621E-002  4.332046086199379E-002  1.351445947278532E+000
   1024   1051 -5.235549343195753E-002 -4.990189551706389E-002  4.355762950476147E-002  1.357899634256439E+000
   1024   1052 -5.610400727235654E-002 -5.365040935746290E-002  4.730614334516048E-002  1.459901883272059E+000
   1024   1053 -5.612419427924065E-002 -5.367059636434701E-002  4.732633035204459E-002  1.460451199665367E+000
   1024   1054 -5.612495734112471E-002 -5.367135942623108E-002  4.732709341392866E-002  1.460471963635203E+000
   1024   1055 -6.097739872219665E-002 -5.852380080730302E-002  5.217953479500059E-002  1.592513608713700E+000
   1024   1056 -6.103538631633176E-002 -5.858178840143813E-002  5.223752238913570E-002  1.594091531396829E+000
   1024   1057 -6.103553721489163E-002 -5.858193929999800E-002  5.223767328769557E-002  1.594095637555465E+000
   1024   1058 -6.126149323534402E-002 -5.880789532045039E-002  5.246362930814796E-002  1.600244213563473E+000
   1024   1059 -6.126186445661663E-002 -5.880826654172300E-002  5.246400052942057E-002  1.600254315008019E+000
   1024   1060 -6.136808198429972E-002 -5.891448406940608E-002  5.257021805710366E-002  1.603144640926464E+000
   1024   1061 -6.190121120066122E-002 -5.944761328576759E-002  5.310334727346516E-002  1.617651824679858E+000
   1024   1062 -6.215444160007155E-002 -5.970084368517792E-002  5.335657767287549E-002  1.624542574283233E+000
   1024   1063 -6.215582221809263E-002 -5.970222430319899E-002  5.335795829089657E-002  1.624580142810169E+000
   1024   1064 -6.403248736469425E-002 -6.157888944980061E-002  5.523462343749819E-002  1.675646798491029E+000
   1024   1065 -6.404226215129882E-002 -6.158866423640519E-002  5.524439822410276E-002  1.675912783961475E+000
   1024   1066 -6.404238732504386E-002 -6.158878941015022E-002  5.524452339784780E-002  1.675916190112301E+000
   1024   1067 -6.675558149472316E-002 -6.430198357982952E-002  5.795771756752710E-002  1.749745958150158E+000
   1024   1068 -6.819566745042716E-002 -6.574206953553352E-002  5.939780352323110E-002  1.788932689882214E+000
   1024   1069 -6.843312177753835E-002 -6.597952386264472E-002  5.963525785034229E-002  1.795394150726455E+000
   1024   1070 -6.843497540487636E-002 -6.598137748998273E-002  5.963711147768030E-002  1.795444590491483E+000
   1024   1071 -6.880314522125364E-002 -6.634954730636000E-002  6.000528129405758E-002  1.805463000690591E+000
   1024   1072 -6.880385420298313E-002 -6.635025628808949E-002  6.000599027578707E-002  1.805482293064582E+000
   1024   1073 -6.888498785547614E-002 -6.643138994058251E-002  6.008712392828008E-002  1.807690052026533E+000
   1024   1074 -6.944841511365912E-002 -6.699481719876549E-002  6.065055118646306E-002  1.823021687426138E+000
   1024   1075 -6.944888474697974E-002 -6.699528683208611E-002  6.065102081978369E-002  1.823034466798698E+000
   1024   1076 -6.947490312421395E-002 -6.702130520932031E-002  6.067703919701789E-002  1.823742462849033E+000
   1024   1077 -6.998440867598943E-002 -6.753081076109579E-002  6.118654474879337E-002  1.837606813997196E+000
   1024   1078 -7.019777586678172E-002 -6.774417795188808E-002  6.139991193958566E-002  1.843412830528975E+000
   1024   1079 -7.019839813554613E-002 -6.774480022065249E-002  6.140053420835007E-002  1.843429763323188E+000
   1024   1080 -7.266790135984763E-002 -7.021430344495400E-002  6.387003743265157E-002  1.910628363503164E+000
   1024   1081 -7.287782192540554E-002 -7.042422401051190E-002  6.407995799820948E-002  1.916340592592668E+000
   1024   1082 -7.290929543789926E-002 -7.045569752300562E-002  6.411143151070320E-002  1.917197030422557E+000
   1024   1083 -7.290950163499732E-002 -7.045590372010369E-002  6.411163770780126E-002  1.917202641330943E+000
   1024   1084 -7.360505487581093E-002 -7.115145696091729E-002  6.480719094861487E-002  1.936129607561790E+000
   1024   1085 -7.360520467447962E-002 -7.115160675958598E-002  6.480734074728356E-002  1.936133683790865E+000
   1024   1086 -7.374961746607095E-002 -7.129601955117731E-002  6.495175353887489E-002  1.940063355697151E+000
   1024   1087 -7.398777776387516E-002 -7.153417984898153E-002  6.518991383667910E-002  1.946544026980913E+000
   1024   1088 -7.398868810032855E-002 -7.153509018543491E-002  6.519082417313249E-002  1.946568798495588E+000
