# Total number of <f|i> elements, Initial States (bandI, bandF), Final States (bandI, bandF) Format : '(5i10)'
        64      1025      1088      1024      1024
# Total-energy difference (Hartree). Format: '(ES24.15E3)'
# With relaxation (for delta function)
 -3.429465810059185E-002
# Electronic only without relaxation (for zeroth-order matrix element)
 -3.184106018569821E-002
# Final Band, Initial Band, Delta Function (Hartree), Zeroth-order (Hartree), First-order (Hartree), Plotting (eV) Format : '(2i10,4ES24.15E3)'
   1024   1025 -3.401030747991546E-002 -3.155670956502182E-002  2.507090125445141E-002  8.587017373323425E-001
   1024   1026 -3.760526465016145E-002 -3.515166673526782E-002  2.866585842469740E-002  9.565254968521656E-001
   1024   1027 -3.930501995807045E-002 -3.685142204317682E-002  3.036561373260641E-002  1.002778191003750E+000
   1024   1028 -4.081548961901904E-002 -3.836189170412541E-002  3.187608339355499E-002  1.043880160756706E+000
   1024   1029 -4.086107606845024E-002 -3.840747815355661E-002  3.192166984298619E-002  1.045120631130993E+000
   1024   1030 -4.104413825266864E-002 -3.859054033777501E-002  3.210473202720460E-002  1.050102006496010E+000
   1024   1031 -4.225287574746495E-002 -3.979927783257131E-002  3.331346952200090E-002  1.082993426452887E+000
   1024   1032 -4.401941431342504E-002 -4.156581639853141E-002  3.508000808796100E-002  1.131063385474721E+000
   1024   1033 -4.411169840027276E-002 -4.165810048537913E-002  3.517229217480872E-002  1.133574563186104E+000
   1024   1034 -4.418699252218414E-002 -4.173339460729050E-002  3.524758629672009E-002  1.135623420439836E+000
   1024   1035 -4.437189304814806E-002 -4.191829513325443E-002  3.543248682268402E-002  1.140654819627756E+000
   1024   1036 -4.493329033935226E-002 -4.247969242445862E-002  3.599388411388821E-002  1.155931216816678E+000
   1024   1037 -4.598115353614596E-002 -4.352755562125232E-002  3.704174731068191E-002  1.184445024497398E+000
   1024   1038 -5.500026352685766E-002 -5.254666561196403E-002  4.606085730139362E-002  1.429867488530215E+000
   1024   1039 -5.568130586834513E-002 -5.322770795345150E-002  4.674189964288109E-002  1.448399593109344E+000
   1024   1040 -5.581664025430327E-002 -5.336304233940964E-002  4.687723402883923E-002  1.452082229035108E+000
   1024   1041 -5.590889111345987E-002 -5.345529319856623E-002  4.696948488799582E-002  1.454592502575033E+000
   1024   1042 -5.597331086230134E-002 -5.351971294740770E-002  4.703390463683729E-002  1.456345453088923E+000
   1024   1043 -5.682355529453398E-002 -5.436995737964034E-002  4.788414906906993E-002  1.479481780709233E+000
   1024   1044 -5.684357441158167E-002 -5.438997649668803E-002  4.790416818611762E-002  1.480026528587756E+000
   1024   1045 -5.737983598675694E-002 -5.492623807186331E-002  4.844042976129290E-002  1.494618948159219E+000
   1024   1046 -5.745344650746437E-002 -5.499984859257073E-002  4.851404028200032E-002  1.496621992294323E+000
   1024   1047 -5.797614382075583E-002 -5.552254590586220E-002  4.903673759529178E-002  1.510845309528888E+000
   1024   1048 -5.805582613092786E-002 -5.560222821603422E-002  4.911641990546381E-002  1.513013575457830E+000
   1024   1049 -5.815093294597373E-002 -5.569733503108010E-002  4.921152672050969E-002  1.515601563509746E+000
   1024   1050 -5.826165963392904E-002 -5.580806171903541E-002  4.932225340846499E-002  1.518614589919244E+000
   1024   1051 -5.916013027863642E-002 -5.670653236374279E-002  5.022072405317238E-002  1.543063219519318E+000
   1024   1052 -5.924471845353824E-002 -5.679112053864460E-002  5.030531222807419E-002  1.545364980816588E+000
   1024   1053 -5.945661734223467E-002 -5.700301942734104E-002  5.051721111677063E-002  1.551131042816414E+000
   1024   1054 -5.955322074471475E-002 -5.709962282982112E-002  5.061381451925070E-002  1.553759755083482E+000
   1024   1055 -6.014685603385495E-002 -5.769325811896131E-002  5.120744980839090E-002  1.569913392809118E+000
   1024   1056 -6.025947561942496E-002 -5.780587770453133E-002  5.132006939396092E-002  1.572977927582218E+000
   1024   1057 -6.036436967216624E-002 -5.791077175727261E-002  5.142496344670219E-002  1.575832239915992E+000
   1024   1058 -6.046563568671326E-002 -5.801203777181962E-002  5.152622946124921E-002  1.578587828309803E+000
   1024   1059 -6.069707202852243E-002 -5.824347411362879E-002  5.175766580305838E-002  1.584885531445926E+000
   1024   1060 -6.077189617744694E-002 -5.831829826255330E-002  5.183248995198289E-002  1.586921600084309E+000
   1024   1061 -6.133290390153356E-002 -5.887930598663993E-002  5.239349767606952E-002  1.602187396612855E+000
   1024   1062 -6.154752538107694E-002 -5.909392746618330E-002  5.260811915561289E-002  1.608027544077311E+000
   1024   1063 -6.296669199860244E-002 -6.051309408370881E-002  5.402728577313839E-002  1.646645031668095E+000
   1024   1064 -6.575877975971356E-002 -6.330518184481992E-002  5.681937353424951E-002  1.722621603506498E+000
   1024   1065 -6.582476985217667E-002 -6.337117193728303E-002  5.688536362671262E-002  1.724417285243468E+000
   1024   1066 -6.594519689778233E-002 -6.349159898288870E-002  5.700579067231829E-002  1.727694271808570E+000
   1024   1067 -6.597304390687014E-002 -6.351944599197651E-002  5.703363768140610E-002  1.728452027462211E+000
   1024   1068 -6.629895230653926E-002 -6.384535439164563E-002  5.735954608107521E-002  1.737320446028806E+000
   1024   1069 -6.631657530937313E-002 -6.386297739447949E-002  5.737716908390908E-002  1.737799992323684E+000
   1024   1070 -6.638964505475514E-002 -6.393604713986151E-002  5.745023882929109E-002  1.739788321213827E+000
   1024   1071 -6.641590157892924E-002 -6.396230366403560E-002  5.747649535346519E-002  1.740502797571957E+000
   1024   1072 -6.665000938137894E-002 -6.419641146648530E-002  5.771060315591489E-002  1.746873194849037E+000
   1024   1073 -6.667464809724155E-002 -6.422105018234792E-002  5.773524187177750E-002  1.747543648404192E+000
   1024   1074 -6.673549590773853E-002 -6.428189799284489E-002  5.779608968227448E-002  1.749199401532666E+000
   1024   1075 -6.675579374610563E-002 -6.430219583121199E-002  5.781638752064158E-002  1.749751733804001E+000
   1024   1076 -6.731525660788973E-002 -6.486165869299609E-002  5.837585038242568E-002  1.764975492491422E+000
   1024   1077 -6.762146391001184E-002 -6.516786599511820E-002  5.868205768454779E-002  1.773307816930202E+000
   1024   1078 -6.788885846508114E-002 -6.543526055018750E-002  5.894945223961709E-002  1.780583992810267E+000
   1024   1079 -6.791567847572783E-002 -6.546208056083419E-002  5.897627225026378E-002  1.781313802415103E+000
   1024   1080 -7.071431187549476E-002 -6.826071396060113E-002  6.177490565003071E-002  1.857468490139578E+000
   1024   1081 -7.075265216249427E-002 -6.829905424760063E-002  6.181324593703022E-002  1.858511782406424E+000
   1024   1082 -7.075872773973513E-002 -6.830512982484149E-002  6.181932151427108E-002  1.858677107270896E+000
   1024   1083 -7.117854255656214E-002 -6.872494464166851E-002  6.223913633109809E-002  1.870100849401692E+000
   1024   1084 -7.303789905084607E-002 -7.058430113595243E-002  6.409849282538202E-002  1.920696512700236E+000
   1024   1085 -7.315512319035328E-002 -7.070152527545964E-002  6.421571696488923E-002  1.923886343758024E+000
   1024   1086 -7.322835642502823E-002 -7.077475851013459E-002  6.428895019956418E-002  1.925879121418074E+000
   1024   1087 -7.341970995260094E-002 -7.096611203770731E-002  6.448030372713690E-002  1.931086115709820E+000
   1024   1088 -7.346703184953285E-002 -7.101343393463921E-002  6.452762562406880E-002  1.932373810012218E+000
