# Total number of <f|i> elements, Initial States (bandI, bandF), Final States (bandI, bandF) Format : '(5i10)'
        64      1025      1088      1024      1024
# Total-energy difference (Hartree). Format: '(ES24.15E3)'
# With relaxation (for delta function)
 -3.434164835680065E-002
# Electronic only without relaxation (for zeroth-order matrix element)
 -3.184106018569821E-002
# Final Band, Initial Band, Delta Function (Hartree), Zeroth-order (Hartree), First-order (Hartree), Plotting (eV) Format : '(2i10,4ES24.15E3)'
   1024   1025 -3.434164835680065E-002 -3.184106018569821E-002  1.965058966562294E-003  0.000000000000000E+000
   1024   1026 -3.470648875709695E-002 -3.220590058599451E-002  2.329899366858595E-003  9.927812180098711E-003
   1024   1027 -3.503348050752095E-002 -3.253289233641851E-002  2.656891117282595E-003  1.882571021993948E-002
   1024   1028 -3.519437046418686E-002 -3.269378229308442E-002  2.817781073948505E-003  2.320374858999433E-002
   1024   1029 -3.611479522518285E-002 -3.361420705408041E-002  3.738205834944497E-003  4.824978007570502E-002
   1024   1030 -3.923698271854056E-002 -3.673639454743813E-002  6.860393328302211E-003  1.332088224403530E-001
   1024   1031 -3.936835655680415E-002 -3.686776838570172E-002  6.991767166565799E-003  1.367836863825050E-001
   1024   1032 -3.991103579138947E-002 -3.741044762028703E-002  7.534446401151113E-003  1.515507393476570E-001
   1024   1033 -4.040560777702815E-002 -3.790501960592571E-002  8.029018386789794E-003  1.650087274952735E-001
   1024   1034 -4.127724623798434E-002 -3.877665806688191E-002  8.900656847745991E-003  1.887272162434923E-001
   1024   1035 -4.255677780256467E-002 -4.005618963146224E-002  1.018018841232632E-002  2.235450408082739E-001
   1024   1036 -4.359048176370656E-002 -4.108989359260412E-002  1.121389237346820E-002  2.516735560925083E-001
   1024   1037 -4.545920911483467E-002 -4.295862094373223E-002  1.308261972459632E-002  3.025242133737364E-001
   1024   1038 -4.552128738357425E-002 -4.302069921247181E-002  1.314469799333590E-002  3.042134489737733E-001
   1024   1039 -4.636101722544667E-002 -4.386042905434423E-002  1.398442783520831E-002  3.270636600396608E-001
   1024   1040 -4.645723546766994E-002 -4.395664729656751E-002  1.408064607743159E-002  3.296818915631328E-001
   1024   1041 -5.006893622047068E-002 -4.756834804936824E-002  1.769234683023233E-002  4.279612671350446E-001
   1024   1042 -5.014259597515955E-002 -4.764200780405711E-002  1.776600658492120E-002  4.299656509949168E-001
   1024   1043 -5.029659332255734E-002 -4.779600515145491E-002  1.792000393231899E-002  4.341561319283800E-001
   1024   1044 -5.097898531861875E-002 -4.847839714751631E-002  1.860239592838039E-002  4.527249624761985E-001
   1024   1045 -5.102452352379197E-002 -4.852393535268953E-002  1.864793413355362E-002  4.539641200574625E-001
   1024   1046 -5.109623724764736E-002 -4.859564907654493E-002  1.871964785740901E-002  4.559155497253217E-001
   1024   1047 -5.143577389241874E-002 -4.893518572131630E-002  1.905918450218039E-002  4.651548117007320E-001
   1024   1048 -5.159354446525163E-002 -4.909295629414920E-002  1.921695507501328E-002  4.694479673199000E-001
   1024   1049 -5.178015831531965E-002 -4.927957014421722E-002  1.940356892508130E-002  4.745259884276933E-001
   1024   1050 -5.182008273720815E-002 -4.931949456610571E-002  1.944349334696979E-002  4.756123871970897E-001
   1024   1051 -5.195772070931984E-002 -4.945713253821740E-002  1.958113131908149E-002  4.793577068899330E-001
   1024   1052 -5.206509590461375E-002 -4.956450773351131E-002  1.968850651437540E-002  4.822795345461180E-001
   1024   1053 -5.220013696155754E-002 -4.969954879045510E-002  1.982354757131918E-002  4.859541885834756E-001
   1024   1054 -5.246115070995375E-002 -4.996056253885131E-002  2.008456131971539E-002  4.930567338838223E-001
   1024   1055 -5.343717826557884E-002 -5.093659009447640E-002  2.106058887534049E-002  5.196157943578742E-001
   1024   1056 -5.511174849146946E-002 -5.261116032036703E-002  2.273515910123111E-002  5.651831675751109E-001
   1024   1057 -5.512507142501857E-002 -5.262448325391614E-002  2.274848203478022E-002  5.655457030340569E-001
   1024   1058 -5.556291694468637E-002 -5.306232877358394E-002  2.318632755444802E-002  5.774600855411187E-001
   1024   1059 -5.568484844269248E-002 -5.318426027159004E-002  2.330825905245412E-002  5.807780103379875E-001
   1024   1060 -5.603724841664373E-002 -5.353666024554130E-002  2.366065902640538E-002  5.903673013014291E-001
   1024   1061 -5.605330966814168E-002 -5.355272149703924E-002  2.367672027790332E-002  5.908043501812117E-001
   1024   1062 -5.726610995541384E-002 -5.476552178431141E-002  2.488952056517549E-002  6.238063243436929E-001
   1024   1063 -5.739618978766944E-002 -5.489560161656701E-002  2.501960039743109E-002  6.273459765916445E-001
   1024   1064 -5.909844040767984E-002 -5.659785223657740E-002  2.672185101744148E-002  6.736665716386703E-001
   1024   1065 -5.957886004351978E-002 -5.707827187241735E-002  2.720227065328143E-002  6.867394547633925E-001
   1024   1066 -6.090956643026538E-002 -5.840897825916294E-002  2.853297704002702E-002  7.229498170580805E-001
   1024   1067 -6.094905601040487E-002 -5.844846783930244E-002  2.857246662016652E-002  7.240243831817265E-001
   1024   1068 -6.171680504524427E-002 -5.921621687414183E-002  2.934021565500591E-002  7.449158968768858E-001
   1024   1069 -6.184791595448516E-002 -5.934732778338273E-002  2.947132656424681E-002  7.484836061564734E-001
   1024   1070 -6.193273640074073E-002 -5.943214822963830E-002  2.955614701050238E-002  7.507916878787103E-001
   1024   1071 -6.196967307510828E-002 -5.946908490400585E-002  2.959308368486993E-002  7.517967859034375E-001
   1024   1072 -6.316635477995955E-002 -6.066576660885711E-002  3.078976538972120E-002  7.843601511323844E-001
   1024   1073 -6.321515647409157E-002 -6.071456830298913E-002  3.083856708385321E-002  7.856881127644291E-001
   1024   1074 -6.321536781569706E-002 -6.071477964459462E-002  3.083877842545871E-002  7.856938636619818E-001
   1024   1075 -6.329741837973776E-002 -6.079683020863533E-002  3.092082898949941E-002  7.879265730560229E-001
   1024   1076 -6.343848009965927E-002 -6.093789192855684E-002  3.106189070942092E-002  7.917650576647589E-001
   1024   1077 -6.360737409137637E-002 -6.110678592027394E-002  3.123078470113802E-002  7.963608969050205E-001
   1024   1078 -6.375188415211444E-002 -6.125129598101201E-002  3.137529476187609E-002  8.002932156393960E-001
   1024   1079 -6.401477755783516E-002 -6.151418938673273E-002  3.163818816759681E-002  8.074469090167253E-001
   1024   1080 -6.413189006986883E-002 -6.163130189876639E-002  3.175530067963048E-002  8.106337025364823E-001
   1024   1081 -6.474615285814148E-002 -6.224556468703904E-002  3.236956346790312E-002  8.273486430590832E-001
   1024   1082 -6.488941518408933E-002 -6.238882701298690E-002  3.251282579385098E-002  8.312470092031268E-001
   1024   1083 -6.508067118505775E-002 -6.258008301395532E-002  3.270408179481940E-002  8.364513496610070E-001
   1024   1084 -6.521989036356798E-002 -6.271930219246555E-002  3.284330097332963E-002  8.402396961681227E-001
   1024   1085 -6.635583405392528E-002 -6.385524588282285E-002  3.397924466368693E-002  8.711502959697802E-001
   1024   1086 -6.662296339457305E-002 -6.412237522347061E-002  3.424637400433470E-002  8.784192549984152E-001
   1024   1087 -6.699649790192017E-002 -6.449590973081773E-002  3.461990851168181E-002  8.885836458627936E-001
   1024   1088 -6.718098504374534E-002 -6.468039687264290E-002  3.480439565350699E-002  8.936037962962327E-001
