# Total number of <f|i> elements, Initial States (bandI, bandF), Final States (bandI, bandF) Format : '(5i10)'
        64      1025      1088      1024      1024
# Total-energy difference (Hartree). Format: '(ES24.15E3)'
# With relaxation (for delta function)
 -3.434164835680065E-002
# Electronic only without relaxation (for zeroth-order matrix element)
 -3.184106018569821E-002
# Final Band, Initial Band, Delta Function (Hartree), Zeroth-order (Hartree), First-order (Hartree), Plotting (eV) Format : '(2i10,4ES24.15E3)'
   1024   1025 -3.434164835680065E-002 -3.184106018569821E-002  1.409319850185139E-002  0.000000000000000E+000
   1024   1026 -3.548982208578985E-002 -3.298923391468742E-002  1.524137223084060E-002  3.124339607749286E-002
   1024   1027 -3.982692924854156E-002 -3.732634107743912E-002  1.957847939359231E-002  1.492620839250851E-001
   1024   1028 -4.201762870998785E-002 -3.951704053888541E-002  2.176917885503860E-002  2.088740478923953E-001
   1024   1029 -4.216915267571936E-002 -3.966856450461692E-002  2.192070282077010E-002  2.129972246879049E-001
   1024   1030 -4.235291834633656E-002 -3.985233017523412E-002  2.210446849138731E-002  2.179977428913599E-001
   1024   1031 -4.246637590031105E-002 -3.996578772920861E-002  2.221792604536180E-002  2.210850799443764E-001
   1024   1032 -4.519659536601717E-002 -4.269600719491473E-002  2.494814551106792E-002  2.953781298477497E-001
   1024   1033 -4.541615220409745E-002 -4.291556403299501E-002  2.516770234914820E-002  3.013525752478401E-001
   1024   1034 -4.548331801438177E-002 -4.298272984327933E-002  2.523486815943252E-002  3.031802498937546E-001
   1024   1035 -4.549394333166737E-002 -4.299335516056493E-002  2.524549347671812E-002  3.034693794810474E-001
   1024   1036 -4.582453228945285E-002 -4.332394411835042E-002  2.557608243450360E-002  3.124651625112255E-001
   1024   1037 -4.667880369577937E-002 -4.417821552467693E-002  2.643035384083012E-002  3.357110696693985E-001
   1024   1038 -5.628370947001904E-002 -5.378312129891660E-002  3.603525961506979E-002  5.970738476313646E-001
   1024   1039 -5.695417273172926E-002 -5.445358456062682E-002  3.670572287678001E-002  6.153180808097890E-001
   1024   1040 -5.712355764752275E-002 -5.462296947642031E-002  3.687510779257350E-002  6.199272787735395E-001
   1024   1041 -5.715253381272967E-002 -5.465194564162723E-002  3.690408395778041E-002  6.207157603277756E-001
   1024   1042 -5.727987360391268E-002 -5.477928543281024E-002  3.703142374896343E-002  6.241808522663088E-001
   1024   1043 -5.807670725382075E-002 -5.557611908271831E-002  3.782825739887150E-002  6.458637985865222E-001
   1024   1044 -5.815355695463054E-002 -5.565296878352810E-002  3.790510709968128E-002  6.479549852947835E-001
   1024   1045 -5.865967306134207E-002 -5.615908489023963E-002  3.841122320639281E-002  6.617271049522396E-001
   1024   1046 -5.873092337995206E-002 -5.623033520884962E-002  3.848247352500281E-002  6.636659247220835E-001
   1024   1047 -5.926003308641564E-002 -5.675944491531321E-002  3.901158323146639E-002  6.780637320487160E-001
   1024   1048 -5.937047486104785E-002 -5.686988668994541E-002  3.912202500609860E-002  6.810690055724126E-001
   1024   1049 -5.946335252036578E-002 -5.696276434926334E-002  3.921490266541652E-002  6.835963352121309E-001
   1024   1050 -5.949328937753245E-002 -5.699270120643002E-002  3.924483952258320E-002  6.844109585240554E-001
   1024   1051 -6.046120632610757E-002 -5.796061815500514E-002  4.021275647115832E-002  7.107493181563329E-001
   1024   1052 -6.053254260533375E-002 -5.803195443423131E-002  4.028409275038450E-002  7.126904770335005E-001
   1024   1053 -6.076095178169943E-002 -5.826036361059700E-002  4.051250192675018E-002  7.189058068087336E-001
   1024   1054 -6.078577901572174E-002 -5.828519084461931E-002  4.053732916077249E-002  7.195813902038967E-001
   1024   1055 -6.132688950795567E-002 -5.882630133685324E-002  4.107843965300642E-002  7.343057555187477E-001
   1024   1056 -6.156506746439638E-002 -5.906447929329395E-002  4.131661760944713E-002  7.407869073184462E-001
   1024   1057 -6.165228971244524E-002 -5.915170154134280E-002  4.140383985749599E-002  7.431603453912358E-001
   1024   1058 -6.170031556823968E-002 -5.919972739713725E-002  4.145186571329043E-002  7.444671953884634E-001
   1024   1059 -6.194527216191448E-002 -5.944468399081204E-002  4.169682230696523E-002  7.511328032879863E-001
   1024   1060 -6.200593998250559E-002 -5.950535181140315E-002  4.175749012755633E-002  7.527836586420406E-001
   1024   1061 -6.262538010366125E-002 -6.012479193255882E-002  4.237693024871200E-002  7.696394815570924E-001
   1024   1062 -6.278539366651714E-002 -6.028480549541471E-002  4.253694381156789E-002  7.739936720387701E-001
   1024   1063 -6.421742074001147E-002 -6.171683256890903E-002  4.396897088506221E-002  8.129611104335366E-001
   1024   1064 -6.700485024376934E-002 -6.450426207266691E-002  4.675640038882009E-002  8.888109246429815E-001
   1024   1065 -6.713586672391708E-002 -6.463527855281465E-002  4.688741686896783E-002  8.923760643762677E-001
   1024   1066 -6.718776716788794E-002 -6.468717899678550E-002  4.693931731293868E-002  8.937883472796631E-001
   1024   1067 -6.728478804297855E-002 -6.478419987187611E-002  4.703633818802930E-002  8.964284195541868E-001
   1024   1068 -6.754879664578195E-002 -6.504820847467951E-002  4.730034679083270E-002  9.036124589874124E-001
   1024   1069 -6.761786417667465E-002 -6.511727600557221E-002  4.736941432172539E-002  9.054918820827961E-001
   1024   1070 -6.766580669116506E-002 -6.516521852006263E-002  4.741735683621581E-002  9.067964642478084E-001
   1024   1071 -6.770298412889814E-002 -6.520239595779570E-002  4.745453427394888E-002  9.078081137768942E-001
   1024   1072 -6.792884549762784E-002 -6.542825732652541E-002  4.768039564267859E-002  9.139541141805433E-001
   1024   1073 -6.798573752655995E-002 -6.548514935545752E-002  4.773728767161070E-002  9.155022250183892E-001
   1024   1074 -6.802561906506743E-002 -6.552503089396500E-002  4.777716921011818E-002  9.165874568716436E-001
   1024   1075 -6.806406982014956E-002 -6.556348164904713E-002  4.781561996520031E-002  9.176337551278902E-001
   1024   1076 -6.855736581983823E-002 -6.605677764873580E-002  4.830891596488898E-002  9.310570219320211E-001
   1024   1077 -6.891746598036014E-002 -6.641687780925770E-002  4.866901612541089E-002  9.408558456280303E-001
   1024   1078 -6.909950268011988E-002 -6.659891450901745E-002  4.885105282517063E-002  9.458093161418003E-001
   1024   1079 -6.915928742995148E-002 -6.665869925884904E-002  4.891083757500223E-002  9.474361419184418E-001
   1024   1080 -7.195357607963215E-002 -6.945298790852972E-002  5.170512622468290E-002  1.023472602980544E+000
   1024   1081 -7.204431157349328E-002 -6.954372340239084E-002  5.179586171854403E-002  1.025941641333726E+000
   1024   1082 -7.205856997239135E-002 -6.955798180128892E-002  5.181012011744210E-002  1.026329632099370E+000
   1024   1083 -7.244786262630504E-002 -6.994727445520260E-002  5.219941277135579E-002  1.036922823938893E+000
   1024   1084 -7.428478713002168E-002 -7.178419895891924E-002  5.403633727507243E-002  1.086908081731367E+000
   1024   1085 -7.444774760388384E-002 -7.194715943278140E-002  5.419929774893459E-002  1.091342461739638E+000
   1024   1086 -7.446108829715598E-002 -7.196050012605354E-002  5.421263844220672E-002  1.091705480465224E+000
   1024   1087 -7.472915046540773E-002 -7.222856229430530E-002  5.448070061045848E-002  1.098999823023867E+000
   1024   1088 -7.476180403827604E-002 -7.226121586717360E-002  5.451335418332678E-002  1.099888371929587E+000
