# Total number of <f|i> elements, Initial States (bandI, bandF), Final States (bandI, bandF) Format : '(5i10)'
        64      1025      1088      1024      1024
# Total-energy difference (Hartree). Format: '(ES24.15E3)'
# With relaxation (for delta function)
 -3.434164835680065E-002
# Electronic only without relaxation (for zeroth-order matrix element)
 -3.184106018569821E-002
# Final Band, Initial Band, Delta Function (Hartree), Zeroth-order (Hartree), First-order (Hartree), Plotting (eV) Format : '(2i10,4ES24.15E3)'
   1024   1025 -3.434164835680065E-002 -3.184106018569821E-002  2.104376266790328E-002  0.000000000000000E+000
   1024   1026 -3.437386565713985E-002 -3.187327748603741E-002  2.107597996824248E-002  8.766773264628524E-004
   1024   1027 -3.437681351462915E-002 -3.187622534352672E-002  2.107892782573179E-002  9.568926081689047E-004
   1024   1028 -3.537401143905017E-002 -3.287342326794773E-002  2.207612575015280E-002  2.809202811398447E-002
   1024   1029 -3.569087472441615E-002 -3.319028655331371E-002  2.239298903551878E-002  3.671431660321891E-002
   1024   1030 -3.577693060251655E-002 -3.327634243141411E-002  2.247904491361918E-002  3.905601613561825E-002
   1024   1031 -4.115620705787407E-002 -3.865561888677163E-002  2.785832136897670E-002  1.854335726514118E-001
   1024   1032 -4.139275101970927E-002 -3.889216284860683E-002  2.809486533081190E-002  1.918702611966747E-001
   1024   1033 -4.142919650223115E-002 -3.892860833112871E-002  2.813131081333378E-002  1.928619932115404E-001
   1024   1034 -4.252315065186096E-002 -4.002256248075853E-002  2.922526496296360E-002  2.226299995023573E-001
   1024   1035 -4.253236896196835E-002 -4.003178079086592E-002  2.923448327307099E-002  2.228808424772299E-001
   1024   1036 -4.259384002020775E-002 -4.009325184910531E-002  2.929595433131038E-002  2.245535550392625E-001
   1024   1037 -4.278895890311046E-002 -4.028837073200803E-002  2.949107321421310E-002  2.298630098602627E-001
   1024   1038 -4.301355870373866E-002 -4.051297053263622E-002  2.971567301484129E-002  2.359746812500360E-001
   1024   1039 -4.303537746857675E-002 -4.053478929747431E-002  2.973749177967938E-002  2.365684000353963E-001
   1024   1040 -4.327938717666036E-002 -4.077879900555792E-002  2.998150148776299E-002  2.432082418676259E-001
   1024   1041 -4.336563133651225E-002 -4.086504316540981E-002  3.006774564761489E-002  2.455550648070390E-001
   1024   1042 -4.351003672393267E-002 -4.100944855283023E-002  3.021215103503530E-002  2.494845352355880E-001
   1024   1043 -4.477395353233476E-002 -4.227336536123233E-002  3.147606784343740E-002  2.838774606761236E-001
   1024   1044 -4.493340195873047E-002 -4.243281378762803E-002  3.163551626983310E-002  2.882162730126500E-001
   1024   1045 -4.497700490670775E-002 -4.247641673560532E-002  3.167911921781039E-002  2.894027695674875E-001
   1024   1046 -4.509559406373406E-002 -4.259500589263163E-002  3.179770837483670E-002  2.926297446409643E-001
   1024   1047 -4.511079550325275E-002 -4.261020733215032E-002  3.181290981435539E-002  2.930433968469319E-001
   1024   1048 -4.523337890328735E-002 -4.273279073218492E-002  3.193549321438999E-002  2.963790608001373E-001
   1024   1049 -4.574918128480326E-002 -4.324859311370083E-002  3.245129559590590E-002  3.104147573994689E-001
   1024   1050 -4.593190319763754E-002 -4.343131502653511E-002  3.263401750874018E-002  3.153868735092359E-001
   1024   1051 -4.611403620516474E-002 -4.361344803406231E-002  3.281615051626738E-002  3.203429646906349E-001
   1024   1052 -4.984359143573205E-002 -4.734300326462962E-002  3.654570574683469E-002  4.218293236966728E-001
   1024   1053 -5.003312932718176E-002 -4.753254115607933E-002  3.673524363828440E-002  4.269869120169258E-001
   1024   1054 -5.010635466722316E-002 -4.760576649612072E-002  3.680846897832579E-002  4.289794748530713E-001
   1024   1055 -5.462175271261707E-002 -5.212116454151464E-002  4.132386702371971E-002  5.518497043469788E-001
   1024   1056 -5.487245351882827E-002 -5.237186534772584E-002  4.157456782993091E-002  5.586716202188032E-001
   1024   1057 -5.491061734903505E-002 -5.241002917793261E-002  4.161273166013768E-002  5.597101108521276E-001
   1024   1058 -5.518969242437446E-002 -5.268910425327203E-002  4.189180673547710E-002  5.673041298529470E-001
   1024   1059 -5.527462504103256E-002 -5.277403686993012E-002  4.197673935213520E-002  5.696152638870646E-001
   1024   1060 -5.532593536490646E-002 -5.282534719380402E-002  4.202804967600909E-002  5.710114888059782E-001
   1024   1061 -5.556592154500997E-002 -5.306533337390754E-002  4.226803585611261E-002  5.775418448738699E-001
   1024   1062 -5.589985785231774E-002 -5.339926968121531E-002  4.260197216342038E-002  5.866287139168126E-001
   1024   1063 -5.606605560766667E-002 -5.356546743656423E-002  4.276816991876931E-002  5.911511848342826E-001
   1024   1064 -5.786594305711554E-002 -5.536535488601310E-002  4.456805736821817E-002  6.401286131260322E-001
   1024   1065 -5.803121885001775E-002 -5.553063067891531E-002  4.473333316112038E-002  6.446259961694600E-001
   1024   1066 -5.803900291745404E-002 -5.553841474635160E-002  4.474111722855667E-002  6.448378114164610E-001
   1024   1067 -6.053927611235174E-002 -5.803868794124931E-002  4.724139042345438E-002  7.128737050776911E-001
   1024   1068 -6.213397540898183E-002 -5.963338723787939E-002  4.883608972008446E-002  7.562676797795643E-001
   1024   1069 -6.241863393169286E-002 -5.991804576059043E-002  4.912074824279550E-002  7.640136321100749E-001
   1024   1070 -6.243305802184437E-002 -5.993246985074194E-002  4.913517233294701E-002  7.644061315640188E-001
   1024   1071 -6.271196069465654E-002 -6.021137252355410E-002  4.941407500575917E-002  7.719954592534907E-001
   1024   1072 -6.279508053468905E-002 -6.029449236358661E-002  4.949719484579168E-002  7.742572651269970E-001
   1024   1073 -6.286418726794915E-002 -6.036359909684672E-002  4.956630157905179E-002  7.761377549730484E-001
   1024   1074 -6.318383521055967E-002 -6.068324703945724E-002  4.988594952166231E-002  7.848358178394825E-001
   1024   1075 -6.319465386779047E-002 -6.069406569668803E-002  4.989676817889310E-002  7.851302084742394E-001
   1024   1076 -6.336126153662938E-002 -6.086067336552695E-002  5.006337584773202E-002  7.896638337050349E-001
   1024   1077 -6.400670606186357E-002 -6.150611789076113E-002  5.070882037296620E-002  8.072272724415177E-001
   1024   1078 -6.414507135158973E-002 -6.164448318048729E-002  5.084718566269236E-002  8.109923834531565E-001
   1024   1079 -6.419454194375054E-002 -6.169395377264811E-002  5.089665625485318E-002  8.123385467262260E-001
   1024   1080 -6.652458201356806E-002 -6.402399384246563E-002  5.322669632467070E-002  8.757421614752116E-001
   1024   1081 -6.681028053917534E-002 -6.430969236807291E-002  5.351239485027798E-002  8.835164137237473E-001
   1024   1082 -6.692206464556008E-002 -6.442147647445765E-002  5.362417895666272E-002  8.865582139520296E-001
   1024   1083 -6.693601426038234E-002 -6.443542608927991E-002  5.363812857148498E-002  8.869378022756572E-001
   1024   1084 -6.747241599505124E-002 -6.497182782394881E-002  5.417453030615388E-002  9.015340357809026E-001
   1024   1085 -6.759524500047606E-002 -6.509465682937363E-002  5.429735931157870E-002  9.048763829966594E-001
   1024   1086 -6.765522861936077E-002 -6.515464044825833E-002  5.435734293046340E-002  9.065086202754431E-001
   1024   1087 -6.794702267655175E-002 -6.544643450544932E-002  5.464913698765439E-002  9.144487403737338E-001
   1024   1088 -6.800792590344537E-002 -6.550733773234294E-002  5.471004021454801E-002  9.161060014590486E-001
