# Total number of <f|i> elements, Initial States (bandI, bandF), Final States (bandI, bandF) Format : '(5i10)'
        64      1025      1088      1024      1024
# Total-energy difference (Hartree). Format: '(ES24.15E3)'
# With relaxation (for delta function)
 -3.434164835680065E-002
# Electronic only without relaxation (for zeroth-order matrix element)
 -3.184106018569821E-002
# Final Band, Initial Band, Delta Function (Hartree), Zeroth-order (Hartree), First-order (Hartree), Plotting (eV) Format : '(2i10,4ES24.15E3)'
   1024   1025 -3.434164835680065E-002 -3.184106018569821E-002  1.549347567106590E-003  0.000000000000000E+000
   1024   1026 -3.493983390845126E-002 -3.243924573734883E-002  2.147533118757206E-003  1.627745666547075E-002
   1024   1027 -3.538347652669055E-002 -3.288288835558811E-002  2.591175736996493E-003  2.834958624703543E-002
   1024   1028 -3.546741644636295E-002 -3.296682827526051E-002  2.675115656668892E-003  3.063370762241864E-002
   1024   1029 -3.688578435077525E-002 -3.438519617967281E-002  4.093483561081190E-003  6.922946112408548E-002
   1024   1030 -3.931079220654146E-002 -3.681020403543903E-002  6.518491416847405E-003  1.352172807508555E-001
   1024   1031 -3.974666301133337E-002 -3.724607484023093E-002  6.954362221639310E-003  1.470779285334151E-001
   1024   1032 -4.015005852194536E-002 -3.764947035084293E-002  7.357757732251308E-003  1.580548786200789E-001
   1024   1033 -4.075381676993856E-002 -3.825322859883612E-002  7.961515980244499E-003  1.744839760648627E-001
   1024   1034 -4.190427228952145E-002 -3.940368411841902E-002  9.111971499827398E-003  2.057894628220887E-001
   1024   1035 -4.289131799549567E-002 -4.039072982439323E-002  1.009901720580161E-002  2.326483424147178E-001
   1024   1036 -4.346436471360085E-002 -4.096377654249841E-002  1.067206392390679E-002  2.482417366307910E-001
   1024   1037 -4.567555325850536E-002 -4.317496508740293E-002  1.288325246881131E-002  3.084112369130226E-001
   1024   1038 -4.573536189193056E-002 -4.323477372082812E-002  1.294306110223650E-002  3.100387125952976E-001
   1024   1039 -4.636305781355396E-002 -4.386246964245152E-002  1.357075702385990E-002  3.271191872659485E-001
   1024   1040 -4.689336637861935E-002 -4.439277820751691E-002  1.410106558892529E-002  3.415496171941886E-001
   1024   1041 -5.029997919372517E-002 -4.779939102262273E-002  1.750767840403111E-002  4.342482661684283E-001
   1024   1042 -5.040631915258478E-002 -4.790573098148235E-002  1.761401836289073E-002  4.371419236086138E-001
   1024   1043 -5.064747389076255E-002 -4.814688571966011E-002  1.785517310106849E-002  4.437040777588267E-001
   1024   1044 -5.126585639060507E-002 -4.876526821950264E-002  1.847355560091102E-002  4.605311213343481E-001
   1024   1045 -5.131243603163063E-002 -4.881184786052820E-002  1.852013524193658E-002  4.617986178263556E-001
   1024   1046 -5.143903167867117E-002 -4.893844350756874E-002  1.864673088897711E-002  4.652434605729808E-001
   1024   1047 -5.159474544874018E-002 -4.909415727763775E-002  1.880244465904612E-002  4.694806477426164E-001
   1024   1048 -5.177836293692104E-002 -4.927777476581860E-002  1.898606214722698E-002  4.744771336969146E-001
   1024   1049 -5.200802442101646E-002 -4.950743624991402E-002  1.921572363132240E-002  4.807265404984924E-001
   1024   1050 -5.216524763015026E-002 -4.966465945904783E-002  1.937294684045621E-002  4.850048015939334E-001
   1024   1051 -5.223974455094124E-002 -4.973915637983881E-002  1.944744376124719E-002  4.870319659019648E-001
   1024   1052 -5.226999897114434E-002 -4.976941080004191E-002  1.947769818145029E-002  4.878552305435732E-001
   1024   1053 -5.241003780934547E-002 -4.990944963824304E-002  1.961773701965142E-002  4.916658811251725E-001
   1024   1054 -5.273520432227427E-002 -5.023461615117183E-002  1.994290353258021E-002  5.005141119268957E-001
   1024   1055 -5.341096703307088E-002 -5.091037886196845E-002  2.061866624337683E-002  5.189025504486564E-001
   1024   1056 -5.535500851070987E-002 -5.285442033960744E-002  2.256270772101582E-002  5.718026093364527E-001
   1024   1057 -5.537266668572058E-002 -5.287207851461814E-002  2.258036589602652E-002  5.722831127149360E-001
   1024   1058 -5.582447997422293E-002 -5.332389180312050E-002  2.303217918452888E-002  5.845775775414225E-001
   1024   1059 -5.588129980704123E-002 -5.338071163593880E-002  2.308899901734718E-002  5.861237238231023E-001
   1024   1060 -5.615949766526587E-002 -5.365890949416344E-002  2.336719687557182E-002  5.936938725322828E-001
   1024   1061 -5.642685510843945E-002 -5.392626693733701E-002  2.363455431874539E-002  6.009690385463071E-001
   1024   1062 -5.739183269283235E-002 -5.489124452172991E-002  2.459953190313829E-002  6.272274140115179E-001
   1024   1063 -5.778433803294383E-002 -5.528374986184140E-002  2.499203724324978E-002  6.379080274883913E-001
   1024   1064 -5.936942603110154E-002 -5.686883785999911E-002  2.657712524140748E-002  6.810404654581397E-001
   1024   1065 -5.975428098530097E-002 -5.725369281419854E-002  2.696198019560692E-002  6.915129013472832E-001
   1024   1066 -6.120066192398868E-002 -5.870007375288624E-002  2.840836113429462E-002  7.308709282777015E-001
   1024   1067 -6.122837415791335E-002 -5.872778598681092E-002  2.843607336821929E-002  7.316250165126438E-001
   1024   1068 -6.197867760840484E-002 -5.947808943730240E-002  2.918637681871078E-002  7.520418117154501E-001
   1024   1069 -6.210303128336694E-002 -5.960244311226451E-002  2.931073049367289E-002  7.554256472992457E-001
   1024   1070 -6.217511489793706E-002 -5.967452672683463E-002  2.938281410824300E-002  7.573871422053294E-001
   1024   1071 -6.236019259766337E-002 -5.985960442656094E-002  2.956789180796932E-002  7.624233625365079E-001
   1024   1072 -6.335121089186987E-002 -6.085062272076744E-002  3.055891010217582E-002  7.893903417524435E-001
   1024   1073 -6.346690761294274E-002 -6.096631944184031E-002  3.067460682324868E-002  7.925386096409006E-001
   1024   1074 -6.350662078241784E-002 -6.100603261131540E-002  3.071431999272378E-002  7.936192599397847E-001
   1024   1075 -6.359845306322928E-002 -6.109786489212685E-002  3.080615227353523E-002  7.961181433836841E-001
   1024   1076 -6.381791413387913E-002 -6.131732596277670E-002  3.102561334418508E-002  8.020899828194639E-001
   1024   1077 -6.390065301513845E-002 -6.140006484403601E-002  3.110835222544439E-002  8.043414222775580E-001
   1024   1078 -6.409679598852067E-002 -6.159620781741823E-002  3.130449519882661E-002  8.096787440177033E-001
   1024   1079 -6.424310511606898E-002 -6.174251694496655E-002  3.145080432637493E-002  8.136600178496423E-001
   1024   1080 -6.444909958549425E-002 -6.194851141439181E-002  3.165679879580019E-002  8.192654124302101E-001
   1024   1081 -6.490913026655085E-002 -6.240854209544841E-002  3.211682947685679E-002  8.317834838798185E-001
   1024   1082 -6.515439098041956E-002 -6.265380280931712E-002  3.236209019072550E-002  8.384573673106777E-001
   1024   1083 -6.534566283012158E-002 -6.284507465901915E-002  3.255336204042752E-002  8.436621390345317E-001
   1024   1084 -6.554112413574317E-002 -6.304053596464074E-002  3.274882334604912E-002  8.489809116515775E-001
   1024   1085 -6.664857109468794E-002 -6.414798292358551E-002  3.385627030499389E-002  8.791160759560134E-001
   1024   1086 -6.682871379389124E-002 -6.432812562278881E-002  3.403641300419719E-002  8.840180080936109E-001
   1024   1087 -6.719968336495605E-002 -6.469909519385361E-002  3.440738257526199E-002  8.941126034922349E-001
   1024   1088 -6.729479620081955E-002 -6.479420802971711E-002  3.450249541112549E-002  8.967007553789297E-001
