# Total number of <f|i> elements, Initial States (bandI, bandF), Final States (bandI, bandF) Format : '(5i10)'
        64      1025      1088      1024      1024
# Total-energy difference (Hartree). Format: '(ES24.15E3)'
# With relaxation (for delta function)
 -3.434164835680065E-002
# Electronic only without relaxation (for zeroth-order matrix element)
 -3.184106018569821E-002
# Final Band, Initial Band, Delta Function (Hartree), Zeroth-order (Hartree), First-order (Hartree), Plotting (eV) Format : '(2i10,4ES24.15E3)'
   1024   1025 -3.434164835680065E-002 -3.184106018569821E-002  2.104363126868969E-002  0.000000000000000E+000
   1024   1026 -3.437419345298376E-002 -3.187360528188132E-002  2.107617636487280E-002  8.855971049992805E-004
   1024   1027 -3.437688745939765E-002 -3.187629928829522E-002  2.107887037128670E-002  9.589047476490719E-004
   1024   1028 -3.537375419054656E-002 -3.287316601944412E-002  2.207573710243560E-002  2.808502802620533E-002
   1024   1029 -3.569026551970864E-002 -3.318967734860620E-002  2.239224843159768E-002  3.669773930007345E-002
   1024   1030 -3.577780878756046E-002 -3.327722061645802E-002  2.247979169944950E-002  3.907991276594810E-002
   1024   1031 -4.115632119408716E-002 -3.865573302298472E-002  2.785830410597620E-002  1.854366784557186E-001
   1024   1032 -4.139383936500654E-002 -3.889325119390410E-002  2.809582227689558E-002  1.918998765783310E-001
   1024   1033 -4.142892352258876E-002 -3.892833535148632E-002  2.813090643447780E-002  1.928545650577054E-001
   1024   1034 -4.252319235801955E-002 -4.002260418691711E-002  2.922517526990859E-002  2.226311343846478E-001
   1024   1035 -4.253175503350096E-002 -4.003116686239852E-002  2.923373794539000E-002  2.228641366340410E-001
   1024   1036 -4.259285092682993E-002 -4.009226275572750E-002  2.929483383871898E-002  2.245266404396855E-001
   1024   1037 -4.279007744411706E-002 -4.028948927301462E-002  2.949206035600610E-002  2.298934469089563E-001
   1024   1038 -4.301379375809436E-002 -4.051320558699192E-002  2.971577666998340E-002  2.359810774043370E-001
   1024   1039 -4.303548822599035E-002 -4.053490005488791E-002  2.973747113787939E-002  2.365714138978932E-001
   1024   1040 -4.327940840434524E-002 -4.077882023324281E-002  2.998139131623428E-002  2.432088195023079E-001
   1024   1041 -4.336583810460135E-002 -4.086524993349891E-002  3.006782101649039E-002  2.455606912528814E-001
   1024   1042 -4.350952947022754E-002 -4.100894129912511E-002  3.021151238211658E-002  2.494707321603035E-001
   1024   1043 -4.477341683886896E-002 -4.227282866776652E-002  3.147539975075800E-002  2.838628565042103E-001
   1024   1044 -4.493326865365854E-002 -4.243268048255611E-002  3.163525156554758E-002  2.882126455971674E-001
   1024   1045 -4.497691846248644E-002 -4.247633029138401E-002  3.167890137437548E-002  2.894004173005990E-001
   1024   1046 -4.509529422244815E-002 -4.259470605134572E-002  3.179727713433719E-002  2.926215855446362E-001
   1024   1047 -4.510990477808266E-002 -4.260931660698022E-002  3.181188768997170E-002  2.930191589824147E-001
   1024   1048 -4.523331410306963E-002 -4.273272593196720E-002  3.193529701495867E-002  2.963772974965387E-001
   1024   1049 -4.574951155808624E-002 -4.324892338698380E-002  3.245149446997528E-002  3.104237445925506E-001
   1024   1050 -4.593225778988894E-002 -4.343166961878650E-002  3.263424070177798E-002  3.153965224551024E-001
   1024   1051 -4.611439737454515E-002 -4.361380920344271E-002  3.281638028643419E-002  3.203527926092835E-001
   1024   1052 -4.984383108230744E-002 -4.734324291120501E-002  3.654581399419649E-002  4.218358448116264E-001
   1024   1053 -5.003319038562642E-002 -4.753260221452399E-002  3.673517329751547E-002  4.269885735017014E-001
   1024   1054 -5.010663549528166E-002 -4.760604732417922E-002  3.680861840717070E-002  4.289871165731698E-001
   1024   1055 -5.462157945814933E-002 -5.212099128704689E-002  4.132356237003837E-002  5.518449898531516E-001
   1024   1056 -5.487206908242004E-002 -5.237148091131760E-002  4.157405199430908E-002  5.586611591721290E-001
   1024   1057 -5.491015972094276E-002 -5.240957154984033E-002  4.161214263283181E-002  5.596976581584434E-001
   1024   1058 -5.518930701518876E-002 -5.268871884408632E-002  4.189128992707780E-002  5.672936423356515E-001
   1024   1059 -5.527435953618615E-002 -5.277377136508371E-002  4.197634244807519E-002  5.696080391327721E-001
   1024   1060 -5.532595711736887E-002 -5.282536894626644E-002  4.202794002925792E-002  5.710120807205828E-001
   1024   1061 -5.556623757111256E-002 -5.306564940001013E-002  4.226822048300161E-002  5.775504443814574E-001
   1024   1062 -5.590035342010413E-002 -5.339976524900170E-002  4.260233633199317E-002  5.866421990020767E-001
   1024   1063 -5.606709631191004E-002 -5.356650814080760E-002  4.276907922379908E-002  5.911795038369336E-001
   1024   1064 -5.786603637832716E-002 -5.536544820722472E-002  4.456801929021620E-002  6.401311525253438E-001
   1024   1065 -5.803129694202402E-002 -5.553070877092159E-002  4.473327985391307E-002  6.446281211610192E-001
   1024   1066 -5.803920635899157E-002 -5.553861818788913E-002  4.474118927088061E-002  6.448433473422319E-001
   1024   1067 -6.053940657489676E-002 -5.803881840379432E-002  4.724138948678580E-002  7.128772551440828E-001
   1024   1068 -6.213447856214294E-002 -5.963389039104050E-002  4.883646147403198E-002  7.562813712733717E-001
   1024   1069 -6.241735080733063E-002 -5.991676263622819E-002  4.911933371921967E-002  7.639787165205140E-001
   1024   1070 -6.243424028639577E-002 -5.993365211529333E-002  4.913622319828481E-002  7.644383026185509E-001
   1024   1071 -6.271222545434935E-002 -6.021163728324691E-002  4.941420836623839E-002  7.720026637311224E-001
   1024   1072 -6.279512987388147E-002 -6.029454170277904E-002  4.949711278577051E-002  7.742586077147015E-001
   1024   1073 -6.286341048939625E-002 -6.036282231829382E-002  4.956539340128530E-002  7.761166177536712E-001
   1024   1074 -6.318331215176143E-002 -6.068272398065899E-002  4.988529506365047E-002  7.848215846857421E-001
   1024   1075 -6.319501953136414E-002 -6.069443136026170E-002  4.989700244325318E-002  7.851401586861062E-001
   1024   1076 -6.336189868450465E-002 -6.086131051340221E-002  5.006388159639369E-002  7.896811713804444E-001
   1024   1077 -6.400711171744522E-002 -6.150652354634278E-002  5.070909462933426E-002  8.072383108912651E-001
   1024   1078 -6.414500129078365E-002 -6.164441311968122E-002  5.084698420267270E-002  8.109904770016688E-001
   1024   1079 -6.419430125848236E-002 -6.169371308737992E-002  5.089628417037140E-002  8.123319973470038E-001
   1024   1080 -6.652453566302985E-002 -6.402394749192741E-002  5.322651857491889E-002  8.757409002129242E-001
   1024   1081 -6.681077940549107E-002 -6.431019123438864E-002  5.351276231738011E-002  8.835299885665595E-001
   1024   1082 -6.692208271789002E-002 -6.442149454678758E-002  5.362406562977906E-002  8.865587057251367E-001
   1024   1083 -6.693554375767302E-002 -6.443495558657059E-002  5.363752666956206E-002  8.869249992458268E-001
   1024   1084 -6.747283351337263E-002 -6.497224534227020E-002  5.417481642526167E-002  9.015453970322145E-001
   1024   1085 -6.759478365979027E-002 -6.509419548868783E-002  5.429676657167931E-002  9.048638292781680E-001
   1024   1086 -6.765525281695234E-002 -6.515466464584990E-002  5.435723572884138E-002  9.065092787253958E-001
   1024   1087 -6.794742042637303E-002 -6.544683225527059E-002  5.464940333826207E-002  9.144595636968007E-001
   1024   1088 -6.800785134100706E-002 -6.550726316990463E-002  5.470983425289611E-002  9.161039725119183E-001
