# Total number of <f|i> elements, Initial States (bandI, bandF), Final States (bandI, bandF) Format : '(5i10)'
        64      1025      1088      1024      1024
# Total-energy difference (Hartree). Format: '(ES24.15E3)'
# With relaxation (for delta function)
 -3.434164835680065E-002
# Electronic only without relaxation (for zeroth-order matrix element)
 -3.184106018569821E-002
# Final Band, Initial Band, Delta Function (Hartree), Zeroth-order (Hartree), First-order (Hartree), Plotting (eV) Format : '(2i10,4ES24.15E3)'
   1024   1025 -3.434164835680065E-002 -3.184106018569821E-002  2.043972562618512E-003  0.000000000000000E+000
   1024   1026 -3.436929753364765E-002 -3.186870936254521E-002  2.071621739465512E-003  7.523723645967406E-004
   1024   1027 -3.476028130888484E-002 -3.225969313778240E-002  2.462605514702704E-003  1.139158195560792E-002
   1024   1028 -3.544811892684713E-002 -3.294753075574469E-002  3.150443132664993E-003  3.010859541132780E-002
   1024   1029 -3.570040117571383E-002 -3.319981300461139E-002  3.402725381531690E-003  3.697354452630356E-002
   1024   1030 -3.683788684660905E-002 -3.433729867550661E-002  4.540211052426912E-003  6.792610375228307E-002
   1024   1031 -4.117540062876054E-002 -3.867481245765811E-002  8.877724834578410E-003  1.859558562764479E-001
   1024   1032 -4.142839343779775E-002 -3.892780526669531E-002  9.130717643615616E-003  1.928401407169790E-001
   1024   1033 -4.146541519727745E-002 -3.896482702617501E-002  9.167739403095315E-003  1.938475540253537E-001
   1024   1034 -4.251322931249205E-002 -4.001264114138961E-002  1.021555351830991E-002  2.223600261283843E-001
   1024   1035 -4.253896869110685E-002 -4.003838052000441E-002  1.024129289692471E-002  2.230604302401896E-001
   1024   1036 -4.258127587719684E-002 -4.008068770609441E-002  1.028360008301471E-002  2.242116673209209E-001
   1024   1037 -4.287222254652415E-002 -4.037163437542171E-002  1.057454675234201E-002  2.321287288227746E-001
   1024   1038 -4.301786453157053E-002 -4.051727636046809E-002  1.072018873738839E-002  2.360918487840040E-001
   1024   1039 -4.302128671842514E-002 -4.052069854732271E-002  1.072361092424301E-002  2.361849712241457E-001
   1024   1040 -4.334385744559113E-002 -4.084326927448870E-002  1.104618165140900E-002  2.449625671030587E-001
   1024   1041 -4.337661075359514E-002 -4.087602258249270E-002  1.107893495941301E-002  2.458538299398406E-001
   1024   1042 -4.371943940143813E-002 -4.121885123033570E-002  1.142176360725600E-002  2.551826718745010E-001
   1024   1043 -4.482919316831305E-002 -4.232860499721061E-002  1.253151737413091E-002  2.853806076150153E-001
   1024   1044 -4.497794262425714E-002 -4.247735445315470E-002  1.268026683007500E-002  2.894282861596761E-001
   1024   1045 -4.500655040179224E-002 -4.250596223068981E-002  1.270887460761011E-002  2.902067433755653E-001
   1024   1046 -4.509329975646895E-002 -4.259271158536651E-002  1.279562396228681E-002  2.925673133652804E-001
   1024   1047 -4.510601270692824E-002 -4.260542453582580E-002  1.280833691274610E-002  2.929132503402214E-001
   1024   1048 -4.541218518703133E-002 -4.291159701592889E-002  1.311450939284919E-002  3.012446272236747E-001
   1024   1049 -4.584657916952142E-002 -4.334599099841899E-002  1.354890337533929E-002  3.130650886276868E-001
   1024   1050 -4.594259875366094E-002 -4.344201058255850E-002  1.364492295947881E-002  3.156779143897848E-001
   1024   1051 -4.656363751147855E-002 -4.406304934037611E-002  1.426596171729641E-002  3.325772384206972E-001
   1024   1052 -4.985819817205925E-002 -4.735761000095681E-002  1.756052237787711E-002  4.222267932058139E-001
   1024   1053 -5.004569747277612E-002 -4.754510930167369E-002  1.774802167859399E-002  4.273289086511023E-001
   1024   1054 -5.028374240705416E-002 -4.778315423595172E-002  1.798606661287203E-002  4.338064407336705E-001
   1024   1055 -5.466013897863195E-002 -5.215955080752951E-002  2.236246318444982E-002  5.528942477664617E-001
   1024   1056 -5.485922377332461E-002 -5.235863560222218E-002  2.256154797914248E-002  5.583116205355330E-001
   1024   1057 -5.492730689450412E-002 -5.242671872340168E-002  2.262963110032198E-002  5.601642564803354E-001
   1024   1058 -5.517370040452665E-002 -5.267311223342422E-002  2.287602461034452E-002  5.668689648621714E-001
   1024   1059 -5.526796109407603E-002 -5.276737292297359E-002  2.297028529989389E-002  5.694339286684077E-001
   1024   1060 -5.541294511235093E-002 -5.291235694124849E-002  2.311526931816879E-002  5.733791444432512E-001
   1024   1061 -5.567287527525441E-002 -5.317228710415198E-002  2.337519948107228E-002  5.804522038828104E-001
   1024   1062 -5.591066949431014E-002 -5.341008132320771E-002  2.361299370012801E-002  5.869229136572248E-001
   1024   1063 -5.621196305262735E-002 -5.371137488152491E-002  2.391428725844522E-002  5.951215283271396E-001
   1024   1064 -5.787607762289645E-002 -5.537548945179402E-002  2.557840182871432E-002  6.404043886857511E-001
   1024   1065 -5.804318346411305E-002 -5.554259529301062E-002  2.574550766993092E-002  6.449515698763442E-001
   1024   1066 -5.815811326895662E-002 -5.565752509785418E-002  2.586043747477448E-002  6.480789689128973E-001
   1024   1067 -6.054382909602332E-002 -5.804324092492089E-002  2.824615330184119E-002  7.129975980640868E-001
   1024   1068 -6.217724744905093E-002 -5.967665927794849E-002  2.987957165486879E-002  7.574451718722899E-001
   1024   1069 -6.241061638217502E-002 -5.991002821107258E-002  3.011294058799288E-002  7.637954634925281E-001
   1024   1070 -6.245084923929903E-002 -5.995026106819659E-002  3.015317344511689E-002  7.648902552115142E-001
   1024   1071 -6.269643358467822E-002 -6.019584541357578E-002  3.039875779049608E-002  7.715729451036342E-001
   1024   1072 -6.278632730521186E-002 -6.028573913410942E-002  3.048865151102972E-002  7.740190776396786E-001
   1024   1073 -6.295024672974156E-002 -6.044965855863912E-002  3.065257093555943E-002  7.784795520226666E-001
   1024   1074 -6.320363315123081E-002 -6.070304498012838E-002  3.090595735704868E-002  7.853745472027225E-001
   1024   1075 -6.322436047556382E-002 -6.072377230446138E-002  3.092668468138168E-002  7.859385663815386E-001
   1024   1076 -6.345453404510612E-002 -6.095394587400368E-002  3.115685825092399E-002  7.922019077367806E-001
   1024   1077 -6.402356162849485E-002 -6.152297345739241E-002  3.172588583431271E-002  8.076859357352993E-001
   1024   1078 -6.418010478261485E-002 -6.167951661151241E-002  3.188242898843272E-002  8.119456915927139E-001
   1024   1079 -6.419708255450882E-002 -6.169649438340638E-002  3.189940676032668E-002  8.124076802608081E-001
   1024   1080 -6.653843129107542E-002 -6.403784311997299E-002  3.424075549689329E-002  8.761190194816481E-001
   1024   1081 -6.681796282745853E-002 -6.431737465635609E-002  3.452028703327639E-002  8.837254594191443E-001
   1024   1082 -6.691929674353722E-002 -6.441870857243479E-002  3.462162094935509E-002  8.864828955075986E-001
   1024   1083 -6.693569262151702E-002 -6.443510445041459E-002  3.463801682733489E-002  8.869290500370287E-001
   1024   1084 -6.752778362856385E-002 -6.502719545746141E-002  3.523010783438171E-002  9.030406657098339E-001
   1024   1085 -6.760804213874375E-002 -6.510745396764131E-002  3.531036634456161E-002  9.052246108383708E-001
   1024   1086 -6.766861354371353E-002 -6.516802537261110E-002  3.537093774953140E-002  9.068728425899433E-001
   1024   1087 -6.799489884994211E-002 -6.549431067883968E-002  3.569722305575998E-002  9.157515173056068E-001
   1024   1088 -6.801261901030556E-002 -6.551203083920312E-002  3.571494321612342E-002  9.162337073913172E-001
