# Total number of <f|i> elements, Initial States (bandI, bandF), Final States (bandI, bandF) Format : '(5i10)'
        64      1025      1088      1024      1024
# Total-energy difference (Hartree). Format: '(ES24.15E3)'
# With relaxation (for delta function)
 -3.434164835680065E-002
# Electronic only without relaxation (for zeroth-order matrix element)
 -3.184106018569821E-002
# Final Band, Initial Band, Delta Function (Hartree), Zeroth-order (Hartree), First-order (Hartree), Plotting (eV) Format : '(2i10,4ES24.15E3)'
   1024   1025 -3.434164835680065E-002 -3.184106018569821E-002  1.980014366959229E-002  0.000000000000000E+000
   1024   1026 -3.471376309417384E-002 -3.221317492307141E-002  2.017225840696549E-002  1.012575695862515E-002
   1024   1027 -3.538603142372684E-002 -3.288544325262441E-002  2.084452673651849E-002  2.841910853101281E-002
   1024   1028 -3.550737218816874E-002 -3.300678401706630E-002  2.096586750096038E-002  3.172095865010709E-002
   1024   1029 -3.558819727037904E-002 -3.308760909927660E-002  2.104669258317068E-002  3.392032098764763E-002
   1024   1030 -3.933907873000805E-002 -3.683849055890562E-002  2.479757404279970E-002  1.359869961989698E-001
   1024   1031 -3.970948744926886E-002 -3.720889927816642E-002  2.516798276206050E-002  1.460663300438666E-001
   1024   1032 -4.018806345949935E-002 -3.768747528839692E-002  2.564655877229099E-002  1.590890455644358E-001
   1024   1033 -4.036559098140416E-002 -3.786500281030172E-002  2.582408629419580E-002  1.639198151087020E-001
   1024   1034 -4.160220192776365E-002 -3.910161375666121E-002  2.706069724055529E-002  1.975697102555680E-001
   1024   1035 -4.290545266813556E-002 -4.040486449703312E-002  2.836394798092720E-002  2.330329664176572E-001
   1024   1036 -4.345965763380696E-002 -4.095906946270453E-002  2.891815294659861E-002  2.481136504756600E-001
   1024   1037 -4.569812818974234E-002 -4.319754001863990E-002  3.115662350253398E-002  3.090255320325250E-001
   1024   1038 -4.578004890610335E-002 -4.327946073500091E-002  3.123854421889499E-002  3.112547080915107E-001
   1024   1039 -4.638535731995505E-002 -4.388476914885261E-002  3.184385263274669E-002  3.277259876945171E-001
   1024   1040 -4.676802343108766E-002 -4.426743525998522E-002  3.222651874387930E-002  3.381388621347599E-001
   1024   1041 -5.034219819145316E-002 -4.784161002035073E-002  3.580069350424481E-002  4.353971035217892E-001
   1024   1042 -5.042976656233297E-002 -4.792917839123054E-002  3.588826187512462E-002  4.377799600757945E-001
   1024   1043 -5.059596169851385E-002 -4.809537352741142E-002  3.605445701130550E-002  4.423023597220774E-001
   1024   1044 -5.123533473667183E-002 -4.873474656556939E-002  3.669383004946347E-002  4.597005848931285E-001
   1024   1045 -5.134259982133224E-002 -4.884201165022981E-002  3.680109513412388E-002  4.626194162865984E-001
   1024   1046 -5.145940246776956E-002 -4.895881429666712E-002  3.691789778056120E-002  4.657977779346681E-001
   1024   1047 -5.160203919788722E-002 -4.910145102678479E-002  3.706053451067887E-002  4.696791207504351E-001
   1024   1048 -5.181499519222607E-002 -4.931440702112364E-002  3.727349050501771E-002  4.754739480576775E-001
   1024   1049 -5.206211830203586E-002 -4.956153013093342E-002  3.752061361482750E-002  4.821985098593886E-001
   1024   1050 -5.216725921844287E-002 -4.966667104734043E-002  3.762575453123451E-002  4.850595396951318E-001
   1024   1051 -5.225469289905074E-002 -4.975410472794831E-002  3.771318821184239E-002  4.874387311404453E-001
   1024   1052 -5.227718070057516E-002 -4.977659252947272E-002  3.773567601336680E-002  4.880506553398937E-001
   1024   1053 -5.243607890418348E-002 -4.993549073308104E-002  3.789457421697512E-002  4.923744953529440E-001
   1024   1054 -5.254957168953614E-002 -5.004898351843370E-002  3.800806700232778E-002  4.954627911005160E-001
   1024   1055 -5.340307179162287E-002 -5.090248362052044E-002  3.886156710441452E-002  5.186877100029473E-001
   1024   1056 -5.539800491682653E-002 -5.289741674572410E-002  4.085650022961818E-002  5.729726010478935E-001
   1024   1057 -5.542886497993013E-002 -5.292827680882770E-002  4.088736029272177E-002  5.738123460709493E-001
   1024   1058 -5.583623255334516E-002 -5.333564438224273E-002  4.129472786613680E-002  5.848973814832624E-001
   1024   1059 -5.590759717149454E-002 -5.340700900039211E-002  4.136609248428619E-002  5.868393115017476E-001
   1024   1060 -5.615979351446346E-002 -5.365920534336102E-002  4.161828882725510E-002  5.937019229983630E-001
   1024   1061 -5.635662661075716E-002 -5.385603843965472E-002  4.181512192354880E-002  5.990580239379633E-001
   1024   1062 -5.740924162916702E-002 -5.490865345806459E-002  4.286773694195867E-002  6.277011352607150E-001
   1024   1063 -5.775862556287872E-002 -5.525803739177629E-002  4.321712087567037E-002  6.372083555954609E-001
   1024   1064 -5.939875549666826E-002 -5.689816732556582E-002  4.485725080945990E-002  6.818385608040843E-001
   1024   1065 -5.976964239655078E-002 -5.726905422544834E-002  4.522813770934242E-002  6.919309066054329E-001
   1024   1066 -6.122840589988995E-002 -5.872781772878752E-002  4.668690121268160E-002  7.316258802557536E-001
   1024   1067 -6.127353766951274E-002 -5.877294949841030E-002  4.673203298230438E-002  7.328539781632404E-001
   1024   1068 -6.199665649210837E-002 -5.949606832100593E-002  4.745515180490001E-002  7.525310420212812E-001
   1024   1069 -6.213125860914723E-002 -5.963067043804479E-002  4.758975392193887E-002  7.561937518963943E-001
   1024   1070 -6.220296385609644E-002 -5.970237568499401E-002  4.766145916888809E-002  7.581449508959055E-001
   1024   1071 -6.235478726534507E-002 -5.985419909424264E-002  4.781328257813672E-002  7.622762759639038E-001
   1024   1072 -6.338081315168084E-002 -6.088022498057841E-002  4.883930846447249E-002  7.901958602072832E-001
   1024   1073 -6.351227261673917E-002 -6.101168444563673E-002  4.897076792953081E-002  7.937730541730155E-001
   1024   1074 -6.355344598388005E-002 -6.105285781277761E-002  4.901194129667169E-002  7.948934384710947E-001
   1024   1075 -6.363801635249858E-002 -6.113742818139614E-002  4.909651166529022E-002  7.971947152347552E-001
   1024   1076 -6.382710357604207E-002 -6.132651540493964E-002  4.928559888883371E-002  8.023400402576188E-001
   1024   1077 -6.393945316462227E-002 -6.143886499351983E-002  4.939794847741391E-002  8.053972280389876E-001
   1024   1078 -6.412300638152005E-002 -6.162241821041761E-002  4.958150169431169E-002  8.103919650827309E-001
   1024   1079 -6.427623989850703E-002 -6.177565172740460E-002  4.973473521129868E-002  8.145616611336817E-001
   1024   1080 -6.441674181253995E-002 -6.191615364143752E-002  4.987523712533160E-002  8.183849126494961E-001
   1024   1081 -6.494791792613766E-002 -6.244732975503522E-002  5.040641323892930E-002  8.328389497738663E-001
   1024   1082 -6.515307119896638E-002 -6.265248302786394E-002  5.061156651175802E-002  8.384214542309439E-001
   1024   1083 -6.535277201706605E-002 -6.285218384596361E-002  5.081126732985769E-002  8.438555898494100E-001
   1024   1084 -6.540590317675313E-002 -6.290531500565069E-002  5.086439848954477E-002  8.453013622305822E-001
   1024   1085 -6.669364202137437E-002 -6.419305385027194E-002  5.215213733416602E-002  8.803425182430037E-001
   1024   1086 -6.686535676436914E-002 -6.436476859326670E-002  5.232385207716078E-002  8.850151140290555E-001
   1024   1087 -6.724638241775163E-002 -6.474579424664920E-002  5.270487773054328E-002  8.953833493437539E-001
   1024   1088 -6.730322459931584E-002 -6.480263642821341E-002  5.276171991210749E-002  8.969301037657375E-001
