# Total number of <f|i> elements, Initial States (bandI, bandF), Final States (bandI, bandF) Format : '(5i10)'
        64      1025      1088      1024      1024
# Total-energy difference (Hartree). Format: '(ES24.15E3)'
# With relaxation (for delta function)
 -3.434164835680065E-002
# Electronic only without relaxation (for zeroth-order matrix element)
 -3.184106018569821E-002
# Final Band, Initial Band, Delta Function (Hartree), Zeroth-order (Hartree), First-order (Hartree), Plotting (eV) Format : '(2i10,4ES24.15E3)'
   1024   1025 -3.434164835680065E-002 -3.184106018569821E-002  2.104358390237768E-002  0.000000000000000E+000
   1024   1026 -3.437409319829765E-002 -3.187350502719521E-002  2.107602874387468E-002  8.828690362518207E-004
   1024   1027 -3.437717945797875E-002 -3.187659128687631E-002  2.107911500355578E-002  9.668504331257498E-004
   1024   1028 -3.537445445445425E-002 -3.287386628335182E-002  2.207639000003128E-002  2.810408317620088E-002
   1024   1029 -3.569105446441115E-002 -3.319046629330871E-002  2.239299000998818E-002  3.671920757721782E-002
   1024   1030 -3.577732619357366E-002 -3.327673802247122E-002  2.247926173915069E-002  3.906678071572475E-002
   1024   1031 -4.115660547754277E-002 -3.865601730644033E-002  2.785854102311980E-002  1.854444142019542E-001
   1024   1032 -4.139337099624485E-002 -3.889278282514241E-002  2.809530654182188E-002  1.918871316161686E-001
   1024   1033 -4.142983893980817E-002 -3.892925076870574E-002  2.813177448538520E-002  1.928794748270550E-001
   1024   1034 -4.252286591431925E-002 -4.002227774321682E-002  2.922480145989628E-002  2.226222513998104E-001
   1024   1035 -4.253321454966125E-002 -4.003262637855881E-002  2.923515009523828E-002  2.229038520885286E-001
   1024   1036 -4.259385730445056E-002 -4.009326913334813E-002  2.929579285002759E-002  2.245540253674284E-001
   1024   1037 -4.278957266152947E-002 -4.028898449042703E-002  2.949150820710650E-002  2.298797110761996E-001
   1024   1038 -4.301321745754275E-002 -4.051262928644031E-002  2.971515300311978E-002  2.359653954688083E-001
   1024   1039 -4.303602328680287E-002 -4.053543511570043E-002  2.973795883237990E-002  2.365859736430510E-001
   1024   1040 -4.327946833459237E-002 -4.077888016348993E-002  2.998140388016940E-002  2.432104502872672E-001
   1024   1041 -4.336585058764525E-002 -4.086526241654281E-002  3.006778613322228E-002  2.455610309337808E-001
   1024   1042 -4.350988527643534E-002 -4.100929710533291E-002  3.021182082201238E-002  2.494804141396037E-001
   1024   1043 -4.477411967562286E-002 -4.227353150452043E-002  3.147605522119989E-002  2.838819816649118E-001
   1024   1044 -4.493329782184877E-002 -4.243270965074633E-002  3.163523336742580E-002  2.882134393039880E-001
   1024   1045 -4.497734903428827E-002 -4.247676086318583E-002  3.167928457986530E-002  2.894121337551777E-001
   1024   1046 -4.509563284787185E-002 -4.259504467676942E-002  3.179756839344888E-002  2.926308000110253E-001
   1024   1047 -4.511125511897696E-002 -4.261066694787452E-002  3.181319066455399E-002  2.930559036268313E-001
   1024   1048 -4.523339011982636E-002 -4.273280194872392E-002  3.193532566540339E-002  2.963793660176857E-001
   1024   1049 -4.574961017640655E-002 -4.324902200530412E-002  3.245154572198358E-002  3.104264281335203E-001
   1024   1050 -4.593257213960467E-002 -4.343198396850223E-002  3.263450768518170E-002  3.154050763458834E-001
   1024   1051 -4.611363376404506E-002 -4.361304559294263E-002  3.281556930962209E-002  3.203320137108462E-001
   1024   1052 -4.984389667999664E-002 -4.734330850889421E-002  3.654583222557367E-002  4.218376298155275E-001
   1024   1053 -5.003357223042856E-002 -4.753298405932613E-002  3.673550777600559E-002  4.269989640271873E-001
   1024   1054 -5.010663473192403E-002 -4.760604656082160E-002  3.680857027750106E-002  4.289870958011524E-001
   1024   1055 -5.462190338242898E-002 -5.212131521132654E-002  4.132383892800601E-002  5.518538042810666E-001
   1024   1056 -5.487298970611323E-002 -5.237240153501080E-002  4.157492525169026E-002  5.586862106168352E-001
   1024   1057 -5.491053438540275E-002 -5.240994621430031E-002  4.161246993097978E-002  5.597078532968827E-001
   1024   1058 -5.519045692643423E-002 -5.268986875533180E-002  4.189239247201126E-002  5.673249330119571E-001
   1024   1059 -5.527454949524888E-002 -5.277396132414644E-002  4.197648504082591E-002  5.696132081817458E-001
   1024   1060 -5.532609593119667E-002 -5.282550776009423E-002  4.202803147677370E-002  5.710158580369360E-001
   1024   1061 -5.556631665463904E-002 -5.306572848353661E-002  4.226825220021607E-002  5.775525963536534E-001
   1024   1062 -5.590041275064958E-002 -5.339982457954714E-002  4.260234829622661E-002  5.866438134683235E-001
   1024   1063 -5.606602272078978E-002 -5.356543454968735E-002  4.276795826636681E-002  5.911502899368517E-001
   1024   1064 -5.786626978778445E-002 -5.536568161668201E-002  4.456820533336148E-002  6.401375039196827E-001
   1024   1065 -5.803167165287468E-002 -5.553108348177224E-002  4.473360719845171E-002  6.446383175618129E-001
   1024   1066 -5.803924228497878E-002 -5.553865411387635E-002  4.474117783055581E-002  6.448443249380604E-001
   1024   1067 -6.053964100378614E-002 -5.803905283268371E-002  4.724157654936317E-002  7.128836342785798E-001
   1024   1068 -6.213432948984185E-002 -5.963374131873941E-002  4.883626503541888E-002  7.562773148097639E-001
   1024   1069 -6.241876314642839E-002 -5.991817497532595E-002  4.912069869200542E-002  7.640171482218435E-001
   1024   1070 -6.243334008993814E-002 -5.993275191883571E-002  4.913527563551517E-002  7.644138070271931E-001
   1024   1071 -6.271257404457295E-002 -6.021198587347051E-002  4.941450959014998E-002  7.720121493535066E-001
   1024   1072 -6.279548207855154E-002 -6.029489390744910E-002  4.949741762412857E-002  7.742681916911760E-001
   1024   1073 -6.286420367951898E-002 -6.036361550841654E-002  4.956613922509601E-002  7.761382015545746E-001
   1024   1074 -6.318437031474997E-002 -6.068378214364753E-002  4.988630586032700E-002  7.848503787650097E-001
   1024   1075 -6.319505186851995E-002 -6.069446369741752E-002  4.989698741409698E-002  7.851410386248661E-001
   1024   1076 -6.336102186342904E-002 -6.086043369232660E-002  5.006295740900607E-002  7.896573118655794E-001
   1024   1077 -6.400675424969057E-002 -6.150616607858814E-002  5.070868979526760E-002  8.072285836989758E-001
   1024   1078 -6.414512116573326E-002 -6.164453299463082E-002  5.084705671131029E-002  8.109937389649378E-001
   1024   1079 -6.419482602449125E-002 -6.169423785338882E-002  5.089676157006828E-002  8.123462769563086E-001
   1024   1080 -6.652489298088635E-002 -6.402430480978391E-002  5.322682852646338E-002  8.757506233262774E-001
   1024   1081 -6.681044709807685E-002 -6.430985892697441E-002  5.351238264365388E-002  8.835209460219515E-001
   1024   1082 -6.692237888649286E-002 -6.442179071539042E-002  5.362431443206989E-002  8.865667648826758E-001
   1024   1083 -6.693600955978476E-002 -6.443542138868233E-002  5.363794510536180E-002  8.869376743658922E-001
   1024   1084 -6.747284280284047E-002 -6.497225463173803E-002  5.417477834841750E-002  9.015456498114895E-001
   1024   1085 -6.759563762144408E-002 -6.509504945034164E-002  5.429757316702111E-002  9.048870667565315E-001
   1024   1086 -6.765567465092695E-002 -6.515508647982451E-002  5.435761019650398E-002  9.065207574116041E-001
   1024   1087 -6.794731135466434E-002 -6.544672318356190E-002  5.464924690024137E-002  9.144565957046672E-001
   1024   1088 -6.800826231205168E-002 -6.550767414094924E-002  5.471019785762871E-002  9.161151556027686E-001
