# Total number of <f|i> elements, Initial States (bandI, bandF), Final States (bandI, bandF) Format : '(5i10)'
        64      1025      1088      1024      1024
# Total-energy difference (Hartree). Format: '(ES24.15E3)'
# With relaxation (for delta function)
 -3.434164835680065E-002
# Electronic only without relaxation (for zeroth-order matrix element)
 -3.184106018569821E-002
# Final Band, Initial Band, Delta Function (Hartree), Zeroth-order (Hartree), First-order (Hartree), Plotting (eV) Format : '(2i10,4ES24.15E3)'
   1024   1025 -3.434164835680065E-002 -3.184106018569821E-002  2.104376266924732E-002  0.000000000000000E+000
   1024   1026 -3.437386565644704E-002 -3.187327748534460E-002  2.107597996889371E-002  8.766773076106173E-004
   1024   1027 -3.437681351203614E-002 -3.187622534093371E-002  2.107892782448281E-002  9.568925376095375E-004
   1024   1028 -3.537401143934954E-002 -3.287342326824710E-002  2.207612575179621E-002  2.809202812213079E-002
   1024   1029 -3.569087472367205E-002 -3.319028655256961E-002  2.239298903611872E-002  3.671431658297094E-002
   1024   1030 -3.577693060100914E-002 -3.327634242990671E-002  2.247904491345581E-002  3.905601609459967E-002
   1024   1031 -4.115620705633705E-002 -3.865561888523461E-002  2.785832136878372E-002  1.854335726095874E-001
   1024   1032 -4.139275101971324E-002 -3.889216284861080E-002  2.809486533215991E-002  1.918702611967827E-001
   1024   1033 -4.142919650033003E-002 -3.892860832922759E-002  2.813131081277670E-002  1.928619931598084E-001
   1024   1034 -4.252315065182594E-002 -4.002256248072350E-002  2.922526496427261E-002  2.226299995014041E-001
   1024   1035 -4.253236895991733E-002 -4.003178078881489E-002  2.923448327236400E-002  2.228808424214187E-001
   1024   1036 -4.259384001810193E-002 -4.009325184699949E-002  2.929595433054860E-002  2.245535549819603E-001
   1024   1037 -4.278895890271783E-002 -4.028837073161540E-002  2.949107321516450E-002  2.298630098495787E-001
   1024   1038 -4.301355870481405E-002 -4.051297053371161E-002  2.971567301726072E-002  2.359746812792988E-001
   1024   1039 -4.303537746919434E-002 -4.053478929809190E-002  2.973749178164101E-002  2.365684000522018E-001
   1024   1040 -4.327938717630525E-002 -4.077879900520281E-002  2.998150148875192E-002  2.432082418579630E-001
   1024   1041 -4.336563133546223E-002 -4.086504316435979E-002  3.006774564790890E-002  2.455550647784665E-001
   1024   1042 -4.351003672312853E-002 -4.100944855202610E-002  3.021215103557520E-002  2.494845352137064E-001
   1024   1043 -4.477395353171534E-002 -4.227336536061291E-002  3.147606784416201E-002  2.838774606592683E-001
   1024   1044 -4.493340195774795E-002 -4.243281378664551E-002  3.163551627019462E-002  2.882162729859143E-001
   1024   1045 -4.497700490633455E-002 -4.247641673523211E-002  3.167911921878122E-002  2.894027695573321E-001
   1024   1046 -4.509559406549504E-002 -4.259500589439261E-002  3.179770837794171E-002  2.926297446888829E-001
   1024   1047 -4.511079550385214E-002 -4.261020733274970E-002  3.181290981629881E-002  2.930433968632419E-001
   1024   1048 -4.523337890521473E-002 -4.273279073411229E-002  3.193549321766140E-002  2.963790608525839E-001
   1024   1049 -4.574918128319774E-002 -4.324859311209531E-002  3.245129559564441E-002  3.104147573557805E-001
   1024   1050 -4.593190319666793E-002 -4.343131502556549E-002  3.263401750911460E-002  3.153868734828514E-001
   1024   1051 -4.611403620458693E-002 -4.361344803348449E-002  3.281615051703360E-002  3.203429646749117E-001
   1024   1052 -4.984359143441053E-002 -4.734300326330809E-002  3.654570574685720E-002  4.218293236607122E-001
   1024   1053 -5.003312932736703E-002 -4.753254115626460E-002  3.673524363981370E-002  4.269869120219673E-001
   1024   1054 -5.010635466628122E-002 -4.760576649517878E-002  3.680846897872789E-002  4.289794748274398E-001
   1024   1055 -5.462175271185776E-002 -5.212116454075533E-002  4.132386702430443E-002  5.518497043263169E-001
   1024   1056 -5.487245352029185E-002 -5.237186534918942E-002  4.157456783273852E-002  5.586716202586293E-001
   1024   1057 -5.491061734775693E-002 -5.241002917665449E-002  4.161273166020360E-002  5.597101108173482E-001
   1024   1058 -5.518969242536043E-002 -5.268910425425799E-002  4.189180673780710E-002  5.673041298797763E-001
   1024   1059 -5.527462504191205E-002 -5.277403687080962E-002  4.197673935435872E-002  5.696152639109967E-001
   1024   1060 -5.532593536644181E-002 -5.282534719533938E-002  4.202804967888848E-002  5.710114888477573E-001
   1024   1061 -5.556592154466755E-002 -5.306533337356512E-002  4.226803585711422E-002  5.775418448645522E-001
   1024   1062 -5.589985785254842E-002 -5.339926968144598E-002  4.260197216499509E-002  5.866287139230897E-001
   1024   1063 -5.606605560580102E-002 -5.356546743469859E-002  4.276816991824769E-002  5.911511847835158E-001
   1024   1064 -5.786594305683906E-002 -5.536535488573663E-002  4.456805736928574E-002  6.401286131185089E-001
   1024   1065 -5.803121885048712E-002 -5.553063067938468E-002  4.473333316293379E-002  6.446259961822324E-001
   1024   1066 -5.803900291737096E-002 -5.553841474626853E-002  4.474111722981763E-002  6.448378114142005E-001
   1024   1067 -6.053927611208576E-002 -5.803868794098332E-002  4.724139042453243E-002  7.128737050704533E-001
   1024   1068 -6.213397540767557E-002 -5.963338723657313E-002  4.883608972012224E-002  7.562676797440192E-001
   1024   1069 -6.241863393239033E-002 -5.991804576128790E-002  4.912074824483700E-002  7.640136321290539E-001
   1024   1070 -6.243305802066773E-002 -5.993246984956530E-002  4.913517233311440E-002  7.644061315320008E-001
   1024   1071 -6.271196069280066E-002 -6.021137252169823E-002  4.941407500524733E-002  7.719954592029897E-001
   1024   1072 -6.279508053412053E-002 -6.029449236301809E-002  4.949719484656720E-002  7.742572651115269E-001
   1024   1073 -6.286418726863913E-002 -6.036359909753669E-002  4.956630158108580E-002  7.761377549918236E-001
   1024   1074 -6.318383521116322E-002 -6.068324704006078E-002  4.988594952360989E-002  7.848358178559058E-001
   1024   1075 -6.319465386723566E-002 -6.069406569613323E-002  4.989676817968233E-002  7.851302084591424E-001
   1024   1076 -6.336126153583466E-002 -6.086067336473222E-002  5.006337584828133E-002  7.896638336834093E-001
   1024   1077 -6.400670606203507E-002 -6.150611789093263E-002  5.070882037448174E-002  8.072272724461845E-001
   1024   1078 -6.414507135207365E-002 -6.164448318097121E-002  5.084718566452032E-002  8.109923834663245E-001
   1024   1079 -6.419454194356905E-002 -6.169395377246661E-002  5.089665625601572E-002  8.123385467212872E-001
   1024   1080 -6.652458201243655E-002 -6.402399384133411E-002  5.322669632488322E-002  8.757421614444216E-001
   1024   1081 -6.681028053870924E-002 -6.430969236760681E-002  5.351239485115591E-002  8.835164137110642E-001
   1024   1082 -6.692206464766903E-002 -6.442147647656660E-002  5.362417896011570E-002  8.865582140094170E-001
   1024   1083 -6.693601425871104E-002 -6.443542608760860E-002  5.363812857115771E-002  8.869378022301788E-001
   1024   1084 -6.747241599295023E-002 -6.497182782184779E-002  5.417453030539690E-002  9.015340357237311E-001
   1024   1085 -6.759524499916436E-002 -6.509465682806193E-002  5.429735931161103E-002  9.048763829609662E-001
   1024   1086 -6.765522861840795E-002 -6.515464044730551E-002  5.435734293085462E-002  9.065086202495155E-001
   1024   1087 -6.794702267612462E-002 -6.544643450502219E-002  5.464913698857130E-002  9.144487403621110E-001
   1024   1088 -6.800792590116733E-002 -6.550733773006490E-002  5.471004021361400E-002  9.161060013970600E-001
