# Total number of <f|i> elements, Initial States (bandI, bandF), Final States (bandI, bandF) Format : '(5i10)'
        64      1025      1088      1024      1024
# Total-energy difference (Hartree). Format: '(ES24.15E3)'
# With relaxation (for delta function)
 -3.434164835680065E-002
# Electronic only without relaxation (for zeroth-order matrix element)
 -3.184106018569821E-002
# Final Band, Initial Band, Delta Function (Hartree), Zeroth-order (Hartree), First-order (Hartree), Plotting (eV) Format : '(2i10,4ES24.15E3)'
   1024   1025 -3.434164835680065E-002 -3.184106018569821E-002  1.966136456417605E-003  0.000000000000000E+000
   1024   1026 -3.470463829044823E-002 -3.220405011934580E-002  2.329126390065189E-003  9.877458421800336E-003
   1024   1027 -3.503244969476704E-002 -3.253186152366461E-002  2.656937794384001E-003  1.879766037840519E-002
   1024   1028 -3.519354809612094E-002 -3.269295992501850E-002  2.818036195737894E-003  2.318137081687831E-002
   1024   1029 -3.611423735692235E-002 -3.361364918581991E-002  3.738725456539305E-003  4.823459970832514E-002
   1024   1030 -3.923490623324913E-002 -3.673431806214669E-002  6.859394332866087E-003  1.331523184020081E-001
   1024   1031 -3.936799079171124E-002 -3.686740262060881E-002  6.992478891328202E-003  1.367737334081593E-001
   1024   1032 -3.990919068792304E-002 -3.740860251682060E-002  7.533678787539994E-003  1.515005315289705E-001
   1024   1033 -4.040558124317994E-002 -3.790499307207751E-002  8.030069342796903E-003  1.650080054725448E-001
   1024   1034 -4.127637292614303E-002 -3.877578475504059E-002  8.900861025759987E-003  1.887034522197487E-001
   1024   1035 -4.255704418198172E-002 -4.005645601087929E-002  1.018153228159868E-002  2.235522893608437E-001
   1024   1036 -4.358841815960274E-002 -4.108782998850030E-002  1.121290625921970E-002  2.516174025691042E-001
   1024   1037 -4.545824865226625E-002 -4.295766048116381E-002  1.308273675188321E-002  3.024980778581039E-001
   1024   1038 -4.552066498693402E-002 -4.302007681583159E-002  1.314515308655098E-002  3.041965126998830E-001
   1024   1039 -4.636004084171824E-002 -4.385945267061581E-002  1.398452894133520E-002  3.270370912872319E-001
   1024   1040 -4.645595938423883E-002 -4.395537121313639E-002  1.408044748385578E-002  3.296471675670513E-001
   1024   1041 -5.006853521553264E-002 -4.756794704443021E-002  1.769302331514960E-002  4.279503552357460E-001
   1024   1042 -5.014313815194785E-002 -4.764254998084541E-002  1.776762625156481E-002  4.299804043756232E-001
   1024   1043 -5.029365290403146E-002 -4.779306473292902E-002  1.791814100364841E-002  4.340761190711630E-001
   1024   1044 -5.097797755663411E-002 -4.847738938553167E-002  1.860246565625107E-002  4.526975398779949E-001
   1024   1045 -5.102295465616954E-002 -4.852236648506711E-002  1.864744275578650E-002  4.539214289983631E-001
   1024   1046 -5.109524689690784E-002 -4.859465872580540E-002  1.871973499652480E-002  4.558886009111923E-001
   1024   1047 -5.143413743731992E-002 -4.893354926621749E-002  1.905862553693688E-002  4.651102814928684E-001
   1024   1048 -5.159184611434633E-002 -4.909125794324390E-002  1.921633421396329E-002  4.694017528414869E-001
   1024   1049 -5.178002067162876E-002 -4.927943250052633E-002  1.940450877124572E-002  4.745222429523846E-001
   1024   1050 -5.182002853480436E-002 -4.931944036370192E-002  1.944451663442132E-002  4.756109122746741E-001
   1024   1051 -5.195752520444721E-002 -4.945693703334478E-002  1.958201330406417E-002  4.793523869317974E-001
   1024   1052 -5.206501001391126E-002 -4.956442184280882E-002  1.968949811352821E-002  4.822771973412425E-001
   1024   1053 -5.219890108844336E-002 -4.969831291734092E-002  1.982338918806031E-002  4.859205587657633E-001
   1024   1054 -5.245957395800424E-002 -4.995898578690181E-002  2.008406205762120E-002  4.930138282812723E-001
   1024   1055 -5.343562854199721E-002 -5.093504037089477E-002  2.106011664161417E-002  5.195736242346175E-001
   1024   1056 -5.511120709393322E-002 -5.261061892283078E-002  2.273569519355018E-002  5.651684353989312E-001
   1024   1057 -5.512308681057373E-002 -5.262249863947130E-002  2.274757491019069E-002  5.654916989285843E-001
   1024   1058 -5.556186132217925E-002 -5.306127315107681E-002  2.318634942179620E-002  5.774313605918659E-001
   1024   1059 -5.568425231033983E-002 -5.318366413923739E-002  2.330874040995679E-002  5.807617887517083E-001
   1024   1060 -5.603729966476542E-002 -5.353671149366299E-002  2.366178776438238E-002  5.903686958337405E-001
   1024   1061 -5.605220519586421E-002 -5.355161702476177E-002  2.367669329548117E-002  5.907742959621067E-001
   1024   1062 -5.726509814242056E-002 -5.476450997131813E-002  2.488958624203752E-002  6.237787915119382E-001
   1024   1063 -5.739522185429105E-002 -5.489463368318862E-002  2.501970995390801E-002  6.273196377849342E-001
   1024   1064 -5.909739933532746E-002 -5.659681116422502E-002  2.672188743494441E-002  6.736382426192636E-001
   1024   1065 -5.957755327843503E-002 -5.707696510733259E-002  2.720204137805199E-002  6.867038958770564E-001
   1024   1066 -6.090976536527806E-002 -5.840917719417563E-002  2.853425346489502E-002  7.229552303550738E-001
   1024   1067 -6.094651476978882E-002 -5.844592659868639E-002  2.857100286940578E-002  7.239552325078425E-001
   1024   1068 -6.171610130015245E-002 -5.921551312905002E-002  2.934058939976941E-002  7.448967469990528E-001
   1024   1069 -6.184705440501245E-002 -5.934646623391002E-002  2.947154250462941E-002  7.484601622030571E-001
   1024   1070 -6.193070748675303E-002 -5.943011931565059E-002  2.955519558636999E-002  7.507364783213719E-001
   1024   1071 -6.196928436049956E-002 -5.946869618939712E-002  2.959377246011652E-002  7.517862084410075E-001
   1024   1072 -6.316464601042213E-002 -6.066405783931969E-002  3.078913411003908E-002  7.843136531485734E-001
   1024   1073 -6.321375421925132E-002 -6.071316604814889E-002  3.083824231886828E-002  7.856499554697017E-001
   1024   1074 -6.321469642618935E-002 -6.071410825508691E-002  3.083918452580631E-002  7.856755942243678E-001
   1024   1075 -6.329618233863052E-002 -6.079559416752808E-002  3.092067043824748E-002  7.878929386669870E-001
   1024   1076 -6.343817996141335E-002 -6.093759179031091E-002  3.106266806103031E-002  7.917568904877380E-001
   1024   1077 -6.360719456703981E-002 -6.110660639593737E-002  3.123168266665677E-002  7.963560117993861E-001
   1024   1078 -6.375096798414562E-002 -6.125037981304318E-002  3.137545608376258E-002  8.002682854411162E-001
   1024   1079 -6.401397369813025E-002 -6.151338552702781E-002  3.163846179774721E-002  8.074250348817253E-001
   1024   1080 -6.413203134240783E-002 -6.163144317130539E-002  3.175651944202479E-002  8.106375467577699E-001
   1024   1081 -6.474583483502214E-002 -6.224524666391970E-002  3.237032293463910E-002  8.273399892099065E-001
   1024   1082 -6.488800837931666E-002 -6.238742020821422E-002  3.251249647893362E-002  8.312087280984414E-001
   1024   1083 -6.507967773251075E-002 -6.257908956140831E-002  3.270416583212771E-002  8.364243164424038E-001
   1024   1084 -6.521873264156716E-002 -6.271814447046473E-002  3.284322074118412E-002  8.402081929503552E-001
   1024   1085 -6.635483192986705E-002 -6.385424375876461E-002  3.397932002948401E-002  8.711230267873562E-001
   1024   1086 -6.662178980276426E-002 -6.412120163166182E-002  3.424627790238122E-002  8.783873199412112E-001
   1024   1087 -6.699514393405973E-002 -6.449455576295729E-002  3.461963203367668E-002  8.885468025236091E-001
   1024   1088 -6.718063294742674E-002 -6.468004477632430E-002  3.480512104704370E-002  8.935942152681515E-001
