# Total number of <f|i> elements, Initial States (bandI, bandF), Final States (bandI, bandF) Format : '(5i10)'
        64      1025      1088      1024      1024
# Total-energy difference (Hartree). Format: '(ES24.15E3)'
# With relaxation (for delta function)
 -3.434164835680065E-002
# Electronic only without relaxation (for zeroth-order matrix element)
 -3.184106018569821E-002
# Final Band, Initial Band, Delta Function (Hartree), Zeroth-order (Hartree), First-order (Hartree), Plotting (eV) Format : '(2i10,4ES24.15E3)'
   1024   1025 -3.434164835680065E-002 -3.184106018569821E-002  1.250645144313112E-003  0.000000000000000E+000
   1024   1026 -3.793915834621764E-002 -3.543857017511520E-002  4.848155133730103E-003  9.789322526221030E-002
   1024   1027 -3.964105242139396E-002 -3.714046425029152E-002  6.550049208906422E-003  1.442041182308928E-001
   1024   1028 -4.114684597402593E-002 -3.864625780292349E-002  8.055842761538395E-003  1.851788446054745E-001
   1024   1029 -4.119197253761755E-002 -3.869138436651512E-002  8.100969325130020E-003  1.864068008496489E-001
   1024   1030 -4.137542377218964E-002 -3.887483560108720E-002  8.284420559702105E-003  1.913987628131808E-001
   1024   1031 -4.258514042060105E-002 -4.008455224949861E-002  9.494137208113512E-003  2.243168268949363E-001
   1024   1032 -4.435146171127344E-002 -4.185087354017100E-002  1.126045849878590E-002  2.723808735555134E-001
   1024   1033 -4.444372947902034E-002 -4.194314130791790E-002  1.135272626653280E-002  2.748916072015796E-001
   1024   1034 -4.451870607189284E-002 -4.201811790079041E-002  1.142770285940531E-002  2.769318240507483E-001
   1024   1035 -4.470396336878504E-002 -4.220337519768261E-002  1.161296015629751E-002  2.819729314693479E-001
   1024   1036 -4.526477734643836E-002 -4.276418917533592E-002  1.217377413395082E-002  2.972334558893256E-001
   1024   1037 -4.631557051158355E-002 -4.381498234048112E-002  1.322456729909602E-002  3.258269920635560E-001
   1024   1038 -5.533189388590473E-002 -5.283130571480230E-002  2.224089067341720E-002  5.711736284081000E-001
   1024   1039 -5.601295402325893E-002 -5.351236585215649E-002  2.292195081077139E-002  5.897062172373894E-001
   1024   1040 -5.614812895339963E-002 -5.364754078229719E-002  2.305712574091209E-002  5.933845141496967E-001
   1024   1041 -5.624006880104934E-002 -5.373948062994691E-002  2.314906558856181E-002  5.958863246361230E-001
   1024   1042 -5.630448281152586E-002 -5.380389464042343E-002  2.321347959903833E-002  5.976391190011616E-001
   1024   1043 -5.715511591174086E-002 -5.465452774063842E-002  2.406411269925332E-002  6.207860228151336E-001
   1024   1044 -5.717569365120653E-002 -5.467510548010410E-002  2.408469043871900E-002  6.213459715827052E-001
   1024   1045 -5.771144612001802E-002 -5.521085794891559E-002  2.462044290753049E-002  6.359245376654774E-001
   1024   1046 -5.778409522699332E-002 -5.528350705589088E-002  2.469309201450579E-002  6.379014204024684E-001
   1024   1047 -5.830769522818677E-002 -5.580710705708433E-002  2.521669201569923E-002  6.521493010240398E-001
   1024   1048 -5.838678365695535E-002 -5.588619548585291E-002  2.529578044446781E-002  6.543014066181460E-001
   1024   1049 -5.848260369004923E-002 -5.598201551894680E-002  2.539160047756170E-002  6.569088023201415E-001
   1024   1050 -5.859239970601002E-002 -5.609181153490758E-002  2.550139649352248E-002  6.598965038567491E-001
   1024   1051 -5.949132573591295E-002 -5.699073756481052E-002  2.640032252342542E-002  6.843575251181837E-001
   1024   1052 -5.957605291851656E-002 -5.707546474741412E-002  2.648504970602902E-002  6.866630690073867E-001
   1024   1053 -5.978766423129386E-002 -5.728707606019143E-002  2.669666101880633E-002  6.924213056684885E-001
   1024   1054 -5.988405529272342E-002 -5.738346712162098E-002  2.679305208023589E-002  6.950442398417210E-001
   1024   1055 -6.047938247331405E-002 -5.797879430221162E-002  2.738837926082652E-002  7.112439162750642E-001
   1024   1056 -6.059170034164427E-002 -5.809111217054183E-002  2.750069712915673E-002  7.143002409045346E-001
   1024   1057 -6.069638771757832E-002 -5.819579954647588E-002  2.760538450509079E-002  7.171489292763723E-001
   1024   1058 -6.079722721681516E-002 -5.829663904571272E-002  2.770622400432762E-002  7.198929115983561E-001
   1024   1059 -6.102932854477502E-002 -5.852874037367259E-002  2.793832533228749E-002  7.262087099278878E-001
   1024   1060 -6.110339079711477E-002 -5.860280262601233E-002  2.801238758462724E-002  7.282240463058407E-001
   1024   1061 -6.166587173632435E-002 -5.916528356522191E-002  2.857486852383681E-002  7.435299310566058E-001
   1024   1062 -6.187934235751544E-002 -5.937875418641300E-002  2.878833914502790E-002  7.493387620726693E-001
   1024   1063 -6.329810392950183E-002 -6.079751575839940E-002  3.020710071701430E-002  7.879452278138080E-001
   1024   1064 -6.609072311689243E-002 -6.359013494578999E-002  3.299971990440489E-002  8.639362604966949E-001
   1024   1065 -6.615653053994366E-002 -6.365594236884123E-002  3.306552732745613E-002  8.657269715461795E-001
   1024   1066 -6.627634584483175E-002 -6.377575767372931E-002  3.318534263234421E-002  8.689873117997921E-001
   1024   1067 -6.630476786018527E-002 -6.380417968908283E-002  3.321376464769774E-002  8.697607141696515E-001
   1024   1068 -6.663015625660587E-002 -6.412956808550344E-002  3.353915304411834E-002  8.786149827282423E-001
   1024   1069 -6.664763336211713E-002 -6.414704519101469E-002  3.355663014962959E-002  8.790905589550708E-001
   1024   1070 -6.672102621482437E-002 -6.422043804372193E-002  3.363002300233683E-002  8.810876800426681E-001
   1024   1071 -6.674760012065303E-002 -6.424701194955060E-002  3.365659690816550E-002  8.818107927948313E-001
   1024   1072 -6.698110131229326E-002 -6.448051314119083E-002  3.389009809980573E-002  8.881646833523210E-001
   1024   1073 -6.700549494173522E-002 -6.450490677063278E-002  3.391449172924768E-002  8.888284677668047E-001
   1024   1074 -6.706654646924023E-002 -6.456595829813780E-002  3.397554325675270E-002  8.904897643169830E-001
   1024   1075 -6.708754734418673E-002 -6.458695917308430E-002  3.399654413169920E-002  8.910612271865480E-001
   1024   1076 -6.764767204949726E-002 -6.514708387839482E-002  3.455666883700972E-002  9.063029955522222E-001
   1024   1077 -6.795371446540496E-002 -6.545312629430253E-002  3.486271125291743E-002  9.146308332089285E-001
   1024   1078 -6.822015277326673E-002 -6.571956460216430E-002  3.512914956077920E-002  9.218809882791640E-001
   1024   1079 -6.824724957758346E-002 -6.574666140648103E-002  3.515624636509593E-002  9.226183298228058E-001
   1024   1080 -7.104577623697053E-002 -6.854518806586810E-002  3.795477302448300E-002  9.987701129938308E-001
   1024   1081 -7.108477741583777E-002 -6.858418924473533E-002  3.799377420335023E-002  9.998313890429797E-001
   1024   1082 -7.109004657183662E-002 -6.858945840073419E-002  3.799904335934909E-002  9.999747700694828E-001
   1024   1083 -7.151009137131123E-002 -6.900950320020879E-002  3.841908815882369E-002  1.011404770346383E+000
   1024   1084 -7.337027233752516E-002 -7.086968416642273E-002  4.027926912503763E-002  1.062022868667096E+000
   1024   1085 -7.348806434070784E-002 -7.098747616960541E-002  4.039706112822031E-002  1.065228152081338E+000
   1024   1086 -7.355973516295497E-002 -7.105914699185253E-002  4.046873195046743E-002  1.067178414337067E+000
   1024   1087 -7.375074650844407E-002 -7.125015833734163E-002  4.065974329595654E-002  1.072376097380786E+000
   1024   1088 -7.379890753850302E-002 -7.129831936740058E-002  4.070790432601548E-002  1.073686625656813E+000
