# Total number of <f|i> elements, Initial States (bandI, bandF), Final States (bandI, bandF) Format : '(5i10)'
        64      1025      1088      1024      1024
# Total-energy difference (Hartree). Format: '(ES24.15E3)'
# With relaxation (for delta function)
 -3.429465810059185E-002
# Electronic only without relaxation (for zeroth-order matrix element)
 -3.184106018569821E-002
# Final Band, Initial Band, Delta Function (Hartree), Zeroth-order (Hartree), First-order (Hartree), Plotting (eV) Format : '(2i10,4ES24.15E3)'
   1024   1025 -4.043312249075934E-002 -3.797952457586570E-002  3.163525856356328E-002  1.033475422054185E+000
   1024   1026 -4.046535954214214E-002 -3.801176162724851E-002  3.166749561494608E-002  1.034352636833877E+000
   1024   1027 -4.046823944919803E-002 -3.801464153430439E-002  3.167037552200197E-002  1.034431003090256E+000
   1024   1028 -4.146433040253755E-002 -3.901073248764392E-002  3.266646647534149E-002  1.061536016381051E+000
   1024   1029 -4.178120663333004E-002 -3.932760871843641E-002  3.298334270613398E-002  1.070158657133256E+000
   1024   1030 -4.186786936661685E-002 -3.941427145172322E-002  3.307000543942079E-002  1.072516870035080E+000
   1024   1031 -4.724681829756763E-002 -4.479322038267400E-002  3.844895437037157E-002  1.218885514158518E+000
   1024   1032 -4.748433889794393E-002 -4.503074098305029E-002  3.868647497074787E-002  1.225348778390015E+000
   1024   1033 -4.752008774656374E-002 -4.506648983167011E-002  3.872222381936768E-002  1.226321554032362E+000
   1024   1034 -4.861383311083603E-002 -4.616023519594240E-002  3.981596918363997E-002  1.256083878984671E+000
   1024   1035 -4.862309288274183E-002 -4.616949496784820E-002  3.982522895554577E-002  1.256335850192456E+000
   1024   1036 -4.868438875830625E-002 -4.623079084341261E-002  3.988652483111019E-002  1.258003795791474E+000
   1024   1037 -4.888039982549883E-002 -4.642680191060519E-002  4.008253589830277E-002  1.263337528181659E+000
   1024   1038 -4.910463124414105E-002 -4.665103332924742E-002  4.030676731694499E-002  1.269439175387805E+000
   1024   1039 -4.912689279245694E-002 -4.667329487756330E-002  4.032902886526088E-002  1.270044942924347E+000
   1024   1040 -4.937065665240775E-002 -4.691705873751412E-002  4.057279272521169E-002  1.276678094888664E+000
   1024   1041 -4.945699884682364E-002 -4.700340093193001E-002  4.065913491962758E-002  1.279027585484229E+000
   1024   1042 -4.960251883372624E-002 -4.714892091883260E-002  4.080465490653018E-002  1.282987385707138E+000
   1024   1043 -5.086542623875193E-002 -4.841182832385829E-002  4.206756231155587E-002  1.317352843884928E+000
   1024   1044 -5.102426568070725E-002 -4.857066776581362E-002  4.222640175351119E-002  1.321675084912083E+000
   1024   1045 -5.106772389250325E-002 -4.861412597760961E-002  4.226985996530719E-002  1.322857642995133E+000
   1024   1046 -5.118654086413094E-002 -4.873294294923730E-002  4.238867693693488E-002  1.326090817219177E+000
   1024   1047 -5.120161125782474E-002 -4.874801334293111E-002  4.240374733062868E-002  1.326500903486900E+000
   1024   1048 -5.132434784785575E-002 -4.887074993296212E-002  4.252648392065969E-002  1.329840735951901E+000
   1024   1049 -5.183974254804224E-002 -4.938614463314861E-002  4.304187862084619E-002  1.343865338978086E+000
   1024   1050 -5.202197270412934E-002 -4.956837478923570E-002  4.322410877693328E-002  1.348824073706239E+000
   1024   1051 -5.220411358322893E-002 -4.975051566833530E-002  4.340624965603287E-002  1.353780379084016E+000
   1024   1052 -5.593437859655975E-002 -5.348078068166612E-002  4.713651466936369E-002  1.455286052261289E+000
   1024   1053 -5.612378578438965E-002 -5.367018786949601E-002  4.732592185719359E-002  1.460440083955171E+000
   1024   1054 -5.619746631530692E-002 -5.374386840041329E-002  4.739960238811086E-002  1.462445033164970E+000
   1024   1055 -6.071258737330454E-002 -5.825898945841090E-002  5.191472344610848E-002  1.585307725448513E+000
   1024   1056 -6.096319993726362E-002 -5.850960202236999E-002  5.216533601006756E-002  1.592127240126542E+000
   1024   1057 -6.100127513773274E-002 -5.854767722283910E-002  5.220341121053668E-002  1.593163319022054E+000
   1024   1058 -6.128055808254596E-002 -5.882696016765232E-002  5.248269415534990E-002  1.600762994438917E+000
   1024   1059 -6.136538629814925E-002 -5.891178838325561E-002  5.256752237095319E-002  1.603071287575857E+000
   1024   1060 -6.141704504433526E-002 -5.896344712944163E-002  5.261918111713920E-002  1.604476993548051E+000
   1024   1061 -6.165710654307943E-002 -5.920350862818580E-002  5.285924261588337E-002  1.611009399140386E+000
   1024   1062 -6.199103891201546E-002 -5.953744099712183E-002  5.319317498481940E-002  1.620096161014783E+000
   1024   1063 -6.215789669822935E-002 -5.970429878333572E-002  5.336003277103329E-002  1.624636592285479E+000
   1024   1064 -6.395667575878905E-002 -6.150307784389542E-002  5.515881183159299E-002  1.673583859781699E+000
   1024   1065 -6.412182188966353E-002 -6.166822397476990E-002  5.532395796246747E-002  1.678077714541919E+000
   1024   1066 -6.412949667022794E-002 -6.167589875533430E-002  5.533163274303188E-002  1.678286555941898E+000
   1024   1067 -6.662978248295126E-002 -6.417618456805763E-002  5.783191855575520E-002  1.746322792951624E+000
   1024   1068 -6.822449581333084E-002 -6.577089789843721E-002  5.942663188613478E-002  1.789717149531242E+000
   1024   1069 -6.850914962925675E-002 -6.605555171436311E-002  5.971128570206069E-002  1.797462973783616E+000
   1024   1070 -6.852369138851583E-002 -6.607009347362219E-002  5.972582746131977E-002  1.797858675176814E+000
   1024   1071 -6.880277887979291E-002 -6.634918096489928E-002  6.000491495259686E-002  1.805453032032480E+000
   1024   1072 -6.888590658602523E-002 -6.643230867113159E-002  6.008804265882917E-002  1.807715051956168E+000
   1024   1073 -6.895517492695746E-002 -6.650157701206383E-002  6.015731099976140E-002  1.809599939370621E+000
   1024   1074 -6.927542504732637E-002 -6.682182713243273E-002  6.047756112013031E-002  1.818314388327190E+000
   1024   1075 -6.928565833694372E-002 -6.683206042205009E-002  6.048779440974766E-002  1.818592850299118E+000
   1024   1076 -6.945214511127773E-002 -6.699854719638410E-002  6.065428118408167E-002  1.823123185823134E+000
   1024   1077 -7.009765552323166E-002 -6.764405760833803E-002  6.129979159603560E-002  1.840688417428439E+000
   1024   1078 -7.023671416306165E-002 -6.778311624816802E-002  6.143885023586559E-002  1.844472395455903E+000
   1024   1079 -7.028583944240385E-002 -6.783224152751022E-002  6.148797551520779E-002  1.845809162289313E+000
   1024   1080 -7.261537968260356E-002 -7.016178176770993E-002  6.381751575540751E-002  1.909199175982704E+000
   1024   1081 -7.290122555509931E-002 -7.044762764020568E-002  6.410336162790325E-002  1.916977437743983E+000
   1024   1082 -7.301290224321472E-002 -7.055930432832108E-002  6.421503831601866E-002  1.920016314972504E+000
   1024   1083 -7.302638901153574E-002 -7.057279109664211E-002  6.422852508433968E-002  1.920383308602319E+000
   1024   1084 -7.356332445566083E-002 -7.110972654076719E-002  6.476546052846477E-002  1.934994065080446E+000
   1024   1085 -7.368591301609206E-002 -7.123231510119843E-002  6.488804908889600E-002  1.938329869455185E+000
   1024   1086 -7.374568690541666E-002 -7.129208899052303E-002  6.494782297822060E-002  1.939956399702402E+000
   1024   1087 -7.403801277504635E-002 -7.158441486015271E-002  6.524014884785029E-002  1.947910991153104E+000
   1024   1088 -7.409908763876522E-002 -7.164548972387158E-002  6.530122371156916E-002  1.949572922713955E+000
